Unnamed: 0,activity_comment,activity_id,assay_chembl_id,assay_description,assay_type,bao_endpoint,bao_format,bao_label,canonical_smiles_x,document_chembl_id,document_journal,document_year,molecule_chembl_id_x,molecule_pref_name,parent_molecule_chembl_id,potential_duplicate,qudt_units,record_id,relation,src_id,standard_flag,standard_relation,standard_type,standard_units,standard_value,target_chembl_id,target_organism,target_pref_name,target_tax_id,toid,type,units,uo_units,value,molecule_chembl_id_y,canonical_smiles_y,MaxAbsEStateIndex,MaxEStateIndex,MinAbsEStateIndex,MinEStateIndex,qed,SPS,MolWt,HeavyAtomMolWt,ExactMolWt,NumValenceElectrons,NumRadicalElectrons,MaxPartialCharge,MinPartialCharge,MaxAbsPartialCharge,MinAbsPartialCharge,FpDensityMorgan1,FpDensityMorgan2,FpDensityMorgan3,BCUT2D_MWHI,BCUT2D_MWLOW,BCUT2D_CHGHI,BCUT2D_CHGLO,BCUT2D_LOGPHI,BCUT2D_LOGPLOW,BCUT2D_MRHI,BCUT2D_MRLOW,AvgIpc,BalabanJ,BertzCT,Chi0,Chi0n,Chi0v,Chi1,Chi1n,Chi1v,Chi2n,Chi2v,Chi3n,Chi3v,Chi4n,Chi4v,HallKierAlpha,Ipc,Kappa1,Kappa2,Kappa3,LabuteASA,PEOE_VSA1,PEOE_VSA10,PEOE_VSA11,PEOE_VSA12,PEOE_VSA13,PEOE_VSA14,PEOE_VSA2,PEOE_VSA3,PEOE_VSA4,PEOE_VSA5,PEOE_VSA6,PEOE_VSA7,PEOE_VSA8,PEOE_VSA9,SMR_VSA1,SMR_VSA10,SMR_VSA2,SMR_VSA3,SMR_VSA4,SMR_VSA5,SMR_VSA6,SMR_VSA7,SMR_VSA8,SMR_VSA9,SlogP_VSA1,SlogP_VSA10,SlogP_VSA11,SlogP_VSA12,SlogP_VSA2,SlogP_VSA3,SlogP_VSA4,SlogP_VSA5,SlogP_VSA6,SlogP_VSA7,SlogP_VSA8,SlogP_VSA9,TPSA,EState_VSA1,EState_VSA10,EState_VSA11,EState_VSA2,EState_VSA3,EState_VSA4,EState_VSA5,EState_VSA6,EState_VSA7,EState_VSA8,EState_VSA9,VSA_EState1,VSA_EState10,VSA_EState2,VSA_EState3,VSA_EState4,VSA_EState5,VSA_EState6,VSA_EState7,VSA_EState8,VSA_EState9,FractionCSP3,HeavyAtomCount,NHOHCount,NOCount,NumAliphaticCarbocycles,NumAliphaticHeterocycles,NumAliphaticRings,NumAromaticCarbocycles,NumAromaticHeterocycles,NumAromaticRings,NumHAcceptors,NumHDonors,NumHeteroatoms,NumRotatableBonds,NumSaturatedCarbocycles,NumSaturatedHeterocycles,NumSaturatedRings,RingCount,MolLogP,MolMR,fr_Al_COO,fr_Al_OH,fr_Al_OH_noTert,fr_ArN,fr_Ar_COO,fr_Ar_N,fr_Ar_NH,fr_Ar_OH,fr_COO,fr_COO2,fr_C_O,fr_C_O_noCOO,fr_C_S,fr_HOCCN,fr_Imine,fr_NH0,fr_NH1,fr_NH2,fr_N_O,fr_Ndealkylation1,fr_Ndealkylation2,fr_Nhpyrrole,fr_SH,fr_aldehyde,fr_alkyl_carbamate,fr_alkyl_halide,fr_allylic_oxid,fr_amide,fr_amidine,fr_aniline,fr_aryl_methyl,fr_azide,fr_azo,fr_barbitur,fr_benzene,fr_benzodiazepine,fr_bicyclic,fr_diazo,fr_dihydropyridine,fr_epoxide,fr_ester,fr_ether,fr_furan,fr_guanido,fr_halogen,fr_hdrzine,fr_hdrzone,fr_imidazole,fr_imide,fr_isocyan,fr_isothiocyan,fr_ketone,fr_ketone_Topliss,fr_lactam,fr_lactone,fr_methoxy,fr_morpholine,fr_nitrile,fr_nitro,fr_nitro_arom,fr_nitro_arom_nonortho,fr_nitroso,fr_oxazole,fr_oxime,fr_para_hydroxylation,fr_phenol,fr_phenol_noOrthoHbond,fr_phos_acid,fr_phos_ester,fr_piperdine,fr_piperzine,fr_priamide,fr_prisulfonamd,fr_pyridine,fr_quatN,fr_sulfide,fr_sulfonamd,fr_sulfone,fr_term_acetylene,fr_tetrazole,fr_thiazole,fr_thiocyan,fr_thiophene,fr_unbrch_alkane,fr_urea,IdList,name,Superkingdom
116262,,5296162,CHEMBL1691756,Antimicrobial activity against Escherichia coli DH10B harboring recombinant Aeromonas allosaccharophila AL-1 beta-lactamase PER2 by agar dilution method,F,BAO_0002146,BAO_0000218,organism-based format,C[C@H]1[C@H](NC(=O)/C(=N\OC(C)(C)C(=O)O)c2csc(N)n2)C(=O)N1S(=O)(=O)O,CHEMBL1687755,Antimicrob Agents Chemother,2010.0,CHEMBL158,AZTREONAM,CHEMBL158,0,http://www.openphacts.org/units/MicrogramPerMilliliter,1337763,>,1,1,>,MIC,ug.mL-1,256.0,CHEMBL354,Escherichia coli,Escherichia coli,562.0,,MIC,ug ml-1,UO_0000274,256.0,CHEMBL158,C[C@H]1[C@H](NC(=O)/C(=N\OC(C)(C)C(=O)O)c2csc(N)n2)C(=O)N1S(=O)(=O)O,12.562141912320484,12.562141912320484,0.0349535856009066,-4.756268639419342,0.174788224513646,20.5,435.44000000000017,418.30400000000014,435.051854504,154,0,0.3620751467724121,-0.4782270320177159,0.4782270320177159,0.3620751467724121,1.4642857142857142,2.071428571428572,2.5,32.24529764273617,10.00401161573638,2.513331128805475,-2.416338874010568,2.230948535260857,-2.707807208919476,7.836563836647012,-0.1608446168429468,2.971847309732629,2.2592762983237704,953.8851353067348,21.43879310982592,14.8114553779692,16.444448539824652,12.752743308167698,7.578995896792942,9.855612118054724,6.221230582074894,8.399971119282888,3.730567932227123,5.414072402778615,2.1128455580549623,3.54351374163482,-2.78,690205.5939907836,21.519292322605008,7.325918985638601,4.204134383579708,162.59031069995737,20.994572059745856,11.735768823996422,10.843243482610037,5.601050810983688,11.814359458703011,16.27347016397548,14.141824241834009,14.083731696315263,8.417796984328938,11.336785877934735,5.15571272675054,20.771211599071872,5.380062770465915,6.041840829147961,37.29827438881211,50.26785898322327,0.0,14.605983116249774,5.15571272675054,38.455944068351485,5.733667477162185,11.073990765314376,0.0,0.0,11.050456081168516,5.131558479839333,0.0,11.336785877934735,68.54635098380861,29.525365011975733,0.0,26.46513959392033,10.535775497216456,0.0,0.0,0.0,201.58,51.4842470947288,22.801408536544404,0.0,15.130702465984026,0.0,11.336785877934735,26.151274369537788,0.0,0.0,15.456479851704078,20.23053332942989,31.44978820569469,0.9796905422586336,44.39737831563419,16.334751159546904,3.256457088644816,-3.375611656986792,-2.3123389733980013,0.0,3.692820624691566,-4.756268639419342,0.4615384615384615,28,5,13,0,1,1,0,1,1,10,4,15,7,0,1,1,2,-1.172499999999998,95.65050000000004,1,0,0,1,0,1,0,0,1,1,3,2,0,0,0,3,1,1,0,0,0,0,0,0,0,0,0,2,0,1,0,0,0,0,0,0,0,0,0,0,0,0,0,0,0,0,0,0,0,0,0,0,0,1,0,0,0,0,0,0,0,0,0,1,0,0,0,0,0,0,0,0,0,0,0,0,0,0,0,0,1,0,0,0,0,562.0,Escherichia coli,Bacteria
116262,,5296162,CHEMBL1691756,Antimicrobial activity against Escherichia coli DH10B harboring recombinant Aeromonas allosaccharophila AL-1 beta-lactamase PER2 by agar dilution method,F,BAO_0002146,BAO_0000218,organism-based format,C[C@H]1[C@H](NC(=O)/C(=N\OC(C)(C)C(=O)O)c2csc(N)n2)C(=O)N1S(=O)(=O)O,CHEMBL1687755,Antimicrob Agents Chemother,2010.0,CHEMBL158,AZTREONAM,CHEMBL158,0,http://www.openphacts.org/units/MicrogramPerMilliliter,1337763,>,1,1,>,MIC,ug.mL-1,256.0,CHEMBL354,Escherichia coli,Escherichia coli,562.0,,MIC,ug ml-1,UO_0000274,256.0,CHEMBL158,C[C@H]1[C@H](NC(=O)/C(=N\OC(C)(C)C(=O)O)c2csc(N)n2)C(=O)N1S(=O)(=O)O,12.562141912320484,12.562141912320484,0.0349535856009066,-4.756268639419342,0.174788224513646,20.5,435.44000000000017,418.30400000000014,435.051854504,154,0,0.3620751467724121,-0.4782270320177159,0.4782270320177159,0.3620751467724121,1.4642857142857142,2.071428571428572,2.5,32.24529764273617,10.00401161573638,2.513331128805475,-2.416338874010568,2.230948535260857,-2.707807208919476,7.836563836647012,-0.1608446168429468,2.971847309732629,2.2592762983237704,953.8851353067348,21.43879310982592,14.8114553779692,16.444448539824652,12.752743308167698,7.578995896792942,9.855612118054724,6.221230582074894,8.399971119282888,3.730567932227123,5.414072402778615,2.1128455580549623,3.54351374163482,-2.78,690205.5939907836,21.519292322605008,7.325918985638601,4.204134383579708,162.59031069995737,20.994572059745856,11.735768823996422,10.843243482610037,5.601050810983688,11.814359458703011,16.27347016397548,14.141824241834009,14.083731696315263,8.417796984328938,11.336785877934735,5.15571272675054,20.771211599071872,5.380062770465915,6.041840829147961,37.29827438881211,50.26785898322327,0.0,14.605983116249774,5.15571272675054,38.455944068351485,5.733667477162185,11.073990765314376,0.0,0.0,11.050456081168516,5.131558479839333,0.0,11.336785877934735,68.54635098380861,29.525365011975733,0.0,26.46513959392033,10.535775497216456,0.0,0.0,0.0,201.58,51.4842470947288,22.801408536544404,0.0,15.130702465984026,0.0,11.336785877934735,26.151274369537788,0.0,0.0,15.456479851704078,20.23053332942989,31.44978820569469,0.9796905422586336,44.39737831563419,16.334751159546904,3.256457088644816,-3.375611656986792,-2.3123389733980013,0.0,3.692820624691566,-4.756268639419342,0.4615384615384615,28,5,13,0,1,1,0,1,1,10,4,15,7,0,1,1,2,-1.172499999999998,95.65050000000004,1,0,0,1,0,1,0,0,1,1,3,2,0,0,0,3,1,1,0,0,0,0,0,0,0,0,0,2,0,1,0,0,0,0,0,0,0,0,0,0,0,0,0,0,0,0,0,0,0,0,0,0,0,1,0,0,0,0,0,0,0,0,0,1,0,0,0,0,0,0,0,0,0,0,0,0,0,0,0,0,1,0,0,0,0,562.0,Escherichia coli,Bacteria
116262,,5296162,CHEMBL1691756,Antimicrobial activity against Escherichia coli DH10B harboring recombinant Aeromonas allosaccharophila AL-1 beta-lactamase PER2 by agar dilution method,F,BAO_0002146,BAO_0000218,organism-based format,C[C@H]1[C@H](NC(=O)/C(=N\OC(C)(C)C(=O)O)c2csc(N)n2)C(=O)N1S(=O)(=O)O,CHEMBL1687755,Antimicrob Agents Chemother,2010.0,CHEMBL158,AZTREONAM,CHEMBL158,0,http://www.openphacts.org/units/MicrogramPerMilliliter,1337763,>,1,1,>,MIC,ug.mL-1,256.0,CHEMBL354,Escherichia coli,Escherichia coli,562.0,,MIC,ug ml-1,UO_0000274,256.0,CHEMBL158,C[C@H]1[C@H](NC(=O)/C(=N\OC(C)(C)C(=O)O)c2csc(N)n2)C(=O)N1S(=O)(=O)O,12.562141912320484,12.562141912320484,0.0349535856009066,-4.756268639419342,0.174788224513646,20.5,435.44000000000017,418.30400000000014,435.051854504,154,0,0.3620751467724121,-0.4782270320177159,0.4782270320177159,0.3620751467724121,1.4642857142857142,2.071428571428572,2.5,32.24529764273617,10.00401161573638,2.513331128805475,-2.416338874010568,2.230948535260857,-2.707807208919476,7.836563836647012,-0.1608446168429468,2.971847309732629,2.2592762983237704,953.8851353067348,21.43879310982592,14.8114553779692,16.444448539824652,12.752743308167698,7.578995896792942,9.855612118054724,6.221230582074894,8.399971119282888,3.730567932227123,5.414072402778615,2.1128455580549623,3.54351374163482,-2.78,690205.5939907836,21.519292322605008,7.325918985638601,4.204134383579708,162.59031069995737,20.994572059745856,11.735768823996422,10.843243482610037,5.601050810983688,11.814359458703011,16.27347016397548,14.141824241834009,14.083731696315263,8.417796984328938,11.336785877934735,5.15571272675054,20.771211599071872,5.380062770465915,6.041840829147961,37.29827438881211,50.26785898322327,0.0,14.605983116249774,5.15571272675054,38.455944068351485,5.733667477162185,11.073990765314376,0.0,0.0,11.050456081168516,5.131558479839333,0.0,11.336785877934735,68.54635098380861,29.525365011975733,0.0,26.46513959392033,10.535775497216456,0.0,0.0,0.0,201.58,51.4842470947288,22.801408536544404,0.0,15.130702465984026,0.0,11.336785877934735,26.151274369537788,0.0,0.0,15.456479851704078,20.23053332942989,31.44978820569469,0.9796905422586336,44.39737831563419,16.334751159546904,3.256457088644816,-3.375611656986792,-2.3123389733980013,0.0,3.692820624691566,-4.756268639419342,0.4615384615384615,28,5,13,0,1,1,0,1,1,10,4,15,7,0,1,1,2,-1.172499999999998,95.65050000000004,1,0,0,1,0,1,0,0,1,1,3,2,0,0,0,3,1,1,0,0,0,0,0,0,0,0,0,2,0,1,0,0,0,0,0,0,0,0,0,0,0,0,0,0,0,0,0,0,0,0,0,0,0,1,0,0,0,0,0,0,0,0,0,1,0,0,0,0,0,0,0,0,0,0,0,0,0,0,0,0,1,0,0,0,0,562.0,Escherichia coli,Bacteria
116263,,5296460,CHEMBL1692056,Antimicrobial activity against beta-lactamase AmpC producing meropenem-resistant Serratia marcescens by agar dilution method,F,BAO_0002146,BAO_0000218,organism-based format,C[C@H]1[C@H](NC(=O)/C(=N\OC(C)(C)C(=O)O)c2csc(N)n2)C(=O)N1S(=O)(=O)O,CHEMBL1687811,Antimicrob Agents Chemother,2010.0,CHEMBL158,AZTREONAM,CHEMBL158,0,http://www.openphacts.org/units/MicrogramPerMilliliter,1338236,=,1,1,=,MIC,ug.mL-1,8.0,CHEMBL614593,Serratia marcescens,Serratia marcescens,615.0,,MIC,ug ml-1,UO_0000274,8.0,CHEMBL158,C[C@H]1[C@H](NC(=O)/C(=N\OC(C)(C)C(=O)O)c2csc(N)n2)C(=O)N1S(=O)(=O)O,12.562141912320484,12.562141912320484,0.0349535856009066,-4.756268639419342,0.174788224513646,20.5,435.44000000000017,418.30400000000014,435.051854504,154,0,0.3620751467724121,-0.4782270320177159,0.4782270320177159,0.3620751467724121,1.4642857142857142,2.071428571428572,2.5,32.24529764273617,10.00401161573638,2.513331128805475,-2.416338874010568,2.230948535260857,-2.707807208919476,7.836563836647012,-0.1608446168429468,2.971847309732629,2.2592762983237704,953.8851353067348,21.43879310982592,14.8114553779692,16.444448539824652,12.752743308167698,7.578995896792942,9.855612118054724,6.221230582074894,8.399971119282888,3.730567932227123,5.414072402778615,2.1128455580549623,3.54351374163482,-2.78,690205.5939907836,21.519292322605008,7.325918985638601,4.204134383579708,162.59031069995737,20.994572059745856,11.735768823996422,10.843243482610037,5.601050810983688,11.814359458703011,16.27347016397548,14.141824241834009,14.083731696315263,8.417796984328938,11.336785877934735,5.15571272675054,20.771211599071872,5.380062770465915,6.041840829147961,37.29827438881211,50.26785898322327,0.0,14.605983116249774,5.15571272675054,38.455944068351485,5.733667477162185,11.073990765314376,0.0,0.0,11.050456081168516,5.131558479839333,0.0,11.336785877934735,68.54635098380861,29.525365011975733,0.0,26.46513959392033,10.535775497216456,0.0,0.0,0.0,201.58,51.4842470947288,22.801408536544404,0.0,15.130702465984026,0.0,11.336785877934735,26.151274369537788,0.0,0.0,15.456479851704078,20.23053332942989,31.44978820569469,0.9796905422586336,44.39737831563419,16.334751159546904,3.256457088644816,-3.375611656986792,-2.3123389733980013,0.0,3.692820624691566,-4.756268639419342,0.4615384615384615,28,5,13,0,1,1,0,1,1,10,4,15,7,0,1,1,2,-1.172499999999998,95.65050000000004,1,0,0,1,0,1,0,0,1,1,3,2,0,0,0,3,1,1,0,0,0,0,0,0,0,0,0,2,0,1,0,0,0,0,0,0,0,0,0,0,0,0,0,0,0,0,0,0,0,0,0,0,0,1,0,0,0,0,0,0,0,0,0,1,0,0,0,0,0,0,0,0,0,0,0,0,0,0,0,0,1,0,0,0,0,615.0,Serratia marcescens,Bacteria
116264,,5296469,CHEMBL1692057,Antimicrobial activity against azide-resistant Escherichia coli J53 by agar dilution method,F,BAO_0002146,BAO_0000218,organism-based format,C[C@H]1[C@H](NC(=O)/C(=N\OC(C)(C)C(=O)O)c2csc(N)n2)C(=O)N1S(=O)(=O)O,CHEMBL1687811,Antimicrob Agents Chemother,2010.0,CHEMBL158,AZTREONAM,CHEMBL158,0,http://www.openphacts.org/units/MicrogramPerMilliliter,1338236,=,1,1,=,MIC,ug.mL-1,0.12,CHEMBL354,Escherichia coli,Escherichia coli,562.0,,MIC,ug ml-1,UO_0000274,0.12,CHEMBL158,C[C@H]1[C@H](NC(=O)/C(=N\OC(C)(C)C(=O)O)c2csc(N)n2)C(=O)N1S(=O)(=O)O,12.562141912320484,12.562141912320484,0.0349535856009066,-4.756268639419342,0.174788224513646,20.5,435.44000000000017,418.30400000000014,435.051854504,154,0,0.3620751467724121,-0.4782270320177159,0.4782270320177159,0.3620751467724121,1.4642857142857142,2.071428571428572,2.5,32.24529764273617,10.00401161573638,2.513331128805475,-2.416338874010568,2.230948535260857,-2.707807208919476,7.836563836647012,-0.1608446168429468,2.971847309732629,2.2592762983237704,953.8851353067348,21.43879310982592,14.8114553779692,16.444448539824652,12.752743308167698,7.578995896792942,9.855612118054724,6.221230582074894,8.399971119282888,3.730567932227123,5.414072402778615,2.1128455580549623,3.54351374163482,-2.78,690205.5939907836,21.519292322605008,7.325918985638601,4.204134383579708,162.59031069995737,20.994572059745856,11.735768823996422,10.843243482610037,5.601050810983688,11.814359458703011,16.27347016397548,14.141824241834009,14.083731696315263,8.417796984328938,11.336785877934735,5.15571272675054,20.771211599071872,5.380062770465915,6.041840829147961,37.29827438881211,50.26785898322327,0.0,14.605983116249774,5.15571272675054,38.455944068351485,5.733667477162185,11.073990765314376,0.0,0.0,11.050456081168516,5.131558479839333,0.0,11.336785877934735,68.54635098380861,29.525365011975733,0.0,26.46513959392033,10.535775497216456,0.0,0.0,0.0,201.58,51.4842470947288,22.801408536544404,0.0,15.130702465984026,0.0,11.336785877934735,26.151274369537788,0.0,0.0,15.456479851704078,20.23053332942989,31.44978820569469,0.9796905422586336,44.39737831563419,16.334751159546904,3.256457088644816,-3.375611656986792,-2.3123389733980013,0.0,3.692820624691566,-4.756268639419342,0.4615384615384615,28,5,13,0,1,1,0,1,1,10,4,15,7,0,1,1,2,-1.172499999999998,95.65050000000004,1,0,0,1,0,1,0,0,1,1,3,2,0,0,0,3,1,1,0,0,0,0,0,0,0,0,0,2,0,1,0,0,0,0,0,0,0,0,0,0,0,0,0,0,0,0,0,0,0,0,0,0,0,1,0,0,0,0,0,0,0,0,0,1,0,0,0,0,0,0,0,0,0,0,0,0,0,0,0,0,1,0,0,0,0,562.0,Escherichia coli,Bacteria
116264,,5296469,CHEMBL1692057,Antimicrobial activity against azide-resistant Escherichia coli J53 by agar dilution method,F,BAO_0002146,BAO_0000218,organism-based format,C[C@H]1[C@H](NC(=O)/C(=N\OC(C)(C)C(=O)O)c2csc(N)n2)C(=O)N1S(=O)(=O)O,CHEMBL1687811,Antimicrob Agents Chemother,2010.0,CHEMBL158,AZTREONAM,CHEMBL158,0,http://www.openphacts.org/units/MicrogramPerMilliliter,1338236,=,1,1,=,MIC,ug.mL-1,0.12,CHEMBL354,Escherichia coli,Escherichia coli,562.0,,MIC,ug ml-1,UO_0000274,0.12,CHEMBL158,C[C@H]1[C@H](NC(=O)/C(=N\OC(C)(C)C(=O)O)c2csc(N)n2)C(=O)N1S(=O)(=O)O,12.562141912320484,12.562141912320484,0.0349535856009066,-4.756268639419342,0.174788224513646,20.5,435.44000000000017,418.30400000000014,435.051854504,154,0,0.3620751467724121,-0.4782270320177159,0.4782270320177159,0.3620751467724121,1.4642857142857142,2.071428571428572,2.5,32.24529764273617,10.00401161573638,2.513331128805475,-2.416338874010568,2.230948535260857,-2.707807208919476,7.836563836647012,-0.1608446168429468,2.971847309732629,2.2592762983237704,953.8851353067348,21.43879310982592,14.8114553779692,16.444448539824652,12.752743308167698,7.578995896792942,9.855612118054724,6.221230582074894,8.399971119282888,3.730567932227123,5.414072402778615,2.1128455580549623,3.54351374163482,-2.78,690205.5939907836,21.519292322605008,7.325918985638601,4.204134383579708,162.59031069995737,20.994572059745856,11.735768823996422,10.843243482610037,5.601050810983688,11.814359458703011,16.27347016397548,14.141824241834009,14.083731696315263,8.417796984328938,11.336785877934735,5.15571272675054,20.771211599071872,5.380062770465915,6.041840829147961,37.29827438881211,50.26785898322327,0.0,14.605983116249774,5.15571272675054,38.455944068351485,5.733667477162185,11.073990765314376,0.0,0.0,11.050456081168516,5.131558479839333,0.0,11.336785877934735,68.54635098380861,29.525365011975733,0.0,26.46513959392033,10.535775497216456,0.0,0.0,0.0,201.58,51.4842470947288,22.801408536544404,0.0,15.130702465984026,0.0,11.336785877934735,26.151274369537788,0.0,0.0,15.456479851704078,20.23053332942989,31.44978820569469,0.9796905422586336,44.39737831563419,16.334751159546904,3.256457088644816,-3.375611656986792,-2.3123389733980013,0.0,3.692820624691566,-4.756268639419342,0.4615384615384615,28,5,13,0,1,1,0,1,1,10,4,15,7,0,1,1,2,-1.172499999999998,95.65050000000004,1,0,0,1,0,1,0,0,1,1,3,2,0,0,0,3,1,1,0,0,0,0,0,0,0,0,0,2,0,1,0,0,0,0,0,0,0,0,0,0,0,0,0,0,0,0,0,0,0,0,0,0,0,1,0,0,0,0,0,0,0,0,0,1,0,0,0,0,0,0,0,0,0,0,0,0,0,0,0,0,1,0,0,0,0,562.0,Escherichia coli,Bacteria
116264,,5296469,CHEMBL1692057,Antimicrobial activity against azide-resistant Escherichia coli J53 by agar dilution method,F,BAO_0002146,BAO_0000218,organism-based format,C[C@H]1[C@H](NC(=O)/C(=N\OC(C)(C)C(=O)O)c2csc(N)n2)C(=O)N1S(=O)(=O)O,CHEMBL1687811,Antimicrob Agents Chemother,2010.0,CHEMBL158,AZTREONAM,CHEMBL158,0,http://www.openphacts.org/units/MicrogramPerMilliliter,1338236,=,1,1,=,MIC,ug.mL-1,0.12,CHEMBL354,Escherichia coli,Escherichia coli,562.0,,MIC,ug ml-1,UO_0000274,0.12,CHEMBL158,C[C@H]1[C@H](NC(=O)/C(=N\OC(C)(C)C(=O)O)c2csc(N)n2)C(=O)N1S(=O)(=O)O,12.562141912320484,12.562141912320484,0.0349535856009066,-4.756268639419342,0.174788224513646,20.5,435.44000000000017,418.30400000000014,435.051854504,154,0,0.3620751467724121,-0.4782270320177159,0.4782270320177159,0.3620751467724121,1.4642857142857142,2.071428571428572,2.5,32.24529764273617,10.00401161573638,2.513331128805475,-2.416338874010568,2.230948535260857,-2.707807208919476,7.836563836647012,-0.1608446168429468,2.971847309732629,2.2592762983237704,953.8851353067348,21.43879310982592,14.8114553779692,16.444448539824652,12.752743308167698,7.578995896792942,9.855612118054724,6.221230582074894,8.399971119282888,3.730567932227123,5.414072402778615,2.1128455580549623,3.54351374163482,-2.78,690205.5939907836,21.519292322605008,7.325918985638601,4.204134383579708,162.59031069995737,20.994572059745856,11.735768823996422,10.843243482610037,5.601050810983688,11.814359458703011,16.27347016397548,14.141824241834009,14.083731696315263,8.417796984328938,11.336785877934735,5.15571272675054,20.771211599071872,5.380062770465915,6.041840829147961,37.29827438881211,50.26785898322327,0.0,14.605983116249774,5.15571272675054,38.455944068351485,5.733667477162185,11.073990765314376,0.0,0.0,11.050456081168516,5.131558479839333,0.0,11.336785877934735,68.54635098380861,29.525365011975733,0.0,26.46513959392033,10.535775497216456,0.0,0.0,0.0,201.58,51.4842470947288,22.801408536544404,0.0,15.130702465984026,0.0,11.336785877934735,26.151274369537788,0.0,0.0,15.456479851704078,20.23053332942989,31.44978820569469,0.9796905422586336,44.39737831563419,16.334751159546904,3.256457088644816,-3.375611656986792,-2.3123389733980013,0.0,3.692820624691566,-4.756268639419342,0.4615384615384615,28,5,13,0,1,1,0,1,1,10,4,15,7,0,1,1,2,-1.172499999999998,95.65050000000004,1,0,0,1,0,1,0,0,1,1,3,2,0,0,0,3,1,1,0,0,0,0,0,0,0,0,0,2,0,1,0,0,0,0,0,0,0,0,0,0,0,0,0,0,0,0,0,0,0,0,0,0,0,1,0,0,0,0,0,0,0,0,0,1,0,0,0,0,0,0,0,0,0,0,0,0,0,0,0,0,1,0,0,0,0,562.0,Escherichia coli,Bacteria
116264,,5296469,CHEMBL1692057,Antimicrobial activity against azide-resistant Escherichia coli J53 by agar dilution method,F,BAO_0002146,BAO_0000218,organism-based format,C[C@H]1[C@H](NC(=O)/C(=N\OC(C)(C)C(=O)O)c2csc(N)n2)C(=O)N1S(=O)(=O)O,CHEMBL1687811,Antimicrob Agents Chemother,2010.0,CHEMBL158,AZTREONAM,CHEMBL158,0,http://www.openphacts.org/units/MicrogramPerMilliliter,1338236,=,1,1,=,MIC,ug.mL-1,0.12,CHEMBL354,Escherichia coli,Escherichia coli,562.0,,MIC,ug ml-1,UO_0000274,0.12,CHEMBL158,C[C@H]1[C@H](NC(=O)/C(=N\OC(C)(C)C(=O)O)c2csc(N)n2)C(=O)N1S(=O)(=O)O,12.562141912320484,12.562141912320484,0.0349535856009066,-4.756268639419342,0.174788224513646,20.5,435.44000000000017,418.30400000000014,435.051854504,154,0,0.3620751467724121,-0.4782270320177159,0.4782270320177159,0.3620751467724121,1.4642857142857142,2.071428571428572,2.5,32.24529764273617,10.00401161573638,2.513331128805475,-2.416338874010568,2.230948535260857,-2.707807208919476,7.836563836647012,-0.1608446168429468,2.971847309732629,2.2592762983237704,953.8851353067348,21.43879310982592,14.8114553779692,16.444448539824652,12.752743308167698,7.578995896792942,9.855612118054724,6.221230582074894,8.399971119282888,3.730567932227123,5.414072402778615,2.1128455580549623,3.54351374163482,-2.78,690205.5939907836,21.519292322605008,7.325918985638601,4.204134383579708,162.59031069995737,20.994572059745856,11.735768823996422,10.843243482610037,5.601050810983688,11.814359458703011,16.27347016397548,14.141824241834009,14.083731696315263,8.417796984328938,11.336785877934735,5.15571272675054,20.771211599071872,5.380062770465915,6.041840829147961,37.29827438881211,50.26785898322327,0.0,14.605983116249774,5.15571272675054,38.455944068351485,5.733667477162185,11.073990765314376,0.0,0.0,11.050456081168516,5.131558479839333,0.0,11.336785877934735,68.54635098380861,29.525365011975733,0.0,26.46513959392033,10.535775497216456,0.0,0.0,0.0,201.58,51.4842470947288,22.801408536544404,0.0,15.130702465984026,0.0,11.336785877934735,26.151274369537788,0.0,0.0,15.456479851704078,20.23053332942989,31.44978820569469,0.9796905422586336,44.39737831563419,16.334751159546904,3.256457088644816,-3.375611656986792,-2.3123389733980013,0.0,3.692820624691566,-4.756268639419342,0.4615384615384615,28,5,13,0,1,1,0,1,1,10,4,15,7,0,1,1,2,-1.172499999999998,95.65050000000004,1,0,0,1,0,1,0,0,1,1,3,2,0,0,0,3,1,1,0,0,0,0,0,0,0,0,0,2,0,1,0,0,0,0,0,0,0,0,0,0,0,0,0,0,0,0,0,0,0,0,0,0,0,1,0,0,0,0,0,0,0,0,0,1,0,0,0,0,0,0,0,0,0,0,0,0,0,0,0,0,1,0,0,0,0,562.0,Escherichia coli,Bacteria
116265,,5296478,CHEMBL1692058,Antimicrobial activity against Serratia marcescens ATCC 8100 by agar dilution method,F,BAO_0002146,BAO_0000218,organism-based format,C[C@H]1[C@H](NC(=O)/C(=N\OC(C)(C)C(=O)O)c2csc(N)n2)C(=O)N1S(=O)(=O)O,CHEMBL1687811,Antimicrob Agents Chemother,2010.0,CHEMBL158,AZTREONAM,CHEMBL158,0,http://www.openphacts.org/units/MicrogramPerMilliliter,1338236,=,1,1,=,MIC,ug.mL-1,64.0,CHEMBL614593,Serratia marcescens,Serratia marcescens,615.0,,MIC,ug ml-1,UO_0000274,64.0,CHEMBL158,C[C@H]1[C@H](NC(=O)/C(=N\OC(C)(C)C(=O)O)c2csc(N)n2)C(=O)N1S(=O)(=O)O,12.562141912320484,12.562141912320484,0.0349535856009066,-4.756268639419342,0.174788224513646,20.5,435.44000000000017,418.30400000000014,435.051854504,154,0,0.3620751467724121,-0.4782270320177159,0.4782270320177159,0.3620751467724121,1.4642857142857142,2.071428571428572,2.5,32.24529764273617,10.00401161573638,2.513331128805475,-2.416338874010568,2.230948535260857,-2.707807208919476,7.836563836647012,-0.1608446168429468,2.971847309732629,2.2592762983237704,953.8851353067348,21.43879310982592,14.8114553779692,16.444448539824652,12.752743308167698,7.578995896792942,9.855612118054724,6.221230582074894,8.399971119282888,3.730567932227123,5.414072402778615,2.1128455580549623,3.54351374163482,-2.78,690205.5939907836,21.519292322605008,7.325918985638601,4.204134383579708,162.59031069995737,20.994572059745856,11.735768823996422,10.843243482610037,5.601050810983688,11.814359458703011,16.27347016397548,14.141824241834009,14.083731696315263,8.417796984328938,11.336785877934735,5.15571272675054,20.771211599071872,5.380062770465915,6.041840829147961,37.29827438881211,50.26785898322327,0.0,14.605983116249774,5.15571272675054,38.455944068351485,5.733667477162185,11.073990765314376,0.0,0.0,11.050456081168516,5.131558479839333,0.0,11.336785877934735,68.54635098380861,29.525365011975733,0.0,26.46513959392033,10.535775497216456,0.0,0.0,0.0,201.58,51.4842470947288,22.801408536544404,0.0,15.130702465984026,0.0,11.336785877934735,26.151274369537788,0.0,0.0,15.456479851704078,20.23053332942989,31.44978820569469,0.9796905422586336,44.39737831563419,16.334751159546904,3.256457088644816,-3.375611656986792,-2.3123389733980013,0.0,3.692820624691566,-4.756268639419342,0.4615384615384615,28,5,13,0,1,1,0,1,1,10,4,15,7,0,1,1,2,-1.172499999999998,95.65050000000004,1,0,0,1,0,1,0,0,1,1,3,2,0,0,0,3,1,1,0,0,0,0,0,0,0,0,0,2,0,1,0,0,0,0,0,0,0,0,0,0,0,0,0,0,0,0,0,0,0,0,0,0,0,1,0,0,0,0,0,0,0,0,0,1,0,0,0,0,0,0,0,0,0,0,0,0,0,0,0,0,1,0,0,0,0,615.0,Serratia marcescens,Bacteria
116266,,5298464,CHEMBL1697380,Antimicrobial activity against Escherichia coli XL1-Blue harboring pLBII-VIM-2 plasmid expressing VIM-2 beta-lactamase by broth microdilution method,F,BAO_0002146,BAO_0000218,organism-based format,C[C@H]1[C@H](NC(=O)/C(=N\OC(C)(C)C(=O)O)c2csc(N)n2)C(=O)N1S(=O)(=O)O,CHEMBL1687761,Antimicrob Agents Chemother,2010.0,CHEMBL158,AZTREONAM,CHEMBL158,0,http://www.openphacts.org/units/MicrogramPerMilliliter,1337794,=,1,1,=,MIC,ug.mL-1,0.12,CHEMBL354,Escherichia coli,Escherichia coli,562.0,,MIC,ug ml-1,UO_0000274,0.12,CHEMBL158,C[C@H]1[C@H](NC(=O)/C(=N\OC(C)(C)C(=O)O)c2csc(N)n2)C(=O)N1S(=O)(=O)O,12.562141912320484,12.562141912320484,0.0349535856009066,-4.756268639419342,0.174788224513646,20.5,435.44000000000017,418.30400000000014,435.051854504,154,0,0.3620751467724121,-0.4782270320177159,0.4782270320177159,0.3620751467724121,1.4642857142857142,2.071428571428572,2.5,32.24529764273617,10.00401161573638,2.513331128805475,-2.416338874010568,2.230948535260857,-2.707807208919476,7.836563836647012,-0.1608446168429468,2.971847309732629,2.2592762983237704,953.8851353067348,21.43879310982592,14.8114553779692,16.444448539824652,12.752743308167698,7.578995896792942,9.855612118054724,6.221230582074894,8.399971119282888,3.730567932227123,5.414072402778615,2.1128455580549623,3.54351374163482,-2.78,690205.5939907836,21.519292322605008,7.325918985638601,4.204134383579708,162.59031069995737,20.994572059745856,11.735768823996422,10.843243482610037,5.601050810983688,11.814359458703011,16.27347016397548,14.141824241834009,14.083731696315263,8.417796984328938,11.336785877934735,5.15571272675054,20.771211599071872,5.380062770465915,6.041840829147961,37.29827438881211,50.26785898322327,0.0,14.605983116249774,5.15571272675054,38.455944068351485,5.733667477162185,11.073990765314376,0.0,0.0,11.050456081168516,5.131558479839333,0.0,11.336785877934735,68.54635098380861,29.525365011975733,0.0,26.46513959392033,10.535775497216456,0.0,0.0,0.0,201.58,51.4842470947288,22.801408536544404,0.0,15.130702465984026,0.0,11.336785877934735,26.151274369537788,0.0,0.0,15.456479851704078,20.23053332942989,31.44978820569469,0.9796905422586336,44.39737831563419,16.334751159546904,3.256457088644816,-3.375611656986792,-2.3123389733980013,0.0,3.692820624691566,-4.756268639419342,0.4615384615384615,28,5,13,0,1,1,0,1,1,10,4,15,7,0,1,1,2,-1.172499999999998,95.65050000000004,1,0,0,1,0,1,0,0,1,1,3,2,0,0,0,3,1,1,0,0,0,0,0,0,0,0,0,2,0,1,0,0,0,0,0,0,0,0,0,0,0,0,0,0,0,0,0,0,0,0,0,0,0,1,0,0,0,0,0,0,0,0,0,1,0,0,0,0,0,0,0,0,0,0,0,0,0,0,0,0,1,0,0,0,0,562.0,Escherichia coli,Bacteria
116266,,5298464,CHEMBL1697380,Antimicrobial activity against Escherichia coli XL1-Blue harboring pLBII-VIM-2 plasmid expressing VIM-2 beta-lactamase by broth microdilution method,F,BAO_0002146,BAO_0000218,organism-based format,C[C@H]1[C@H](NC(=O)/C(=N\OC(C)(C)C(=O)O)c2csc(N)n2)C(=O)N1S(=O)(=O)O,CHEMBL1687761,Antimicrob Agents Chemother,2010.0,CHEMBL158,AZTREONAM,CHEMBL158,0,http://www.openphacts.org/units/MicrogramPerMilliliter,1337794,=,1,1,=,MIC,ug.mL-1,0.12,CHEMBL354,Escherichia coli,Escherichia coli,562.0,,MIC,ug ml-1,UO_0000274,0.12,CHEMBL158,C[C@H]1[C@H](NC(=O)/C(=N\OC(C)(C)C(=O)O)c2csc(N)n2)C(=O)N1S(=O)(=O)O,12.562141912320484,12.562141912320484,0.0349535856009066,-4.756268639419342,0.174788224513646,20.5,435.44000000000017,418.30400000000014,435.051854504,154,0,0.3620751467724121,-0.4782270320177159,0.4782270320177159,0.3620751467724121,1.4642857142857142,2.071428571428572,2.5,32.24529764273617,10.00401161573638,2.513331128805475,-2.416338874010568,2.230948535260857,-2.707807208919476,7.836563836647012,-0.1608446168429468,2.971847309732629,2.2592762983237704,953.8851353067348,21.43879310982592,14.8114553779692,16.444448539824652,12.752743308167698,7.578995896792942,9.855612118054724,6.221230582074894,8.399971119282888,3.730567932227123,5.414072402778615,2.1128455580549623,3.54351374163482,-2.78,690205.5939907836,21.519292322605008,7.325918985638601,4.204134383579708,162.59031069995737,20.994572059745856,11.735768823996422,10.843243482610037,5.601050810983688,11.814359458703011,16.27347016397548,14.141824241834009,14.083731696315263,8.417796984328938,11.336785877934735,5.15571272675054,20.771211599071872,5.380062770465915,6.041840829147961,37.29827438881211,50.26785898322327,0.0,14.605983116249774,5.15571272675054,38.455944068351485,5.733667477162185,11.073990765314376,0.0,0.0,11.050456081168516,5.131558479839333,0.0,11.336785877934735,68.54635098380861,29.525365011975733,0.0,26.46513959392033,10.535775497216456,0.0,0.0,0.0,201.58,51.4842470947288,22.801408536544404,0.0,15.130702465984026,0.0,11.336785877934735,26.151274369537788,0.0,0.0,15.456479851704078,20.23053332942989,31.44978820569469,0.9796905422586336,44.39737831563419,16.334751159546904,3.256457088644816,-3.375611656986792,-2.3123389733980013,0.0,3.692820624691566,-4.756268639419342,0.4615384615384615,28,5,13,0,1,1,0,1,1,10,4,15,7,0,1,1,2,-1.172499999999998,95.65050000000004,1,0,0,1,0,1,0,0,1,1,3,2,0,0,0,3,1,1,0,0,0,0,0,0,0,0,0,2,0,1,0,0,0,0,0,0,0,0,0,0,0,0,0,0,0,0,0,0,0,0,0,0,0,1,0,0,0,0,0,0,0,0,0,1,0,0,0,0,0,0,0,0,0,0,0,0,0,0,0,0,1,0,0,0,0,562.0,Escherichia coli,Bacteria
116266,,5298464,CHEMBL1697380,Antimicrobial activity against Escherichia coli XL1-Blue harboring pLBII-VIM-2 plasmid expressing VIM-2 beta-lactamase by broth microdilution method,F,BAO_0002146,BAO_0000218,organism-based format,C[C@H]1[C@H](NC(=O)/C(=N\OC(C)(C)C(=O)O)c2csc(N)n2)C(=O)N1S(=O)(=O)O,CHEMBL1687761,Antimicrob Agents Chemother,2010.0,CHEMBL158,AZTREONAM,CHEMBL158,0,http://www.openphacts.org/units/MicrogramPerMilliliter,1337794,=,1,1,=,MIC,ug.mL-1,0.12,CHEMBL354,Escherichia coli,Escherichia coli,562.0,,MIC,ug ml-1,UO_0000274,0.12,CHEMBL158,C[C@H]1[C@H](NC(=O)/C(=N\OC(C)(C)C(=O)O)c2csc(N)n2)C(=O)N1S(=O)(=O)O,12.562141912320484,12.562141912320484,0.0349535856009066,-4.756268639419342,0.174788224513646,20.5,435.44000000000017,418.30400000000014,435.051854504,154,0,0.3620751467724121,-0.4782270320177159,0.4782270320177159,0.3620751467724121,1.4642857142857142,2.071428571428572,2.5,32.24529764273617,10.00401161573638,2.513331128805475,-2.416338874010568,2.230948535260857,-2.707807208919476,7.836563836647012,-0.1608446168429468,2.971847309732629,2.2592762983237704,953.8851353067348,21.43879310982592,14.8114553779692,16.444448539824652,12.752743308167698,7.578995896792942,9.855612118054724,6.221230582074894,8.399971119282888,3.730567932227123,5.414072402778615,2.1128455580549623,3.54351374163482,-2.78,690205.5939907836,21.519292322605008,7.325918985638601,4.204134383579708,162.59031069995737,20.994572059745856,11.735768823996422,10.843243482610037,5.601050810983688,11.814359458703011,16.27347016397548,14.141824241834009,14.083731696315263,8.417796984328938,11.336785877934735,5.15571272675054,20.771211599071872,5.380062770465915,6.041840829147961,37.29827438881211,50.26785898322327,0.0,14.605983116249774,5.15571272675054,38.455944068351485,5.733667477162185,11.073990765314376,0.0,0.0,11.050456081168516,5.131558479839333,0.0,11.336785877934735,68.54635098380861,29.525365011975733,0.0,26.46513959392033,10.535775497216456,0.0,0.0,0.0,201.58,51.4842470947288,22.801408536544404,0.0,15.130702465984026,0.0,11.336785877934735,26.151274369537788,0.0,0.0,15.456479851704078,20.23053332942989,31.44978820569469,0.9796905422586336,44.39737831563419,16.334751159546904,3.256457088644816,-3.375611656986792,-2.3123389733980013,0.0,3.692820624691566,-4.756268639419342,0.4615384615384615,28,5,13,0,1,1,0,1,1,10,4,15,7,0,1,1,2,-1.172499999999998,95.65050000000004,1,0,0,1,0,1,0,0,1,1,3,2,0,0,0,3,1,1,0,0,0,0,0,0,0,0,0,2,0,1,0,0,0,0,0,0,0,0,0,0,0,0,0,0,0,0,0,0,0,0,0,0,0,1,0,0,0,0,0,0,0,0,0,1,0,0,0,0,0,0,0,0,0,0,0,0,0,0,0,0,1,0,0,0,0,562.0,Escherichia coli,Bacteria
116266,,5298464,CHEMBL1697380,Antimicrobial activity against Escherichia coli XL1-Blue harboring pLBII-VIM-2 plasmid expressing VIM-2 beta-lactamase by broth microdilution method,F,BAO_0002146,BAO_0000218,organism-based format,C[C@H]1[C@H](NC(=O)/C(=N\OC(C)(C)C(=O)O)c2csc(N)n2)C(=O)N1S(=O)(=O)O,CHEMBL1687761,Antimicrob Agents Chemother,2010.0,CHEMBL158,AZTREONAM,CHEMBL158,0,http://www.openphacts.org/units/MicrogramPerMilliliter,1337794,=,1,1,=,MIC,ug.mL-1,0.12,CHEMBL354,Escherichia coli,Escherichia coli,562.0,,MIC,ug ml-1,UO_0000274,0.12,CHEMBL158,C[C@H]1[C@H](NC(=O)/C(=N\OC(C)(C)C(=O)O)c2csc(N)n2)C(=O)N1S(=O)(=O)O,12.562141912320484,12.562141912320484,0.0349535856009066,-4.756268639419342,0.174788224513646,20.5,435.44000000000017,418.30400000000014,435.051854504,154,0,0.3620751467724121,-0.4782270320177159,0.4782270320177159,0.3620751467724121,1.4642857142857142,2.071428571428572,2.5,32.24529764273617,10.00401161573638,2.513331128805475,-2.416338874010568,2.230948535260857,-2.707807208919476,7.836563836647012,-0.1608446168429468,2.971847309732629,2.2592762983237704,953.8851353067348,21.43879310982592,14.8114553779692,16.444448539824652,12.752743308167698,7.578995896792942,9.855612118054724,6.221230582074894,8.399971119282888,3.730567932227123,5.414072402778615,2.1128455580549623,3.54351374163482,-2.78,690205.5939907836,21.519292322605008,7.325918985638601,4.204134383579708,162.59031069995737,20.994572059745856,11.735768823996422,10.843243482610037,5.601050810983688,11.814359458703011,16.27347016397548,14.141824241834009,14.083731696315263,8.417796984328938,11.336785877934735,5.15571272675054,20.771211599071872,5.380062770465915,6.041840829147961,37.29827438881211,50.26785898322327,0.0,14.605983116249774,5.15571272675054,38.455944068351485,5.733667477162185,11.073990765314376,0.0,0.0,11.050456081168516,5.131558479839333,0.0,11.336785877934735,68.54635098380861,29.525365011975733,0.0,26.46513959392033,10.535775497216456,0.0,0.0,0.0,201.58,51.4842470947288,22.801408536544404,0.0,15.130702465984026,0.0,11.336785877934735,26.151274369537788,0.0,0.0,15.456479851704078,20.23053332942989,31.44978820569469,0.9796905422586336,44.39737831563419,16.334751159546904,3.256457088644816,-3.375611656986792,-2.3123389733980013,0.0,3.692820624691566,-4.756268639419342,0.4615384615384615,28,5,13,0,1,1,0,1,1,10,4,15,7,0,1,1,2,-1.172499999999998,95.65050000000004,1,0,0,1,0,1,0,0,1,1,3,2,0,0,0,3,1,1,0,0,0,0,0,0,0,0,0,2,0,1,0,0,0,0,0,0,0,0,0,0,0,0,0,0,0,0,0,0,0,0,0,0,0,1,0,0,0,0,0,0,0,0,0,1,0,0,0,0,0,0,0,0,0,0,0,0,0,0,0,0,1,0,0,0,0,562.0,Escherichia coli,Bacteria
116267,,5298465,CHEMBL1697379,Antimicrobial activity against Escherichia coli XL1-Blue harboring pLBII-VIM-2 plasmid expressing VIM-2 A64W mutant beta-lactamase by broth microdilution method,F,BAO_0002146,BAO_0000218,organism-based format,C[C@H]1[C@H](NC(=O)/C(=N\OC(C)(C)C(=O)O)c2csc(N)n2)C(=O)N1S(=O)(=O)O,CHEMBL1687761,Antimicrob Agents Chemother,2010.0,CHEMBL158,AZTREONAM,CHEMBL158,0,http://www.openphacts.org/units/MicrogramPerMilliliter,1337794,=,1,1,=,MIC,ug.mL-1,0.12,CHEMBL354,Escherichia coli,Escherichia coli,562.0,,MIC,ug ml-1,UO_0000274,0.12,CHEMBL158,C[C@H]1[C@H](NC(=O)/C(=N\OC(C)(C)C(=O)O)c2csc(N)n2)C(=O)N1S(=O)(=O)O,12.562141912320484,12.562141912320484,0.0349535856009066,-4.756268639419342,0.174788224513646,20.5,435.44000000000017,418.30400000000014,435.051854504,154,0,0.3620751467724121,-0.4782270320177159,0.4782270320177159,0.3620751467724121,1.4642857142857142,2.071428571428572,2.5,32.24529764273617,10.00401161573638,2.513331128805475,-2.416338874010568,2.230948535260857,-2.707807208919476,7.836563836647012,-0.1608446168429468,2.971847309732629,2.2592762983237704,953.8851353067348,21.43879310982592,14.8114553779692,16.444448539824652,12.752743308167698,7.578995896792942,9.855612118054724,6.221230582074894,8.399971119282888,3.730567932227123,5.414072402778615,2.1128455580549623,3.54351374163482,-2.78,690205.5939907836,21.519292322605008,7.325918985638601,4.204134383579708,162.59031069995737,20.994572059745856,11.735768823996422,10.843243482610037,5.601050810983688,11.814359458703011,16.27347016397548,14.141824241834009,14.083731696315263,8.417796984328938,11.336785877934735,5.15571272675054,20.771211599071872,5.380062770465915,6.041840829147961,37.29827438881211,50.26785898322327,0.0,14.605983116249774,5.15571272675054,38.455944068351485,5.733667477162185,11.073990765314376,0.0,0.0,11.050456081168516,5.131558479839333,0.0,11.336785877934735,68.54635098380861,29.525365011975733,0.0,26.46513959392033,10.535775497216456,0.0,0.0,0.0,201.58,51.4842470947288,22.801408536544404,0.0,15.130702465984026,0.0,11.336785877934735,26.151274369537788,0.0,0.0,15.456479851704078,20.23053332942989,31.44978820569469,0.9796905422586336,44.39737831563419,16.334751159546904,3.256457088644816,-3.375611656986792,-2.3123389733980013,0.0,3.692820624691566,-4.756268639419342,0.4615384615384615,28,5,13,0,1,1,0,1,1,10,4,15,7,0,1,1,2,-1.172499999999998,95.65050000000004,1,0,0,1,0,1,0,0,1,1,3,2,0,0,0,3,1,1,0,0,0,0,0,0,0,0,0,2,0,1,0,0,0,0,0,0,0,0,0,0,0,0,0,0,0,0,0,0,0,0,0,0,0,1,0,0,0,0,0,0,0,0,0,1,0,0,0,0,0,0,0,0,0,0,0,0,0,0,0,0,1,0,0,0,0,562.0,Escherichia coli,Bacteria
116267,,5298465,CHEMBL1697379,Antimicrobial activity against Escherichia coli XL1-Blue harboring pLBII-VIM-2 plasmid expressing VIM-2 A64W mutant beta-lactamase by broth microdilution method,F,BAO_0002146,BAO_0000218,organism-based format,C[C@H]1[C@H](NC(=O)/C(=N\OC(C)(C)C(=O)O)c2csc(N)n2)C(=O)N1S(=O)(=O)O,CHEMBL1687761,Antimicrob Agents Chemother,2010.0,CHEMBL158,AZTREONAM,CHEMBL158,0,http://www.openphacts.org/units/MicrogramPerMilliliter,1337794,=,1,1,=,MIC,ug.mL-1,0.12,CHEMBL354,Escherichia coli,Escherichia coli,562.0,,MIC,ug ml-1,UO_0000274,0.12,CHEMBL158,C[C@H]1[C@H](NC(=O)/C(=N\OC(C)(C)C(=O)O)c2csc(N)n2)C(=O)N1S(=O)(=O)O,12.562141912320484,12.562141912320484,0.0349535856009066,-4.756268639419342,0.174788224513646,20.5,435.44000000000017,418.30400000000014,435.051854504,154,0,0.3620751467724121,-0.4782270320177159,0.4782270320177159,0.3620751467724121,1.4642857142857142,2.071428571428572,2.5,32.24529764273617,10.00401161573638,2.513331128805475,-2.416338874010568,2.230948535260857,-2.707807208919476,7.836563836647012,-0.1608446168429468,2.971847309732629,2.2592762983237704,953.8851353067348,21.43879310982592,14.8114553779692,16.444448539824652,12.752743308167698,7.578995896792942,9.855612118054724,6.221230582074894,8.399971119282888,3.730567932227123,5.414072402778615,2.1128455580549623,3.54351374163482,-2.78,690205.5939907836,21.519292322605008,7.325918985638601,4.204134383579708,162.59031069995737,20.994572059745856,11.735768823996422,10.843243482610037,5.601050810983688,11.814359458703011,16.27347016397548,14.141824241834009,14.083731696315263,8.417796984328938,11.336785877934735,5.15571272675054,20.771211599071872,5.380062770465915,6.041840829147961,37.29827438881211,50.26785898322327,0.0,14.605983116249774,5.15571272675054,38.455944068351485,5.733667477162185,11.073990765314376,0.0,0.0,11.050456081168516,5.131558479839333,0.0,11.336785877934735,68.54635098380861,29.525365011975733,0.0,26.46513959392033,10.535775497216456,0.0,0.0,0.0,201.58,51.4842470947288,22.801408536544404,0.0,15.130702465984026,0.0,11.336785877934735,26.151274369537788,0.0,0.0,15.456479851704078,20.23053332942989,31.44978820569469,0.9796905422586336,44.39737831563419,16.334751159546904,3.256457088644816,-3.375611656986792,-2.3123389733980013,0.0,3.692820624691566,-4.756268639419342,0.4615384615384615,28,5,13,0,1,1,0,1,1,10,4,15,7,0,1,1,2,-1.172499999999998,95.65050000000004,1,0,0,1,0,1,0,0,1,1,3,2,0,0,0,3,1,1,0,0,0,0,0,0,0,0,0,2,0,1,0,0,0,0,0,0,0,0,0,0,0,0,0,0,0,0,0,0,0,0,0,0,0,1,0,0,0,0,0,0,0,0,0,1,0,0,0,0,0,0,0,0,0,0,0,0,0,0,0,0,1,0,0,0,0,562.0,Escherichia coli,Bacteria
116267,,5298465,CHEMBL1697379,Antimicrobial activity against Escherichia coli XL1-Blue harboring pLBII-VIM-2 plasmid expressing VIM-2 A64W mutant beta-lactamase by broth microdilution method,F,BAO_0002146,BAO_0000218,organism-based format,C[C@H]1[C@H](NC(=O)/C(=N\OC(C)(C)C(=O)O)c2csc(N)n2)C(=O)N1S(=O)(=O)O,CHEMBL1687761,Antimicrob Agents Chemother,2010.0,CHEMBL158,AZTREONAM,CHEMBL158,0,http://www.openphacts.org/units/MicrogramPerMilliliter,1337794,=,1,1,=,MIC,ug.mL-1,0.12,CHEMBL354,Escherichia coli,Escherichia coli,562.0,,MIC,ug ml-1,UO_0000274,0.12,CHEMBL158,C[C@H]1[C@H](NC(=O)/C(=N\OC(C)(C)C(=O)O)c2csc(N)n2)C(=O)N1S(=O)(=O)O,12.562141912320484,12.562141912320484,0.0349535856009066,-4.756268639419342,0.174788224513646,20.5,435.44000000000017,418.30400000000014,435.051854504,154,0,0.3620751467724121,-0.4782270320177159,0.4782270320177159,0.3620751467724121,1.4642857142857142,2.071428571428572,2.5,32.24529764273617,10.00401161573638,2.513331128805475,-2.416338874010568,2.230948535260857,-2.707807208919476,7.836563836647012,-0.1608446168429468,2.971847309732629,2.2592762983237704,953.8851353067348,21.43879310982592,14.8114553779692,16.444448539824652,12.752743308167698,7.578995896792942,9.855612118054724,6.221230582074894,8.399971119282888,3.730567932227123,5.414072402778615,2.1128455580549623,3.54351374163482,-2.78,690205.5939907836,21.519292322605008,7.325918985638601,4.204134383579708,162.59031069995737,20.994572059745856,11.735768823996422,10.843243482610037,5.601050810983688,11.814359458703011,16.27347016397548,14.141824241834009,14.083731696315263,8.417796984328938,11.336785877934735,5.15571272675054,20.771211599071872,5.380062770465915,6.041840829147961,37.29827438881211,50.26785898322327,0.0,14.605983116249774,5.15571272675054,38.455944068351485,5.733667477162185,11.073990765314376,0.0,0.0,11.050456081168516,5.131558479839333,0.0,11.336785877934735,68.54635098380861,29.525365011975733,0.0,26.46513959392033,10.535775497216456,0.0,0.0,0.0,201.58,51.4842470947288,22.801408536544404,0.0,15.130702465984026,0.0,11.336785877934735,26.151274369537788,0.0,0.0,15.456479851704078,20.23053332942989,31.44978820569469,0.9796905422586336,44.39737831563419,16.334751159546904,3.256457088644816,-3.375611656986792,-2.3123389733980013,0.0,3.692820624691566,-4.756268639419342,0.4615384615384615,28,5,13,0,1,1,0,1,1,10,4,15,7,0,1,1,2,-1.172499999999998,95.65050000000004,1,0,0,1,0,1,0,0,1,1,3,2,0,0,0,3,1,1,0,0,0,0,0,0,0,0,0,2,0,1,0,0,0,0,0,0,0,0,0,0,0,0,0,0,0,0,0,0,0,0,0,0,0,1,0,0,0,0,0,0,0,0,0,1,0,0,0,0,0,0,0,0,0,0,0,0,0,0,0,0,1,0,0,0,0,562.0,Escherichia coli,Bacteria
116267,,5298465,CHEMBL1697379,Antimicrobial activity against Escherichia coli XL1-Blue harboring pLBII-VIM-2 plasmid expressing VIM-2 A64W mutant beta-lactamase by broth microdilution method,F,BAO_0002146,BAO_0000218,organism-based format,C[C@H]1[C@H](NC(=O)/C(=N\OC(C)(C)C(=O)O)c2csc(N)n2)C(=O)N1S(=O)(=O)O,CHEMBL1687761,Antimicrob Agents Chemother,2010.0,CHEMBL158,AZTREONAM,CHEMBL158,0,http://www.openphacts.org/units/MicrogramPerMilliliter,1337794,=,1,1,=,MIC,ug.mL-1,0.12,CHEMBL354,Escherichia coli,Escherichia coli,562.0,,MIC,ug ml-1,UO_0000274,0.12,CHEMBL158,C[C@H]1[C@H](NC(=O)/C(=N\OC(C)(C)C(=O)O)c2csc(N)n2)C(=O)N1S(=O)(=O)O,12.562141912320484,12.562141912320484,0.0349535856009066,-4.756268639419342,0.174788224513646,20.5,435.44000000000017,418.30400000000014,435.051854504,154,0,0.3620751467724121,-0.4782270320177159,0.4782270320177159,0.3620751467724121,1.4642857142857142,2.071428571428572,2.5,32.24529764273617,10.00401161573638,2.513331128805475,-2.416338874010568,2.230948535260857,-2.707807208919476,7.836563836647012,-0.1608446168429468,2.971847309732629,2.2592762983237704,953.8851353067348,21.43879310982592,14.8114553779692,16.444448539824652,12.752743308167698,7.578995896792942,9.855612118054724,6.221230582074894,8.399971119282888,3.730567932227123,5.414072402778615,2.1128455580549623,3.54351374163482,-2.78,690205.5939907836,21.519292322605008,7.325918985638601,4.204134383579708,162.59031069995737,20.994572059745856,11.735768823996422,10.843243482610037,5.601050810983688,11.814359458703011,16.27347016397548,14.141824241834009,14.083731696315263,8.417796984328938,11.336785877934735,5.15571272675054,20.771211599071872,5.380062770465915,6.041840829147961,37.29827438881211,50.26785898322327,0.0,14.605983116249774,5.15571272675054,38.455944068351485,5.733667477162185,11.073990765314376,0.0,0.0,11.050456081168516,5.131558479839333,0.0,11.336785877934735,68.54635098380861,29.525365011975733,0.0,26.46513959392033,10.535775497216456,0.0,0.0,0.0,201.58,51.4842470947288,22.801408536544404,0.0,15.130702465984026,0.0,11.336785877934735,26.151274369537788,0.0,0.0,15.456479851704078,20.23053332942989,31.44978820569469,0.9796905422586336,44.39737831563419,16.334751159546904,3.256457088644816,-3.375611656986792,-2.3123389733980013,0.0,3.692820624691566,-4.756268639419342,0.4615384615384615,28,5,13,0,1,1,0,1,1,10,4,15,7,0,1,1,2,-1.172499999999998,95.65050000000004,1,0,0,1,0,1,0,0,1,1,3,2,0,0,0,3,1,1,0,0,0,0,0,0,0,0,0,2,0,1,0,0,0,0,0,0,0,0,0,0,0,0,0,0,0,0,0,0,0,0,0,0,0,1,0,0,0,0,0,0,0,0,0,1,0,0,0,0,0,0,0,0,0,0,0,0,0,0,0,0,1,0,0,0,0,562.0,Escherichia coli,Bacteria
116268,,5298466,CHEMBL1697378,Antimicrobial activity against Escherichia coli XL1-Blue harboring pLBII-VIM-2 plasmid expressing VIM-2 W87F mutant beta-lactamase by broth microdilution method,F,BAO_0002146,BAO_0000218,organism-based format,C[C@H]1[C@H](NC(=O)/C(=N\OC(C)(C)C(=O)O)c2csc(N)n2)C(=O)N1S(=O)(=O)O,CHEMBL1687761,Antimicrob Agents Chemother,2010.0,CHEMBL158,AZTREONAM,CHEMBL158,0,http://www.openphacts.org/units/MicrogramPerMilliliter,1337794,=,1,1,=,MIC,ug.mL-1,0.12,CHEMBL354,Escherichia coli,Escherichia coli,562.0,,MIC,ug ml-1,UO_0000274,0.12,CHEMBL158,C[C@H]1[C@H](NC(=O)/C(=N\OC(C)(C)C(=O)O)c2csc(N)n2)C(=O)N1S(=O)(=O)O,12.562141912320484,12.562141912320484,0.0349535856009066,-4.756268639419342,0.174788224513646,20.5,435.44000000000017,418.30400000000014,435.051854504,154,0,0.3620751467724121,-0.4782270320177159,0.4782270320177159,0.3620751467724121,1.4642857142857142,2.071428571428572,2.5,32.24529764273617,10.00401161573638,2.513331128805475,-2.416338874010568,2.230948535260857,-2.707807208919476,7.836563836647012,-0.1608446168429468,2.971847309732629,2.2592762983237704,953.8851353067348,21.43879310982592,14.8114553779692,16.444448539824652,12.752743308167698,7.578995896792942,9.855612118054724,6.221230582074894,8.399971119282888,3.730567932227123,5.414072402778615,2.1128455580549623,3.54351374163482,-2.78,690205.5939907836,21.519292322605008,7.325918985638601,4.204134383579708,162.59031069995737,20.994572059745856,11.735768823996422,10.843243482610037,5.601050810983688,11.814359458703011,16.27347016397548,14.141824241834009,14.083731696315263,8.417796984328938,11.336785877934735,5.15571272675054,20.771211599071872,5.380062770465915,6.041840829147961,37.29827438881211,50.26785898322327,0.0,14.605983116249774,5.15571272675054,38.455944068351485,5.733667477162185,11.073990765314376,0.0,0.0,11.050456081168516,5.131558479839333,0.0,11.336785877934735,68.54635098380861,29.525365011975733,0.0,26.46513959392033,10.535775497216456,0.0,0.0,0.0,201.58,51.4842470947288,22.801408536544404,0.0,15.130702465984026,0.0,11.336785877934735,26.151274369537788,0.0,0.0,15.456479851704078,20.23053332942989,31.44978820569469,0.9796905422586336,44.39737831563419,16.334751159546904,3.256457088644816,-3.375611656986792,-2.3123389733980013,0.0,3.692820624691566,-4.756268639419342,0.4615384615384615,28,5,13,0,1,1,0,1,1,10,4,15,7,0,1,1,2,-1.172499999999998,95.65050000000004,1,0,0,1,0,1,0,0,1,1,3,2,0,0,0,3,1,1,0,0,0,0,0,0,0,0,0,2,0,1,0,0,0,0,0,0,0,0,0,0,0,0,0,0,0,0,0,0,0,0,0,0,0,1,0,0,0,0,0,0,0,0,0,1,0,0,0,0,0,0,0,0,0,0,0,0,0,0,0,0,1,0,0,0,0,562.0,Escherichia coli,Bacteria
116268,,5298466,CHEMBL1697378,Antimicrobial activity against Escherichia coli XL1-Blue harboring pLBII-VIM-2 plasmid expressing VIM-2 W87F mutant beta-lactamase by broth microdilution method,F,BAO_0002146,BAO_0000218,organism-based format,C[C@H]1[C@H](NC(=O)/C(=N\OC(C)(C)C(=O)O)c2csc(N)n2)C(=O)N1S(=O)(=O)O,CHEMBL1687761,Antimicrob Agents Chemother,2010.0,CHEMBL158,AZTREONAM,CHEMBL158,0,http://www.openphacts.org/units/MicrogramPerMilliliter,1337794,=,1,1,=,MIC,ug.mL-1,0.12,CHEMBL354,Escherichia coli,Escherichia coli,562.0,,MIC,ug ml-1,UO_0000274,0.12,CHEMBL158,C[C@H]1[C@H](NC(=O)/C(=N\OC(C)(C)C(=O)O)c2csc(N)n2)C(=O)N1S(=O)(=O)O,12.562141912320484,12.562141912320484,0.0349535856009066,-4.756268639419342,0.174788224513646,20.5,435.44000000000017,418.30400000000014,435.051854504,154,0,0.3620751467724121,-0.4782270320177159,0.4782270320177159,0.3620751467724121,1.4642857142857142,2.071428571428572,2.5,32.24529764273617,10.00401161573638,2.513331128805475,-2.416338874010568,2.230948535260857,-2.707807208919476,7.836563836647012,-0.1608446168429468,2.971847309732629,2.2592762983237704,953.8851353067348,21.43879310982592,14.8114553779692,16.444448539824652,12.752743308167698,7.578995896792942,9.855612118054724,6.221230582074894,8.399971119282888,3.730567932227123,5.414072402778615,2.1128455580549623,3.54351374163482,-2.78,690205.5939907836,21.519292322605008,7.325918985638601,4.204134383579708,162.59031069995737,20.994572059745856,11.735768823996422,10.843243482610037,5.601050810983688,11.814359458703011,16.27347016397548,14.141824241834009,14.083731696315263,8.417796984328938,11.336785877934735,5.15571272675054,20.771211599071872,5.380062770465915,6.041840829147961,37.29827438881211,50.26785898322327,0.0,14.605983116249774,5.15571272675054,38.455944068351485,5.733667477162185,11.073990765314376,0.0,0.0,11.050456081168516,5.131558479839333,0.0,11.336785877934735,68.54635098380861,29.525365011975733,0.0,26.46513959392033,10.535775497216456,0.0,0.0,0.0,201.58,51.4842470947288,22.801408536544404,0.0,15.130702465984026,0.0,11.336785877934735,26.151274369537788,0.0,0.0,15.456479851704078,20.23053332942989,31.44978820569469,0.9796905422586336,44.39737831563419,16.334751159546904,3.256457088644816,-3.375611656986792,-2.3123389733980013,0.0,3.692820624691566,-4.756268639419342,0.4615384615384615,28,5,13,0,1,1,0,1,1,10,4,15,7,0,1,1,2,-1.172499999999998,95.65050000000004,1,0,0,1,0,1,0,0,1,1,3,2,0,0,0,3,1,1,0,0,0,0,0,0,0,0,0,2,0,1,0,0,0,0,0,0,0,0,0,0,0,0,0,0,0,0,0,0,0,0,0,0,0,1,0,0,0,0,0,0,0,0,0,1,0,0,0,0,0,0,0,0,0,0,0,0,0,0,0,0,1,0,0,0,0,562.0,Escherichia coli,Bacteria
116268,,5298466,CHEMBL1697378,Antimicrobial activity against Escherichia coli XL1-Blue harboring pLBII-VIM-2 plasmid expressing VIM-2 W87F mutant beta-lactamase by broth microdilution method,F,BAO_0002146,BAO_0000218,organism-based format,C[C@H]1[C@H](NC(=O)/C(=N\OC(C)(C)C(=O)O)c2csc(N)n2)C(=O)N1S(=O)(=O)O,CHEMBL1687761,Antimicrob Agents Chemother,2010.0,CHEMBL158,AZTREONAM,CHEMBL158,0,http://www.openphacts.org/units/MicrogramPerMilliliter,1337794,=,1,1,=,MIC,ug.mL-1,0.12,CHEMBL354,Escherichia coli,Escherichia coli,562.0,,MIC,ug ml-1,UO_0000274,0.12,CHEMBL158,C[C@H]1[C@H](NC(=O)/C(=N\OC(C)(C)C(=O)O)c2csc(N)n2)C(=O)N1S(=O)(=O)O,12.562141912320484,12.562141912320484,0.0349535856009066,-4.756268639419342,0.174788224513646,20.5,435.44000000000017,418.30400000000014,435.051854504,154,0,0.3620751467724121,-0.4782270320177159,0.4782270320177159,0.3620751467724121,1.4642857142857142,2.071428571428572,2.5,32.24529764273617,10.00401161573638,2.513331128805475,-2.416338874010568,2.230948535260857,-2.707807208919476,7.836563836647012,-0.1608446168429468,2.971847309732629,2.2592762983237704,953.8851353067348,21.43879310982592,14.8114553779692,16.444448539824652,12.752743308167698,7.578995896792942,9.855612118054724,6.221230582074894,8.399971119282888,3.730567932227123,5.414072402778615,2.1128455580549623,3.54351374163482,-2.78,690205.5939907836,21.519292322605008,7.325918985638601,4.204134383579708,162.59031069995737,20.994572059745856,11.735768823996422,10.843243482610037,5.601050810983688,11.814359458703011,16.27347016397548,14.141824241834009,14.083731696315263,8.417796984328938,11.336785877934735,5.15571272675054,20.771211599071872,5.380062770465915,6.041840829147961,37.29827438881211,50.26785898322327,0.0,14.605983116249774,5.15571272675054,38.455944068351485,5.733667477162185,11.073990765314376,0.0,0.0,11.050456081168516,5.131558479839333,0.0,11.336785877934735,68.54635098380861,29.525365011975733,0.0,26.46513959392033,10.535775497216456,0.0,0.0,0.0,201.58,51.4842470947288,22.801408536544404,0.0,15.130702465984026,0.0,11.336785877934735,26.151274369537788,0.0,0.0,15.456479851704078,20.23053332942989,31.44978820569469,0.9796905422586336,44.39737831563419,16.334751159546904,3.256457088644816,-3.375611656986792,-2.3123389733980013,0.0,3.692820624691566,-4.756268639419342,0.4615384615384615,28,5,13,0,1,1,0,1,1,10,4,15,7,0,1,1,2,-1.172499999999998,95.65050000000004,1,0,0,1,0,1,0,0,1,1,3,2,0,0,0,3,1,1,0,0,0,0,0,0,0,0,0,2,0,1,0,0,0,0,0,0,0,0,0,0,0,0,0,0,0,0,0,0,0,0,0,0,0,1,0,0,0,0,0,0,0,0,0,1,0,0,0,0,0,0,0,0,0,0,0,0,0,0,0,0,1,0,0,0,0,562.0,Escherichia coli,Bacteria
116268,,5298466,CHEMBL1697378,Antimicrobial activity against Escherichia coli XL1-Blue harboring pLBII-VIM-2 plasmid expressing VIM-2 W87F mutant beta-lactamase by broth microdilution method,F,BAO_0002146,BAO_0000218,organism-based format,C[C@H]1[C@H](NC(=O)/C(=N\OC(C)(C)C(=O)O)c2csc(N)n2)C(=O)N1S(=O)(=O)O,CHEMBL1687761,Antimicrob Agents Chemother,2010.0,CHEMBL158,AZTREONAM,CHEMBL158,0,http://www.openphacts.org/units/MicrogramPerMilliliter,1337794,=,1,1,=,MIC,ug.mL-1,0.12,CHEMBL354,Escherichia coli,Escherichia coli,562.0,,MIC,ug ml-1,UO_0000274,0.12,CHEMBL158,C[C@H]1[C@H](NC(=O)/C(=N\OC(C)(C)C(=O)O)c2csc(N)n2)C(=O)N1S(=O)(=O)O,12.562141912320484,12.562141912320484,0.0349535856009066,-4.756268639419342,0.174788224513646,20.5,435.44000000000017,418.30400000000014,435.051854504,154,0,0.3620751467724121,-0.4782270320177159,0.4782270320177159,0.3620751467724121,1.4642857142857142,2.071428571428572,2.5,32.24529764273617,10.00401161573638,2.513331128805475,-2.416338874010568,2.230948535260857,-2.707807208919476,7.836563836647012,-0.1608446168429468,2.971847309732629,2.2592762983237704,953.8851353067348,21.43879310982592,14.8114553779692,16.444448539824652,12.752743308167698,7.578995896792942,9.855612118054724,6.221230582074894,8.399971119282888,3.730567932227123,5.414072402778615,2.1128455580549623,3.54351374163482,-2.78,690205.5939907836,21.519292322605008,7.325918985638601,4.204134383579708,162.59031069995737,20.994572059745856,11.735768823996422,10.843243482610037,5.601050810983688,11.814359458703011,16.27347016397548,14.141824241834009,14.083731696315263,8.417796984328938,11.336785877934735,5.15571272675054,20.771211599071872,5.380062770465915,6.041840829147961,37.29827438881211,50.26785898322327,0.0,14.605983116249774,5.15571272675054,38.455944068351485,5.733667477162185,11.073990765314376,0.0,0.0,11.050456081168516,5.131558479839333,0.0,11.336785877934735,68.54635098380861,29.525365011975733,0.0,26.46513959392033,10.535775497216456,0.0,0.0,0.0,201.58,51.4842470947288,22.801408536544404,0.0,15.130702465984026,0.0,11.336785877934735,26.151274369537788,0.0,0.0,15.456479851704078,20.23053332942989,31.44978820569469,0.9796905422586336,44.39737831563419,16.334751159546904,3.256457088644816,-3.375611656986792,-2.3123389733980013,0.0,3.692820624691566,-4.756268639419342,0.4615384615384615,28,5,13,0,1,1,0,1,1,10,4,15,7,0,1,1,2,-1.172499999999998,95.65050000000004,1,0,0,1,0,1,0,0,1,1,3,2,0,0,0,3,1,1,0,0,0,0,0,0,0,0,0,2,0,1,0,0,0,0,0,0,0,0,0,0,0,0,0,0,0,0,0,0,0,0,0,0,0,1,0,0,0,0,0,0,0,0,0,1,0,0,0,0,0,0,0,0,0,0,0,0,0,0,0,0,1,0,0,0,0,562.0,Escherichia coli,Bacteria
116269,,5298467,CHEMBL1697377,Antimicrobial activity against Escherichia coli XL1-Blue harboring pLBII-VIM-2 plasmid expressing VIM-2 W87A mutant beta-lactamase by broth microdilution method,F,BAO_0002146,BAO_0000218,organism-based format,C[C@H]1[C@H](NC(=O)/C(=N\OC(C)(C)C(=O)O)c2csc(N)n2)C(=O)N1S(=O)(=O)O,CHEMBL1687761,Antimicrob Agents Chemother,2010.0,CHEMBL158,AZTREONAM,CHEMBL158,0,http://www.openphacts.org/units/MicrogramPerMilliliter,1337794,=,1,1,=,MIC,ug.mL-1,0.12,CHEMBL354,Escherichia coli,Escherichia coli,562.0,,MIC,ug ml-1,UO_0000274,0.12,CHEMBL158,C[C@H]1[C@H](NC(=O)/C(=N\OC(C)(C)C(=O)O)c2csc(N)n2)C(=O)N1S(=O)(=O)O,12.562141912320484,12.562141912320484,0.0349535856009066,-4.756268639419342,0.174788224513646,20.5,435.44000000000017,418.30400000000014,435.051854504,154,0,0.3620751467724121,-0.4782270320177159,0.4782270320177159,0.3620751467724121,1.4642857142857142,2.071428571428572,2.5,32.24529764273617,10.00401161573638,2.513331128805475,-2.416338874010568,2.230948535260857,-2.707807208919476,7.836563836647012,-0.1608446168429468,2.971847309732629,2.2592762983237704,953.8851353067348,21.43879310982592,14.8114553779692,16.444448539824652,12.752743308167698,7.578995896792942,9.855612118054724,6.221230582074894,8.399971119282888,3.730567932227123,5.414072402778615,2.1128455580549623,3.54351374163482,-2.78,690205.5939907836,21.519292322605008,7.325918985638601,4.204134383579708,162.59031069995737,20.994572059745856,11.735768823996422,10.843243482610037,5.601050810983688,11.814359458703011,16.27347016397548,14.141824241834009,14.083731696315263,8.417796984328938,11.336785877934735,5.15571272675054,20.771211599071872,5.380062770465915,6.041840829147961,37.29827438881211,50.26785898322327,0.0,14.605983116249774,5.15571272675054,38.455944068351485,5.733667477162185,11.073990765314376,0.0,0.0,11.050456081168516,5.131558479839333,0.0,11.336785877934735,68.54635098380861,29.525365011975733,0.0,26.46513959392033,10.535775497216456,0.0,0.0,0.0,201.58,51.4842470947288,22.801408536544404,0.0,15.130702465984026,0.0,11.336785877934735,26.151274369537788,0.0,0.0,15.456479851704078,20.23053332942989,31.44978820569469,0.9796905422586336,44.39737831563419,16.334751159546904,3.256457088644816,-3.375611656986792,-2.3123389733980013,0.0,3.692820624691566,-4.756268639419342,0.4615384615384615,28,5,13,0,1,1,0,1,1,10,4,15,7,0,1,1,2,-1.172499999999998,95.65050000000004,1,0,0,1,0,1,0,0,1,1,3,2,0,0,0,3,1,1,0,0,0,0,0,0,0,0,0,2,0,1,0,0,0,0,0,0,0,0,0,0,0,0,0,0,0,0,0,0,0,0,0,0,0,1,0,0,0,0,0,0,0,0,0,1,0,0,0,0,0,0,0,0,0,0,0,0,0,0,0,0,1,0,0,0,0,562.0,Escherichia coli,Bacteria
116269,,5298467,CHEMBL1697377,Antimicrobial activity against Escherichia coli XL1-Blue harboring pLBII-VIM-2 plasmid expressing VIM-2 W87A mutant beta-lactamase by broth microdilution method,F,BAO_0002146,BAO_0000218,organism-based format,C[C@H]1[C@H](NC(=O)/C(=N\OC(C)(C)C(=O)O)c2csc(N)n2)C(=O)N1S(=O)(=O)O,CHEMBL1687761,Antimicrob Agents Chemother,2010.0,CHEMBL158,AZTREONAM,CHEMBL158,0,http://www.openphacts.org/units/MicrogramPerMilliliter,1337794,=,1,1,=,MIC,ug.mL-1,0.12,CHEMBL354,Escherichia coli,Escherichia coli,562.0,,MIC,ug ml-1,UO_0000274,0.12,CHEMBL158,C[C@H]1[C@H](NC(=O)/C(=N\OC(C)(C)C(=O)O)c2csc(N)n2)C(=O)N1S(=O)(=O)O,12.562141912320484,12.562141912320484,0.0349535856009066,-4.756268639419342,0.174788224513646,20.5,435.44000000000017,418.30400000000014,435.051854504,154,0,0.3620751467724121,-0.4782270320177159,0.4782270320177159,0.3620751467724121,1.4642857142857142,2.071428571428572,2.5,32.24529764273617,10.00401161573638,2.513331128805475,-2.416338874010568,2.230948535260857,-2.707807208919476,7.836563836647012,-0.1608446168429468,2.971847309732629,2.2592762983237704,953.8851353067348,21.43879310982592,14.8114553779692,16.444448539824652,12.752743308167698,7.578995896792942,9.855612118054724,6.221230582074894,8.399971119282888,3.730567932227123,5.414072402778615,2.1128455580549623,3.54351374163482,-2.78,690205.5939907836,21.519292322605008,7.325918985638601,4.204134383579708,162.59031069995737,20.994572059745856,11.735768823996422,10.843243482610037,5.601050810983688,11.814359458703011,16.27347016397548,14.141824241834009,14.083731696315263,8.417796984328938,11.336785877934735,5.15571272675054,20.771211599071872,5.380062770465915,6.041840829147961,37.29827438881211,50.26785898322327,0.0,14.605983116249774,5.15571272675054,38.455944068351485,5.733667477162185,11.073990765314376,0.0,0.0,11.050456081168516,5.131558479839333,0.0,11.336785877934735,68.54635098380861,29.525365011975733,0.0,26.46513959392033,10.535775497216456,0.0,0.0,0.0,201.58,51.4842470947288,22.801408536544404,0.0,15.130702465984026,0.0,11.336785877934735,26.151274369537788,0.0,0.0,15.456479851704078,20.23053332942989,31.44978820569469,0.9796905422586336,44.39737831563419,16.334751159546904,3.256457088644816,-3.375611656986792,-2.3123389733980013,0.0,3.692820624691566,-4.756268639419342,0.4615384615384615,28,5,13,0,1,1,0,1,1,10,4,15,7,0,1,1,2,-1.172499999999998,95.65050000000004,1,0,0,1,0,1,0,0,1,1,3,2,0,0,0,3,1,1,0,0,0,0,0,0,0,0,0,2,0,1,0,0,0,0,0,0,0,0,0,0,0,0,0,0,0,0,0,0,0,0,0,0,0,1,0,0,0,0,0,0,0,0,0,1,0,0,0,0,0,0,0,0,0,0,0,0,0,0,0,0,1,0,0,0,0,562.0,Escherichia coli,Bacteria
116269,,5298467,CHEMBL1697377,Antimicrobial activity against Escherichia coli XL1-Blue harboring pLBII-VIM-2 plasmid expressing VIM-2 W87A mutant beta-lactamase by broth microdilution method,F,BAO_0002146,BAO_0000218,organism-based format,C[C@H]1[C@H](NC(=O)/C(=N\OC(C)(C)C(=O)O)c2csc(N)n2)C(=O)N1S(=O)(=O)O,CHEMBL1687761,Antimicrob Agents Chemother,2010.0,CHEMBL158,AZTREONAM,CHEMBL158,0,http://www.openphacts.org/units/MicrogramPerMilliliter,1337794,=,1,1,=,MIC,ug.mL-1,0.12,CHEMBL354,Escherichia coli,Escherichia coli,562.0,,MIC,ug ml-1,UO_0000274,0.12,CHEMBL158,C[C@H]1[C@H](NC(=O)/C(=N\OC(C)(C)C(=O)O)c2csc(N)n2)C(=O)N1S(=O)(=O)O,12.562141912320484,12.562141912320484,0.0349535856009066,-4.756268639419342,0.174788224513646,20.5,435.44000000000017,418.30400000000014,435.051854504,154,0,0.3620751467724121,-0.4782270320177159,0.4782270320177159,0.3620751467724121,1.4642857142857142,2.071428571428572,2.5,32.24529764273617,10.00401161573638,2.513331128805475,-2.416338874010568,2.230948535260857,-2.707807208919476,7.836563836647012,-0.1608446168429468,2.971847309732629,2.2592762983237704,953.8851353067348,21.43879310982592,14.8114553779692,16.444448539824652,12.752743308167698,7.578995896792942,9.855612118054724,6.221230582074894,8.399971119282888,3.730567932227123,5.414072402778615,2.1128455580549623,3.54351374163482,-2.78,690205.5939907836,21.519292322605008,7.325918985638601,4.204134383579708,162.59031069995737,20.994572059745856,11.735768823996422,10.843243482610037,5.601050810983688,11.814359458703011,16.27347016397548,14.141824241834009,14.083731696315263,8.417796984328938,11.336785877934735,5.15571272675054,20.771211599071872,5.380062770465915,6.041840829147961,37.29827438881211,50.26785898322327,0.0,14.605983116249774,5.15571272675054,38.455944068351485,5.733667477162185,11.073990765314376,0.0,0.0,11.050456081168516,5.131558479839333,0.0,11.336785877934735,68.54635098380861,29.525365011975733,0.0,26.46513959392033,10.535775497216456,0.0,0.0,0.0,201.58,51.4842470947288,22.801408536544404,0.0,15.130702465984026,0.0,11.336785877934735,26.151274369537788,0.0,0.0,15.456479851704078,20.23053332942989,31.44978820569469,0.9796905422586336,44.39737831563419,16.334751159546904,3.256457088644816,-3.375611656986792,-2.3123389733980013,0.0,3.692820624691566,-4.756268639419342,0.4615384615384615,28,5,13,0,1,1,0,1,1,10,4,15,7,0,1,1,2,-1.172499999999998,95.65050000000004,1,0,0,1,0,1,0,0,1,1,3,2,0,0,0,3,1,1,0,0,0,0,0,0,0,0,0,2,0,1,0,0,0,0,0,0,0,0,0,0,0,0,0,0,0,0,0,0,0,0,0,0,0,1,0,0,0,0,0,0,0,0,0,1,0,0,0,0,0,0,0,0,0,0,0,0,0,0,0,0,1,0,0,0,0,562.0,Escherichia coli,Bacteria
116269,,5298467,CHEMBL1697377,Antimicrobial activity against Escherichia coli XL1-Blue harboring pLBII-VIM-2 plasmid expressing VIM-2 W87A mutant beta-lactamase by broth microdilution method,F,BAO_0002146,BAO_0000218,organism-based format,C[C@H]1[C@H](NC(=O)/C(=N\OC(C)(C)C(=O)O)c2csc(N)n2)C(=O)N1S(=O)(=O)O,CHEMBL1687761,Antimicrob Agents Chemother,2010.0,CHEMBL158,AZTREONAM,CHEMBL158,0,http://www.openphacts.org/units/MicrogramPerMilliliter,1337794,=,1,1,=,MIC,ug.mL-1,0.12,CHEMBL354,Escherichia coli,Escherichia coli,562.0,,MIC,ug ml-1,UO_0000274,0.12,CHEMBL158,C[C@H]1[C@H](NC(=O)/C(=N\OC(C)(C)C(=O)O)c2csc(N)n2)C(=O)N1S(=O)(=O)O,12.562141912320484,12.562141912320484,0.0349535856009066,-4.756268639419342,0.174788224513646,20.5,435.44000000000017,418.30400000000014,435.051854504,154,0,0.3620751467724121,-0.4782270320177159,0.4782270320177159,0.3620751467724121,1.4642857142857142,2.071428571428572,2.5,32.24529764273617,10.00401161573638,2.513331128805475,-2.416338874010568,2.230948535260857,-2.707807208919476,7.836563836647012,-0.1608446168429468,2.971847309732629,2.2592762983237704,953.8851353067348,21.43879310982592,14.8114553779692,16.444448539824652,12.752743308167698,7.578995896792942,9.855612118054724,6.221230582074894,8.399971119282888,3.730567932227123,5.414072402778615,2.1128455580549623,3.54351374163482,-2.78,690205.5939907836,21.519292322605008,7.325918985638601,4.204134383579708,162.59031069995737,20.994572059745856,11.735768823996422,10.843243482610037,5.601050810983688,11.814359458703011,16.27347016397548,14.141824241834009,14.083731696315263,8.417796984328938,11.336785877934735,5.15571272675054,20.771211599071872,5.380062770465915,6.041840829147961,37.29827438881211,50.26785898322327,0.0,14.605983116249774,5.15571272675054,38.455944068351485,5.733667477162185,11.073990765314376,0.0,0.0,11.050456081168516,5.131558479839333,0.0,11.336785877934735,68.54635098380861,29.525365011975733,0.0,26.46513959392033,10.535775497216456,0.0,0.0,0.0,201.58,51.4842470947288,22.801408536544404,0.0,15.130702465984026,0.0,11.336785877934735,26.151274369537788,0.0,0.0,15.456479851704078,20.23053332942989,31.44978820569469,0.9796905422586336,44.39737831563419,16.334751159546904,3.256457088644816,-3.375611656986792,-2.3123389733980013,0.0,3.692820624691566,-4.756268639419342,0.4615384615384615,28,5,13,0,1,1,0,1,1,10,4,15,7,0,1,1,2,-1.172499999999998,95.65050000000004,1,0,0,1,0,1,0,0,1,1,3,2,0,0,0,3,1,1,0,0,0,0,0,0,0,0,0,2,0,1,0,0,0,0,0,0,0,0,0,0,0,0,0,0,0,0,0,0,0,0,0,0,0,1,0,0,0,0,0,0,0,0,0,1,0,0,0,0,0,0,0,0,0,0,0,0,0,0,0,0,1,0,0,0,0,562.0,Escherichia coli,Bacteria
116270,,5298468,CHEMBL1697375,Antimicrobial activity against Escherichia coli XL1-Blue harboring pBC-SK plasmid by broth microdilution method,F,BAO_0002146,BAO_0000218,organism-based format,C[C@H]1[C@H](NC(=O)/C(=N\OC(C)(C)C(=O)O)c2csc(N)n2)C(=O)N1S(=O)(=O)O,CHEMBL1687761,Antimicrob Agents Chemother,2010.0,CHEMBL158,AZTREONAM,CHEMBL158,0,http://www.openphacts.org/units/MicrogramPerMilliliter,1337794,=,1,1,=,MIC,ug.mL-1,0.12,CHEMBL354,Escherichia coli,Escherichia coli,562.0,,MIC,ug ml-1,UO_0000274,0.12,CHEMBL158,C[C@H]1[C@H](NC(=O)/C(=N\OC(C)(C)C(=O)O)c2csc(N)n2)C(=O)N1S(=O)(=O)O,12.562141912320484,12.562141912320484,0.0349535856009066,-4.756268639419342,0.174788224513646,20.5,435.44000000000017,418.30400000000014,435.051854504,154,0,0.3620751467724121,-0.4782270320177159,0.4782270320177159,0.3620751467724121,1.4642857142857142,2.071428571428572,2.5,32.24529764273617,10.00401161573638,2.513331128805475,-2.416338874010568,2.230948535260857,-2.707807208919476,7.836563836647012,-0.1608446168429468,2.971847309732629,2.2592762983237704,953.8851353067348,21.43879310982592,14.8114553779692,16.444448539824652,12.752743308167698,7.578995896792942,9.855612118054724,6.221230582074894,8.399971119282888,3.730567932227123,5.414072402778615,2.1128455580549623,3.54351374163482,-2.78,690205.5939907836,21.519292322605008,7.325918985638601,4.204134383579708,162.59031069995737,20.994572059745856,11.735768823996422,10.843243482610037,5.601050810983688,11.814359458703011,16.27347016397548,14.141824241834009,14.083731696315263,8.417796984328938,11.336785877934735,5.15571272675054,20.771211599071872,5.380062770465915,6.041840829147961,37.29827438881211,50.26785898322327,0.0,14.605983116249774,5.15571272675054,38.455944068351485,5.733667477162185,11.073990765314376,0.0,0.0,11.050456081168516,5.131558479839333,0.0,11.336785877934735,68.54635098380861,29.525365011975733,0.0,26.46513959392033,10.535775497216456,0.0,0.0,0.0,201.58,51.4842470947288,22.801408536544404,0.0,15.130702465984026,0.0,11.336785877934735,26.151274369537788,0.0,0.0,15.456479851704078,20.23053332942989,31.44978820569469,0.9796905422586336,44.39737831563419,16.334751159546904,3.256457088644816,-3.375611656986792,-2.3123389733980013,0.0,3.692820624691566,-4.756268639419342,0.4615384615384615,28,5,13,0,1,1,0,1,1,10,4,15,7,0,1,1,2,-1.172499999999998,95.65050000000004,1,0,0,1,0,1,0,0,1,1,3,2,0,0,0,3,1,1,0,0,0,0,0,0,0,0,0,2,0,1,0,0,0,0,0,0,0,0,0,0,0,0,0,0,0,0,0,0,0,0,0,0,0,1,0,0,0,0,0,0,0,0,0,1,0,0,0,0,0,0,0,0,0,0,0,0,0,0,0,0,1,0,0,0,0,562.0,Escherichia coli,Bacteria
116270,,5298468,CHEMBL1697375,Antimicrobial activity against Escherichia coli XL1-Blue harboring pBC-SK plasmid by broth microdilution method,F,BAO_0002146,BAO_0000218,organism-based format,C[C@H]1[C@H](NC(=O)/C(=N\OC(C)(C)C(=O)O)c2csc(N)n2)C(=O)N1S(=O)(=O)O,CHEMBL1687761,Antimicrob Agents Chemother,2010.0,CHEMBL158,AZTREONAM,CHEMBL158,0,http://www.openphacts.org/units/MicrogramPerMilliliter,1337794,=,1,1,=,MIC,ug.mL-1,0.12,CHEMBL354,Escherichia coli,Escherichia coli,562.0,,MIC,ug ml-1,UO_0000274,0.12,CHEMBL158,C[C@H]1[C@H](NC(=O)/C(=N\OC(C)(C)C(=O)O)c2csc(N)n2)C(=O)N1S(=O)(=O)O,12.562141912320484,12.562141912320484,0.0349535856009066,-4.756268639419342,0.174788224513646,20.5,435.44000000000017,418.30400000000014,435.051854504,154,0,0.3620751467724121,-0.4782270320177159,0.4782270320177159,0.3620751467724121,1.4642857142857142,2.071428571428572,2.5,32.24529764273617,10.00401161573638,2.513331128805475,-2.416338874010568,2.230948535260857,-2.707807208919476,7.836563836647012,-0.1608446168429468,2.971847309732629,2.2592762983237704,953.8851353067348,21.43879310982592,14.8114553779692,16.444448539824652,12.752743308167698,7.578995896792942,9.855612118054724,6.221230582074894,8.399971119282888,3.730567932227123,5.414072402778615,2.1128455580549623,3.54351374163482,-2.78,690205.5939907836,21.519292322605008,7.325918985638601,4.204134383579708,162.59031069995737,20.994572059745856,11.735768823996422,10.843243482610037,5.601050810983688,11.814359458703011,16.27347016397548,14.141824241834009,14.083731696315263,8.417796984328938,11.336785877934735,5.15571272675054,20.771211599071872,5.380062770465915,6.041840829147961,37.29827438881211,50.26785898322327,0.0,14.605983116249774,5.15571272675054,38.455944068351485,5.733667477162185,11.073990765314376,0.0,0.0,11.050456081168516,5.131558479839333,0.0,11.336785877934735,68.54635098380861,29.525365011975733,0.0,26.46513959392033,10.535775497216456,0.0,0.0,0.0,201.58,51.4842470947288,22.801408536544404,0.0,15.130702465984026,0.0,11.336785877934735,26.151274369537788,0.0,0.0,15.456479851704078,20.23053332942989,31.44978820569469,0.9796905422586336,44.39737831563419,16.334751159546904,3.256457088644816,-3.375611656986792,-2.3123389733980013,0.0,3.692820624691566,-4.756268639419342,0.4615384615384615,28,5,13,0,1,1,0,1,1,10,4,15,7,0,1,1,2,-1.172499999999998,95.65050000000004,1,0,0,1,0,1,0,0,1,1,3,2,0,0,0,3,1,1,0,0,0,0,0,0,0,0,0,2,0,1,0,0,0,0,0,0,0,0,0,0,0,0,0,0,0,0,0,0,0,0,0,0,0,1,0,0,0,0,0,0,0,0,0,1,0,0,0,0,0,0,0,0,0,0,0,0,0,0,0,0,1,0,0,0,0,562.0,Escherichia coli,Bacteria
116270,,5298468,CHEMBL1697375,Antimicrobial activity against Escherichia coli XL1-Blue harboring pBC-SK plasmid by broth microdilution method,F,BAO_0002146,BAO_0000218,organism-based format,C[C@H]1[C@H](NC(=O)/C(=N\OC(C)(C)C(=O)O)c2csc(N)n2)C(=O)N1S(=O)(=O)O,CHEMBL1687761,Antimicrob Agents Chemother,2010.0,CHEMBL158,AZTREONAM,CHEMBL158,0,http://www.openphacts.org/units/MicrogramPerMilliliter,1337794,=,1,1,=,MIC,ug.mL-1,0.12,CHEMBL354,Escherichia coli,Escherichia coli,562.0,,MIC,ug ml-1,UO_0000274,0.12,CHEMBL158,C[C@H]1[C@H](NC(=O)/C(=N\OC(C)(C)C(=O)O)c2csc(N)n2)C(=O)N1S(=O)(=O)O,12.562141912320484,12.562141912320484,0.0349535856009066,-4.756268639419342,0.174788224513646,20.5,435.44000000000017,418.30400000000014,435.051854504,154,0,0.3620751467724121,-0.4782270320177159,0.4782270320177159,0.3620751467724121,1.4642857142857142,2.071428571428572,2.5,32.24529764273617,10.00401161573638,2.513331128805475,-2.416338874010568,2.230948535260857,-2.707807208919476,7.836563836647012,-0.1608446168429468,2.971847309732629,2.2592762983237704,953.8851353067348,21.43879310982592,14.8114553779692,16.444448539824652,12.752743308167698,7.578995896792942,9.855612118054724,6.221230582074894,8.399971119282888,3.730567932227123,5.414072402778615,2.1128455580549623,3.54351374163482,-2.78,690205.5939907836,21.519292322605008,7.325918985638601,4.204134383579708,162.59031069995737,20.994572059745856,11.735768823996422,10.843243482610037,5.601050810983688,11.814359458703011,16.27347016397548,14.141824241834009,14.083731696315263,8.417796984328938,11.336785877934735,5.15571272675054,20.771211599071872,5.380062770465915,6.041840829147961,37.29827438881211,50.26785898322327,0.0,14.605983116249774,5.15571272675054,38.455944068351485,5.733667477162185,11.073990765314376,0.0,0.0,11.050456081168516,5.131558479839333,0.0,11.336785877934735,68.54635098380861,29.525365011975733,0.0,26.46513959392033,10.535775497216456,0.0,0.0,0.0,201.58,51.4842470947288,22.801408536544404,0.0,15.130702465984026,0.0,11.336785877934735,26.151274369537788,0.0,0.0,15.456479851704078,20.23053332942989,31.44978820569469,0.9796905422586336,44.39737831563419,16.334751159546904,3.256457088644816,-3.375611656986792,-2.3123389733980013,0.0,3.692820624691566,-4.756268639419342,0.4615384615384615,28,5,13,0,1,1,0,1,1,10,4,15,7,0,1,1,2,-1.172499999999998,95.65050000000004,1,0,0,1,0,1,0,0,1,1,3,2,0,0,0,3,1,1,0,0,0,0,0,0,0,0,0,2,0,1,0,0,0,0,0,0,0,0,0,0,0,0,0,0,0,0,0,0,0,0,0,0,0,1,0,0,0,0,0,0,0,0,0,1,0,0,0,0,0,0,0,0,0,0,0,0,0,0,0,0,1,0,0,0,0,562.0,Escherichia coli,Bacteria
116270,,5298468,CHEMBL1697375,Antimicrobial activity against Escherichia coli XL1-Blue harboring pBC-SK plasmid by broth microdilution method,F,BAO_0002146,BAO_0000218,organism-based format,C[C@H]1[C@H](NC(=O)/C(=N\OC(C)(C)C(=O)O)c2csc(N)n2)C(=O)N1S(=O)(=O)O,CHEMBL1687761,Antimicrob Agents Chemother,2010.0,CHEMBL158,AZTREONAM,CHEMBL158,0,http://www.openphacts.org/units/MicrogramPerMilliliter,1337794,=,1,1,=,MIC,ug.mL-1,0.12,CHEMBL354,Escherichia coli,Escherichia coli,562.0,,MIC,ug ml-1,UO_0000274,0.12,CHEMBL158,C[C@H]1[C@H](NC(=O)/C(=N\OC(C)(C)C(=O)O)c2csc(N)n2)C(=O)N1S(=O)(=O)O,12.562141912320484,12.562141912320484,0.0349535856009066,-4.756268639419342,0.174788224513646,20.5,435.44000000000017,418.30400000000014,435.051854504,154,0,0.3620751467724121,-0.4782270320177159,0.4782270320177159,0.3620751467724121,1.4642857142857142,2.071428571428572,2.5,32.24529764273617,10.00401161573638,2.513331128805475,-2.416338874010568,2.230948535260857,-2.707807208919476,7.836563836647012,-0.1608446168429468,2.971847309732629,2.2592762983237704,953.8851353067348,21.43879310982592,14.8114553779692,16.444448539824652,12.752743308167698,7.578995896792942,9.855612118054724,6.221230582074894,8.399971119282888,3.730567932227123,5.414072402778615,2.1128455580549623,3.54351374163482,-2.78,690205.5939907836,21.519292322605008,7.325918985638601,4.204134383579708,162.59031069995737,20.994572059745856,11.735768823996422,10.843243482610037,5.601050810983688,11.814359458703011,16.27347016397548,14.141824241834009,14.083731696315263,8.417796984328938,11.336785877934735,5.15571272675054,20.771211599071872,5.380062770465915,6.041840829147961,37.29827438881211,50.26785898322327,0.0,14.605983116249774,5.15571272675054,38.455944068351485,5.733667477162185,11.073990765314376,0.0,0.0,11.050456081168516,5.131558479839333,0.0,11.336785877934735,68.54635098380861,29.525365011975733,0.0,26.46513959392033,10.535775497216456,0.0,0.0,0.0,201.58,51.4842470947288,22.801408536544404,0.0,15.130702465984026,0.0,11.336785877934735,26.151274369537788,0.0,0.0,15.456479851704078,20.23053332942989,31.44978820569469,0.9796905422586336,44.39737831563419,16.334751159546904,3.256457088644816,-3.375611656986792,-2.3123389733980013,0.0,3.692820624691566,-4.756268639419342,0.4615384615384615,28,5,13,0,1,1,0,1,1,10,4,15,7,0,1,1,2,-1.172499999999998,95.65050000000004,1,0,0,1,0,1,0,0,1,1,3,2,0,0,0,3,1,1,0,0,0,0,0,0,0,0,0,2,0,1,0,0,0,0,0,0,0,0,0,0,0,0,0,0,0,0,0,0,0,0,0,0,0,1,0,0,0,0,0,0,0,0,0,1,0,0,0,0,0,0,0,0,0,0,0,0,0,0,0,0,1,0,0,0,0,562.0,Escherichia coli,Bacteria
116271,,5301798,CHEMBL1696771,Antimicrobial activity against Pseudomonas aeruginosa PAO1 by Etest method,F,BAO_0002146,BAO_0000218,organism-based format,C[C@H]1[C@H](NC(=O)/C(=N\OC(C)(C)C(=O)O)c2csc(N)n2)C(=O)N1S(=O)(=O)O,CHEMBL1687765,Antimicrob Agents Chemother,2010.0,CHEMBL158,AZTREONAM,CHEMBL158,0,http://www.openphacts.org/units/MicrogramPerMilliliter,1337814,=,1,1,=,MIC,ug.mL-1,4.0,CHEMBL348,Pseudomonas aeruginosa,Pseudomonas aeruginosa,287.0,,MIC,ug ml-1,UO_0000274,4.0,CHEMBL158,C[C@H]1[C@H](NC(=O)/C(=N\OC(C)(C)C(=O)O)c2csc(N)n2)C(=O)N1S(=O)(=O)O,12.562141912320484,12.562141912320484,0.0349535856009066,-4.756268639419342,0.174788224513646,20.5,435.44000000000017,418.30400000000014,435.051854504,154,0,0.3620751467724121,-0.4782270320177159,0.4782270320177159,0.3620751467724121,1.4642857142857142,2.071428571428572,2.5,32.24529764273617,10.00401161573638,2.513331128805475,-2.416338874010568,2.230948535260857,-2.707807208919476,7.836563836647012,-0.1608446168429468,2.971847309732629,2.2592762983237704,953.8851353067348,21.43879310982592,14.8114553779692,16.444448539824652,12.752743308167698,7.578995896792942,9.855612118054724,6.221230582074894,8.399971119282888,3.730567932227123,5.414072402778615,2.1128455580549623,3.54351374163482,-2.78,690205.5939907836,21.519292322605008,7.325918985638601,4.204134383579708,162.59031069995737,20.994572059745856,11.735768823996422,10.843243482610037,5.601050810983688,11.814359458703011,16.27347016397548,14.141824241834009,14.083731696315263,8.417796984328938,11.336785877934735,5.15571272675054,20.771211599071872,5.380062770465915,6.041840829147961,37.29827438881211,50.26785898322327,0.0,14.605983116249774,5.15571272675054,38.455944068351485,5.733667477162185,11.073990765314376,0.0,0.0,11.050456081168516,5.131558479839333,0.0,11.336785877934735,68.54635098380861,29.525365011975733,0.0,26.46513959392033,10.535775497216456,0.0,0.0,0.0,201.58,51.4842470947288,22.801408536544404,0.0,15.130702465984026,0.0,11.336785877934735,26.151274369537788,0.0,0.0,15.456479851704078,20.23053332942989,31.44978820569469,0.9796905422586336,44.39737831563419,16.334751159546904,3.256457088644816,-3.375611656986792,-2.3123389733980013,0.0,3.692820624691566,-4.756268639419342,0.4615384615384615,28,5,13,0,1,1,0,1,1,10,4,15,7,0,1,1,2,-1.172499999999998,95.65050000000004,1,0,0,1,0,1,0,0,1,1,3,2,0,0,0,3,1,1,0,0,0,0,0,0,0,0,0,2,0,1,0,0,0,0,0,0,0,0,0,0,0,0,0,0,0,0,0,0,0,0,0,0,0,1,0,0,0,0,0,0,0,0,0,1,0,0,0,0,0,0,0,0,0,0,0,0,0,0,0,0,1,0,0,0,0,287.0,Pseudomonas aeruginosa,Bacteria
116271,,5301798,CHEMBL1696771,Antimicrobial activity against Pseudomonas aeruginosa PAO1 by Etest method,F,BAO_0002146,BAO_0000218,organism-based format,C[C@H]1[C@H](NC(=O)/C(=N\OC(C)(C)C(=O)O)c2csc(N)n2)C(=O)N1S(=O)(=O)O,CHEMBL1687765,Antimicrob Agents Chemother,2010.0,CHEMBL158,AZTREONAM,CHEMBL158,0,http://www.openphacts.org/units/MicrogramPerMilliliter,1337814,=,1,1,=,MIC,ug.mL-1,4.0,CHEMBL348,Pseudomonas aeruginosa,Pseudomonas aeruginosa,287.0,,MIC,ug ml-1,UO_0000274,4.0,CHEMBL158,C[C@H]1[C@H](NC(=O)/C(=N\OC(C)(C)C(=O)O)c2csc(N)n2)C(=O)N1S(=O)(=O)O,12.562141912320484,12.562141912320484,0.0349535856009066,-4.756268639419342,0.174788224513646,20.5,435.44000000000017,418.30400000000014,435.051854504,154,0,0.3620751467724121,-0.4782270320177159,0.4782270320177159,0.3620751467724121,1.4642857142857142,2.071428571428572,2.5,32.24529764273617,10.00401161573638,2.513331128805475,-2.416338874010568,2.230948535260857,-2.707807208919476,7.836563836647012,-0.1608446168429468,2.971847309732629,2.2592762983237704,953.8851353067348,21.43879310982592,14.8114553779692,16.444448539824652,12.752743308167698,7.578995896792942,9.855612118054724,6.221230582074894,8.399971119282888,3.730567932227123,5.414072402778615,2.1128455580549623,3.54351374163482,-2.78,690205.5939907836,21.519292322605008,7.325918985638601,4.204134383579708,162.59031069995737,20.994572059745856,11.735768823996422,10.843243482610037,5.601050810983688,11.814359458703011,16.27347016397548,14.141824241834009,14.083731696315263,8.417796984328938,11.336785877934735,5.15571272675054,20.771211599071872,5.380062770465915,6.041840829147961,37.29827438881211,50.26785898322327,0.0,14.605983116249774,5.15571272675054,38.455944068351485,5.733667477162185,11.073990765314376,0.0,0.0,11.050456081168516,5.131558479839333,0.0,11.336785877934735,68.54635098380861,29.525365011975733,0.0,26.46513959392033,10.535775497216456,0.0,0.0,0.0,201.58,51.4842470947288,22.801408536544404,0.0,15.130702465984026,0.0,11.336785877934735,26.151274369537788,0.0,0.0,15.456479851704078,20.23053332942989,31.44978820569469,0.9796905422586336,44.39737831563419,16.334751159546904,3.256457088644816,-3.375611656986792,-2.3123389733980013,0.0,3.692820624691566,-4.756268639419342,0.4615384615384615,28,5,13,0,1,1,0,1,1,10,4,15,7,0,1,1,2,-1.172499999999998,95.65050000000004,1,0,0,1,0,1,0,0,1,1,3,2,0,0,0,3,1,1,0,0,0,0,0,0,0,0,0,2,0,1,0,0,0,0,0,0,0,0,0,0,0,0,0,0,0,0,0,0,0,0,0,0,0,1,0,0,0,0,0,0,0,0,0,1,0,0,0,0,0,0,0,0,0,0,0,0,0,0,0,0,1,0,0,0,0,287.0,Pseudomonas aeruginosa,Bacteria
116271,,5301798,CHEMBL1696771,Antimicrobial activity against Pseudomonas aeruginosa PAO1 by Etest method,F,BAO_0002146,BAO_0000218,organism-based format,C[C@H]1[C@H](NC(=O)/C(=N\OC(C)(C)C(=O)O)c2csc(N)n2)C(=O)N1S(=O)(=O)O,CHEMBL1687765,Antimicrob Agents Chemother,2010.0,CHEMBL158,AZTREONAM,CHEMBL158,0,http://www.openphacts.org/units/MicrogramPerMilliliter,1337814,=,1,1,=,MIC,ug.mL-1,4.0,CHEMBL348,Pseudomonas aeruginosa,Pseudomonas aeruginosa,287.0,,MIC,ug ml-1,UO_0000274,4.0,CHEMBL158,C[C@H]1[C@H](NC(=O)/C(=N\OC(C)(C)C(=O)O)c2csc(N)n2)C(=O)N1S(=O)(=O)O,12.562141912320484,12.562141912320484,0.0349535856009066,-4.756268639419342,0.174788224513646,20.5,435.44000000000017,418.30400000000014,435.051854504,154,0,0.3620751467724121,-0.4782270320177159,0.4782270320177159,0.3620751467724121,1.4642857142857142,2.071428571428572,2.5,32.24529764273617,10.00401161573638,2.513331128805475,-2.416338874010568,2.230948535260857,-2.707807208919476,7.836563836647012,-0.1608446168429468,2.971847309732629,2.2592762983237704,953.8851353067348,21.43879310982592,14.8114553779692,16.444448539824652,12.752743308167698,7.578995896792942,9.855612118054724,6.221230582074894,8.399971119282888,3.730567932227123,5.414072402778615,2.1128455580549623,3.54351374163482,-2.78,690205.5939907836,21.519292322605008,7.325918985638601,4.204134383579708,162.59031069995737,20.994572059745856,11.735768823996422,10.843243482610037,5.601050810983688,11.814359458703011,16.27347016397548,14.141824241834009,14.083731696315263,8.417796984328938,11.336785877934735,5.15571272675054,20.771211599071872,5.380062770465915,6.041840829147961,37.29827438881211,50.26785898322327,0.0,14.605983116249774,5.15571272675054,38.455944068351485,5.733667477162185,11.073990765314376,0.0,0.0,11.050456081168516,5.131558479839333,0.0,11.336785877934735,68.54635098380861,29.525365011975733,0.0,26.46513959392033,10.535775497216456,0.0,0.0,0.0,201.58,51.4842470947288,22.801408536544404,0.0,15.130702465984026,0.0,11.336785877934735,26.151274369537788,0.0,0.0,15.456479851704078,20.23053332942989,31.44978820569469,0.9796905422586336,44.39737831563419,16.334751159546904,3.256457088644816,-3.375611656986792,-2.3123389733980013,0.0,3.692820624691566,-4.756268639419342,0.4615384615384615,28,5,13,0,1,1,0,1,1,10,4,15,7,0,1,1,2,-1.172499999999998,95.65050000000004,1,0,0,1,0,1,0,0,1,1,3,2,0,0,0,3,1,1,0,0,0,0,0,0,0,0,0,2,0,1,0,0,0,0,0,0,0,0,0,0,0,0,0,0,0,0,0,0,0,0,0,0,0,1,0,0,0,0,0,0,0,0,0,1,0,0,0,0,0,0,0,0,0,0,0,0,0,0,0,0,1,0,0,0,0,287.0,Pseudomonas aeruginosa,Bacteria
116272,,5301799,CHEMBL1696772,Antimicrobial activity against nagZ::lox gene-deficient Pseudomonas aeruginosa PAO1 by Etest method,F,BAO_0002146,BAO_0000218,organism-based format,C[C@H]1[C@H](NC(=O)/C(=N\OC(C)(C)C(=O)O)c2csc(N)n2)C(=O)N1S(=O)(=O)O,CHEMBL1687765,Antimicrob Agents Chemother,2010.0,CHEMBL158,AZTREONAM,CHEMBL158,0,http://www.openphacts.org/units/MicrogramPerMilliliter,1337814,=,1,1,=,MIC,ug.mL-1,4.0,CHEMBL348,Pseudomonas aeruginosa,Pseudomonas aeruginosa,287.0,,MIC,ug ml-1,UO_0000274,4.0,CHEMBL158,C[C@H]1[C@H](NC(=O)/C(=N\OC(C)(C)C(=O)O)c2csc(N)n2)C(=O)N1S(=O)(=O)O,12.562141912320484,12.562141912320484,0.0349535856009066,-4.756268639419342,0.174788224513646,20.5,435.44000000000017,418.30400000000014,435.051854504,154,0,0.3620751467724121,-0.4782270320177159,0.4782270320177159,0.3620751467724121,1.4642857142857142,2.071428571428572,2.5,32.24529764273617,10.00401161573638,2.513331128805475,-2.416338874010568,2.230948535260857,-2.707807208919476,7.836563836647012,-0.1608446168429468,2.971847309732629,2.2592762983237704,953.8851353067348,21.43879310982592,14.8114553779692,16.444448539824652,12.752743308167698,7.578995896792942,9.855612118054724,6.221230582074894,8.399971119282888,3.730567932227123,5.414072402778615,2.1128455580549623,3.54351374163482,-2.78,690205.5939907836,21.519292322605008,7.325918985638601,4.204134383579708,162.59031069995737,20.994572059745856,11.735768823996422,10.843243482610037,5.601050810983688,11.814359458703011,16.27347016397548,14.141824241834009,14.083731696315263,8.417796984328938,11.336785877934735,5.15571272675054,20.771211599071872,5.380062770465915,6.041840829147961,37.29827438881211,50.26785898322327,0.0,14.605983116249774,5.15571272675054,38.455944068351485,5.733667477162185,11.073990765314376,0.0,0.0,11.050456081168516,5.131558479839333,0.0,11.336785877934735,68.54635098380861,29.525365011975733,0.0,26.46513959392033,10.535775497216456,0.0,0.0,0.0,201.58,51.4842470947288,22.801408536544404,0.0,15.130702465984026,0.0,11.336785877934735,26.151274369537788,0.0,0.0,15.456479851704078,20.23053332942989,31.44978820569469,0.9796905422586336,44.39737831563419,16.334751159546904,3.256457088644816,-3.375611656986792,-2.3123389733980013,0.0,3.692820624691566,-4.756268639419342,0.4615384615384615,28,5,13,0,1,1,0,1,1,10,4,15,7,0,1,1,2,-1.172499999999998,95.65050000000004,1,0,0,1,0,1,0,0,1,1,3,2,0,0,0,3,1,1,0,0,0,0,0,0,0,0,0,2,0,1,0,0,0,0,0,0,0,0,0,0,0,0,0,0,0,0,0,0,0,0,0,0,0,1,0,0,0,0,0,0,0,0,0,1,0,0,0,0,0,0,0,0,0,0,0,0,0,0,0,0,1,0,0,0,0,287.0,Pseudomonas aeruginosa,Bacteria
116272,,5301799,CHEMBL1696772,Antimicrobial activity against nagZ::lox gene-deficient Pseudomonas aeruginosa PAO1 by Etest method,F,BAO_0002146,BAO_0000218,organism-based format,C[C@H]1[C@H](NC(=O)/C(=N\OC(C)(C)C(=O)O)c2csc(N)n2)C(=O)N1S(=O)(=O)O,CHEMBL1687765,Antimicrob Agents Chemother,2010.0,CHEMBL158,AZTREONAM,CHEMBL158,0,http://www.openphacts.org/units/MicrogramPerMilliliter,1337814,=,1,1,=,MIC,ug.mL-1,4.0,CHEMBL348,Pseudomonas aeruginosa,Pseudomonas aeruginosa,287.0,,MIC,ug ml-1,UO_0000274,4.0,CHEMBL158,C[C@H]1[C@H](NC(=O)/C(=N\OC(C)(C)C(=O)O)c2csc(N)n2)C(=O)N1S(=O)(=O)O,12.562141912320484,12.562141912320484,0.0349535856009066,-4.756268639419342,0.174788224513646,20.5,435.44000000000017,418.30400000000014,435.051854504,154,0,0.3620751467724121,-0.4782270320177159,0.4782270320177159,0.3620751467724121,1.4642857142857142,2.071428571428572,2.5,32.24529764273617,10.00401161573638,2.513331128805475,-2.416338874010568,2.230948535260857,-2.707807208919476,7.836563836647012,-0.1608446168429468,2.971847309732629,2.2592762983237704,953.8851353067348,21.43879310982592,14.8114553779692,16.444448539824652,12.752743308167698,7.578995896792942,9.855612118054724,6.221230582074894,8.399971119282888,3.730567932227123,5.414072402778615,2.1128455580549623,3.54351374163482,-2.78,690205.5939907836,21.519292322605008,7.325918985638601,4.204134383579708,162.59031069995737,20.994572059745856,11.735768823996422,10.843243482610037,5.601050810983688,11.814359458703011,16.27347016397548,14.141824241834009,14.083731696315263,8.417796984328938,11.336785877934735,5.15571272675054,20.771211599071872,5.380062770465915,6.041840829147961,37.29827438881211,50.26785898322327,0.0,14.605983116249774,5.15571272675054,38.455944068351485,5.733667477162185,11.073990765314376,0.0,0.0,11.050456081168516,5.131558479839333,0.0,11.336785877934735,68.54635098380861,29.525365011975733,0.0,26.46513959392033,10.535775497216456,0.0,0.0,0.0,201.58,51.4842470947288,22.801408536544404,0.0,15.130702465984026,0.0,11.336785877934735,26.151274369537788,0.0,0.0,15.456479851704078,20.23053332942989,31.44978820569469,0.9796905422586336,44.39737831563419,16.334751159546904,3.256457088644816,-3.375611656986792,-2.3123389733980013,0.0,3.692820624691566,-4.756268639419342,0.4615384615384615,28,5,13,0,1,1,0,1,1,10,4,15,7,0,1,1,2,-1.172499999999998,95.65050000000004,1,0,0,1,0,1,0,0,1,1,3,2,0,0,0,3,1,1,0,0,0,0,0,0,0,0,0,2,0,1,0,0,0,0,0,0,0,0,0,0,0,0,0,0,0,0,0,0,0,0,0,0,0,1,0,0,0,0,0,0,0,0,0,1,0,0,0,0,0,0,0,0,0,0,0,0,0,0,0,0,1,0,0,0,0,287.0,Pseudomonas aeruginosa,Bacteria
116272,,5301799,CHEMBL1696772,Antimicrobial activity against nagZ::lox gene-deficient Pseudomonas aeruginosa PAO1 by Etest method,F,BAO_0002146,BAO_0000218,organism-based format,C[C@H]1[C@H](NC(=O)/C(=N\OC(C)(C)C(=O)O)c2csc(N)n2)C(=O)N1S(=O)(=O)O,CHEMBL1687765,Antimicrob Agents Chemother,2010.0,CHEMBL158,AZTREONAM,CHEMBL158,0,http://www.openphacts.org/units/MicrogramPerMilliliter,1337814,=,1,1,=,MIC,ug.mL-1,4.0,CHEMBL348,Pseudomonas aeruginosa,Pseudomonas aeruginosa,287.0,,MIC,ug ml-1,UO_0000274,4.0,CHEMBL158,C[C@H]1[C@H](NC(=O)/C(=N\OC(C)(C)C(=O)O)c2csc(N)n2)C(=O)N1S(=O)(=O)O,12.562141912320484,12.562141912320484,0.0349535856009066,-4.756268639419342,0.174788224513646,20.5,435.44000000000017,418.30400000000014,435.051854504,154,0,0.3620751467724121,-0.4782270320177159,0.4782270320177159,0.3620751467724121,1.4642857142857142,2.071428571428572,2.5,32.24529764273617,10.00401161573638,2.513331128805475,-2.416338874010568,2.230948535260857,-2.707807208919476,7.836563836647012,-0.1608446168429468,2.971847309732629,2.2592762983237704,953.8851353067348,21.43879310982592,14.8114553779692,16.444448539824652,12.752743308167698,7.578995896792942,9.855612118054724,6.221230582074894,8.399971119282888,3.730567932227123,5.414072402778615,2.1128455580549623,3.54351374163482,-2.78,690205.5939907836,21.519292322605008,7.325918985638601,4.204134383579708,162.59031069995737,20.994572059745856,11.735768823996422,10.843243482610037,5.601050810983688,11.814359458703011,16.27347016397548,14.141824241834009,14.083731696315263,8.417796984328938,11.336785877934735,5.15571272675054,20.771211599071872,5.380062770465915,6.041840829147961,37.29827438881211,50.26785898322327,0.0,14.605983116249774,5.15571272675054,38.455944068351485,5.733667477162185,11.073990765314376,0.0,0.0,11.050456081168516,5.131558479839333,0.0,11.336785877934735,68.54635098380861,29.525365011975733,0.0,26.46513959392033,10.535775497216456,0.0,0.0,0.0,201.58,51.4842470947288,22.801408536544404,0.0,15.130702465984026,0.0,11.336785877934735,26.151274369537788,0.0,0.0,15.456479851704078,20.23053332942989,31.44978820569469,0.9796905422586336,44.39737831563419,16.334751159546904,3.256457088644816,-3.375611656986792,-2.3123389733980013,0.0,3.692820624691566,-4.756268639419342,0.4615384615384615,28,5,13,0,1,1,0,1,1,10,4,15,7,0,1,1,2,-1.172499999999998,95.65050000000004,1,0,0,1,0,1,0,0,1,1,3,2,0,0,0,3,1,1,0,0,0,0,0,0,0,0,0,2,0,1,0,0,0,0,0,0,0,0,0,0,0,0,0,0,0,0,0,0,0,0,0,0,0,1,0,0,0,0,0,0,0,0,0,1,0,0,0,0,0,0,0,0,0,0,0,0,0,0,0,0,1,0,0,0,0,287.0,Pseudomonas aeruginosa,Bacteria
116273,,5301800,CHEMBL1696773,Antimicrobial activity against ampD::lox gene-deficient Pseudomonas aeruginosa PAO1 by Etest method,F,BAO_0002146,BAO_0000218,organism-based format,C[C@H]1[C@H](NC(=O)/C(=N\OC(C)(C)C(=O)O)c2csc(N)n2)C(=O)N1S(=O)(=O)O,CHEMBL1687765,Antimicrob Agents Chemother,2010.0,CHEMBL158,AZTREONAM,CHEMBL158,0,http://www.openphacts.org/units/MicrogramPerMilliliter,1337814,=,1,1,=,MIC,ug.mL-1,12.0,CHEMBL348,Pseudomonas aeruginosa,Pseudomonas aeruginosa,287.0,,MIC,ug ml-1,UO_0000274,12.0,CHEMBL158,C[C@H]1[C@H](NC(=O)/C(=N\OC(C)(C)C(=O)O)c2csc(N)n2)C(=O)N1S(=O)(=O)O,12.562141912320484,12.562141912320484,0.0349535856009066,-4.756268639419342,0.174788224513646,20.5,435.44000000000017,418.30400000000014,435.051854504,154,0,0.3620751467724121,-0.4782270320177159,0.4782270320177159,0.3620751467724121,1.4642857142857142,2.071428571428572,2.5,32.24529764273617,10.00401161573638,2.513331128805475,-2.416338874010568,2.230948535260857,-2.707807208919476,7.836563836647012,-0.1608446168429468,2.971847309732629,2.2592762983237704,953.8851353067348,21.43879310982592,14.8114553779692,16.444448539824652,12.752743308167698,7.578995896792942,9.855612118054724,6.221230582074894,8.399971119282888,3.730567932227123,5.414072402778615,2.1128455580549623,3.54351374163482,-2.78,690205.5939907836,21.519292322605008,7.325918985638601,4.204134383579708,162.59031069995737,20.994572059745856,11.735768823996422,10.843243482610037,5.601050810983688,11.814359458703011,16.27347016397548,14.141824241834009,14.083731696315263,8.417796984328938,11.336785877934735,5.15571272675054,20.771211599071872,5.380062770465915,6.041840829147961,37.29827438881211,50.26785898322327,0.0,14.605983116249774,5.15571272675054,38.455944068351485,5.733667477162185,11.073990765314376,0.0,0.0,11.050456081168516,5.131558479839333,0.0,11.336785877934735,68.54635098380861,29.525365011975733,0.0,26.46513959392033,10.535775497216456,0.0,0.0,0.0,201.58,51.4842470947288,22.801408536544404,0.0,15.130702465984026,0.0,11.336785877934735,26.151274369537788,0.0,0.0,15.456479851704078,20.23053332942989,31.44978820569469,0.9796905422586336,44.39737831563419,16.334751159546904,3.256457088644816,-3.375611656986792,-2.3123389733980013,0.0,3.692820624691566,-4.756268639419342,0.4615384615384615,28,5,13,0,1,1,0,1,1,10,4,15,7,0,1,1,2,-1.172499999999998,95.65050000000004,1,0,0,1,0,1,0,0,1,1,3,2,0,0,0,3,1,1,0,0,0,0,0,0,0,0,0,2,0,1,0,0,0,0,0,0,0,0,0,0,0,0,0,0,0,0,0,0,0,0,0,0,0,1,0,0,0,0,0,0,0,0,0,1,0,0,0,0,0,0,0,0,0,0,0,0,0,0,0,0,1,0,0,0,0,287.0,Pseudomonas aeruginosa,Bacteria
116273,,5301800,CHEMBL1696773,Antimicrobial activity against ampD::lox gene-deficient Pseudomonas aeruginosa PAO1 by Etest method,F,BAO_0002146,BAO_0000218,organism-based format,C[C@H]1[C@H](NC(=O)/C(=N\OC(C)(C)C(=O)O)c2csc(N)n2)C(=O)N1S(=O)(=O)O,CHEMBL1687765,Antimicrob Agents Chemother,2010.0,CHEMBL158,AZTREONAM,CHEMBL158,0,http://www.openphacts.org/units/MicrogramPerMilliliter,1337814,=,1,1,=,MIC,ug.mL-1,12.0,CHEMBL348,Pseudomonas aeruginosa,Pseudomonas aeruginosa,287.0,,MIC,ug ml-1,UO_0000274,12.0,CHEMBL158,C[C@H]1[C@H](NC(=O)/C(=N\OC(C)(C)C(=O)O)c2csc(N)n2)C(=O)N1S(=O)(=O)O,12.562141912320484,12.562141912320484,0.0349535856009066,-4.756268639419342,0.174788224513646,20.5,435.44000000000017,418.30400000000014,435.051854504,154,0,0.3620751467724121,-0.4782270320177159,0.4782270320177159,0.3620751467724121,1.4642857142857142,2.071428571428572,2.5,32.24529764273617,10.00401161573638,2.513331128805475,-2.416338874010568,2.230948535260857,-2.707807208919476,7.836563836647012,-0.1608446168429468,2.971847309732629,2.2592762983237704,953.8851353067348,21.43879310982592,14.8114553779692,16.444448539824652,12.752743308167698,7.578995896792942,9.855612118054724,6.221230582074894,8.399971119282888,3.730567932227123,5.414072402778615,2.1128455580549623,3.54351374163482,-2.78,690205.5939907836,21.519292322605008,7.325918985638601,4.204134383579708,162.59031069995737,20.994572059745856,11.735768823996422,10.843243482610037,5.601050810983688,11.814359458703011,16.27347016397548,14.141824241834009,14.083731696315263,8.417796984328938,11.336785877934735,5.15571272675054,20.771211599071872,5.380062770465915,6.041840829147961,37.29827438881211,50.26785898322327,0.0,14.605983116249774,5.15571272675054,38.455944068351485,5.733667477162185,11.073990765314376,0.0,0.0,11.050456081168516,5.131558479839333,0.0,11.336785877934735,68.54635098380861,29.525365011975733,0.0,26.46513959392033,10.535775497216456,0.0,0.0,0.0,201.58,51.4842470947288,22.801408536544404,0.0,15.130702465984026,0.0,11.336785877934735,26.151274369537788,0.0,0.0,15.456479851704078,20.23053332942989,31.44978820569469,0.9796905422586336,44.39737831563419,16.334751159546904,3.256457088644816,-3.375611656986792,-2.3123389733980013,0.0,3.692820624691566,-4.756268639419342,0.4615384615384615,28,5,13,0,1,1,0,1,1,10,4,15,7,0,1,1,2,-1.172499999999998,95.65050000000004,1,0,0,1,0,1,0,0,1,1,3,2,0,0,0,3,1,1,0,0,0,0,0,0,0,0,0,2,0,1,0,0,0,0,0,0,0,0,0,0,0,0,0,0,0,0,0,0,0,0,0,0,0,1,0,0,0,0,0,0,0,0,0,1,0,0,0,0,0,0,0,0,0,0,0,0,0,0,0,0,1,0,0,0,0,287.0,Pseudomonas aeruginosa,Bacteria
116273,,5301800,CHEMBL1696773,Antimicrobial activity against ampD::lox gene-deficient Pseudomonas aeruginosa PAO1 by Etest method,F,BAO_0002146,BAO_0000218,organism-based format,C[C@H]1[C@H](NC(=O)/C(=N\OC(C)(C)C(=O)O)c2csc(N)n2)C(=O)N1S(=O)(=O)O,CHEMBL1687765,Antimicrob Agents Chemother,2010.0,CHEMBL158,AZTREONAM,CHEMBL158,0,http://www.openphacts.org/units/MicrogramPerMilliliter,1337814,=,1,1,=,MIC,ug.mL-1,12.0,CHEMBL348,Pseudomonas aeruginosa,Pseudomonas aeruginosa,287.0,,MIC,ug ml-1,UO_0000274,12.0,CHEMBL158,C[C@H]1[C@H](NC(=O)/C(=N\OC(C)(C)C(=O)O)c2csc(N)n2)C(=O)N1S(=O)(=O)O,12.562141912320484,12.562141912320484,0.0349535856009066,-4.756268639419342,0.174788224513646,20.5,435.44000000000017,418.30400000000014,435.051854504,154,0,0.3620751467724121,-0.4782270320177159,0.4782270320177159,0.3620751467724121,1.4642857142857142,2.071428571428572,2.5,32.24529764273617,10.00401161573638,2.513331128805475,-2.416338874010568,2.230948535260857,-2.707807208919476,7.836563836647012,-0.1608446168429468,2.971847309732629,2.2592762983237704,953.8851353067348,21.43879310982592,14.8114553779692,16.444448539824652,12.752743308167698,7.578995896792942,9.855612118054724,6.221230582074894,8.399971119282888,3.730567932227123,5.414072402778615,2.1128455580549623,3.54351374163482,-2.78,690205.5939907836,21.519292322605008,7.325918985638601,4.204134383579708,162.59031069995737,20.994572059745856,11.735768823996422,10.843243482610037,5.601050810983688,11.814359458703011,16.27347016397548,14.141824241834009,14.083731696315263,8.417796984328938,11.336785877934735,5.15571272675054,20.771211599071872,5.380062770465915,6.041840829147961,37.29827438881211,50.26785898322327,0.0,14.605983116249774,5.15571272675054,38.455944068351485,5.733667477162185,11.073990765314376,0.0,0.0,11.050456081168516,5.131558479839333,0.0,11.336785877934735,68.54635098380861,29.525365011975733,0.0,26.46513959392033,10.535775497216456,0.0,0.0,0.0,201.58,51.4842470947288,22.801408536544404,0.0,15.130702465984026,0.0,11.336785877934735,26.151274369537788,0.0,0.0,15.456479851704078,20.23053332942989,31.44978820569469,0.9796905422586336,44.39737831563419,16.334751159546904,3.256457088644816,-3.375611656986792,-2.3123389733980013,0.0,3.692820624691566,-4.756268639419342,0.4615384615384615,28,5,13,0,1,1,0,1,1,10,4,15,7,0,1,1,2,-1.172499999999998,95.65050000000004,1,0,0,1,0,1,0,0,1,1,3,2,0,0,0,3,1,1,0,0,0,0,0,0,0,0,0,2,0,1,0,0,0,0,0,0,0,0,0,0,0,0,0,0,0,0,0,0,0,0,0,0,0,1,0,0,0,0,0,0,0,0,0,1,0,0,0,0,0,0,0,0,0,0,0,0,0,0,0,0,1,0,0,0,0,287.0,Pseudomonas aeruginosa,Bacteria
116274,,5301801,CHEMBL1696774,Antimicrobial activity against ampD::lox and nagZ::lox gene-deficient Pseudomonas aeruginosa PAO1 by Etest method,F,BAO_0002146,BAO_0000218,organism-based format,C[C@H]1[C@H](NC(=O)/C(=N\OC(C)(C)C(=O)O)c2csc(N)n2)C(=O)N1S(=O)(=O)O,CHEMBL1687765,Antimicrob Agents Chemother,2010.0,CHEMBL158,AZTREONAM,CHEMBL158,0,http://www.openphacts.org/units/MicrogramPerMilliliter,1337814,=,1,1,=,MIC,ug.mL-1,4.0,CHEMBL348,Pseudomonas aeruginosa,Pseudomonas aeruginosa,287.0,,MIC,ug ml-1,UO_0000274,4.0,CHEMBL158,C[C@H]1[C@H](NC(=O)/C(=N\OC(C)(C)C(=O)O)c2csc(N)n2)C(=O)N1S(=O)(=O)O,12.562141912320484,12.562141912320484,0.0349535856009066,-4.756268639419342,0.174788224513646,20.5,435.44000000000017,418.30400000000014,435.051854504,154,0,0.3620751467724121,-0.4782270320177159,0.4782270320177159,0.3620751467724121,1.4642857142857142,2.071428571428572,2.5,32.24529764273617,10.00401161573638,2.513331128805475,-2.416338874010568,2.230948535260857,-2.707807208919476,7.836563836647012,-0.1608446168429468,2.971847309732629,2.2592762983237704,953.8851353067348,21.43879310982592,14.8114553779692,16.444448539824652,12.752743308167698,7.578995896792942,9.855612118054724,6.221230582074894,8.399971119282888,3.730567932227123,5.414072402778615,2.1128455580549623,3.54351374163482,-2.78,690205.5939907836,21.519292322605008,7.325918985638601,4.204134383579708,162.59031069995737,20.994572059745856,11.735768823996422,10.843243482610037,5.601050810983688,11.814359458703011,16.27347016397548,14.141824241834009,14.083731696315263,8.417796984328938,11.336785877934735,5.15571272675054,20.771211599071872,5.380062770465915,6.041840829147961,37.29827438881211,50.26785898322327,0.0,14.605983116249774,5.15571272675054,38.455944068351485,5.733667477162185,11.073990765314376,0.0,0.0,11.050456081168516,5.131558479839333,0.0,11.336785877934735,68.54635098380861,29.525365011975733,0.0,26.46513959392033,10.535775497216456,0.0,0.0,0.0,201.58,51.4842470947288,22.801408536544404,0.0,15.130702465984026,0.0,11.336785877934735,26.151274369537788,0.0,0.0,15.456479851704078,20.23053332942989,31.44978820569469,0.9796905422586336,44.39737831563419,16.334751159546904,3.256457088644816,-3.375611656986792,-2.3123389733980013,0.0,3.692820624691566,-4.756268639419342,0.4615384615384615,28,5,13,0,1,1,0,1,1,10,4,15,7,0,1,1,2,-1.172499999999998,95.65050000000004,1,0,0,1,0,1,0,0,1,1,3,2,0,0,0,3,1,1,0,0,0,0,0,0,0,0,0,2,0,1,0,0,0,0,0,0,0,0,0,0,0,0,0,0,0,0,0,0,0,0,0,0,0,1,0,0,0,0,0,0,0,0,0,1,0,0,0,0,0,0,0,0,0,0,0,0,0,0,0,0,1,0,0,0,0,287.0,Pseudomonas aeruginosa,Bacteria
116274,,5301801,CHEMBL1696774,Antimicrobial activity against ampD::lox and nagZ::lox gene-deficient Pseudomonas aeruginosa PAO1 by Etest method,F,BAO_0002146,BAO_0000218,organism-based format,C[C@H]1[C@H](NC(=O)/C(=N\OC(C)(C)C(=O)O)c2csc(N)n2)C(=O)N1S(=O)(=O)O,CHEMBL1687765,Antimicrob Agents Chemother,2010.0,CHEMBL158,AZTREONAM,CHEMBL158,0,http://www.openphacts.org/units/MicrogramPerMilliliter,1337814,=,1,1,=,MIC,ug.mL-1,4.0,CHEMBL348,Pseudomonas aeruginosa,Pseudomonas aeruginosa,287.0,,MIC,ug ml-1,UO_0000274,4.0,CHEMBL158,C[C@H]1[C@H](NC(=O)/C(=N\OC(C)(C)C(=O)O)c2csc(N)n2)C(=O)N1S(=O)(=O)O,12.562141912320484,12.562141912320484,0.0349535856009066,-4.756268639419342,0.174788224513646,20.5,435.44000000000017,418.30400000000014,435.051854504,154,0,0.3620751467724121,-0.4782270320177159,0.4782270320177159,0.3620751467724121,1.4642857142857142,2.071428571428572,2.5,32.24529764273617,10.00401161573638,2.513331128805475,-2.416338874010568,2.230948535260857,-2.707807208919476,7.836563836647012,-0.1608446168429468,2.971847309732629,2.2592762983237704,953.8851353067348,21.43879310982592,14.8114553779692,16.444448539824652,12.752743308167698,7.578995896792942,9.855612118054724,6.221230582074894,8.399971119282888,3.730567932227123,5.414072402778615,2.1128455580549623,3.54351374163482,-2.78,690205.5939907836,21.519292322605008,7.325918985638601,4.204134383579708,162.59031069995737,20.994572059745856,11.735768823996422,10.843243482610037,5.601050810983688,11.814359458703011,16.27347016397548,14.141824241834009,14.083731696315263,8.417796984328938,11.336785877934735,5.15571272675054,20.771211599071872,5.380062770465915,6.041840829147961,37.29827438881211,50.26785898322327,0.0,14.605983116249774,5.15571272675054,38.455944068351485,5.733667477162185,11.073990765314376,0.0,0.0,11.050456081168516,5.131558479839333,0.0,11.336785877934735,68.54635098380861,29.525365011975733,0.0,26.46513959392033,10.535775497216456,0.0,0.0,0.0,201.58,51.4842470947288,22.801408536544404,0.0,15.130702465984026,0.0,11.336785877934735,26.151274369537788,0.0,0.0,15.456479851704078,20.23053332942989,31.44978820569469,0.9796905422586336,44.39737831563419,16.334751159546904,3.256457088644816,-3.375611656986792,-2.3123389733980013,0.0,3.692820624691566,-4.756268639419342,0.4615384615384615,28,5,13,0,1,1,0,1,1,10,4,15,7,0,1,1,2,-1.172499999999998,95.65050000000004,1,0,0,1,0,1,0,0,1,1,3,2,0,0,0,3,1,1,0,0,0,0,0,0,0,0,0,2,0,1,0,0,0,0,0,0,0,0,0,0,0,0,0,0,0,0,0,0,0,0,0,0,0,1,0,0,0,0,0,0,0,0,0,1,0,0,0,0,0,0,0,0,0,0,0,0,0,0,0,0,1,0,0,0,0,287.0,Pseudomonas aeruginosa,Bacteria
116274,,5301801,CHEMBL1696774,Antimicrobial activity against ampD::lox and nagZ::lox gene-deficient Pseudomonas aeruginosa PAO1 by Etest method,F,BAO_0002146,BAO_0000218,organism-based format,C[C@H]1[C@H](NC(=O)/C(=N\OC(C)(C)C(=O)O)c2csc(N)n2)C(=O)N1S(=O)(=O)O,CHEMBL1687765,Antimicrob Agents Chemother,2010.0,CHEMBL158,AZTREONAM,CHEMBL158,0,http://www.openphacts.org/units/MicrogramPerMilliliter,1337814,=,1,1,=,MIC,ug.mL-1,4.0,CHEMBL348,Pseudomonas aeruginosa,Pseudomonas aeruginosa,287.0,,MIC,ug ml-1,UO_0000274,4.0,CHEMBL158,C[C@H]1[C@H](NC(=O)/C(=N\OC(C)(C)C(=O)O)c2csc(N)n2)C(=O)N1S(=O)(=O)O,12.562141912320484,12.562141912320484,0.0349535856009066,-4.756268639419342,0.174788224513646,20.5,435.44000000000017,418.30400000000014,435.051854504,154,0,0.3620751467724121,-0.4782270320177159,0.4782270320177159,0.3620751467724121,1.4642857142857142,2.071428571428572,2.5,32.24529764273617,10.00401161573638,2.513331128805475,-2.416338874010568,2.230948535260857,-2.707807208919476,7.836563836647012,-0.1608446168429468,2.971847309732629,2.2592762983237704,953.8851353067348,21.43879310982592,14.8114553779692,16.444448539824652,12.752743308167698,7.578995896792942,9.855612118054724,6.221230582074894,8.399971119282888,3.730567932227123,5.414072402778615,2.1128455580549623,3.54351374163482,-2.78,690205.5939907836,21.519292322605008,7.325918985638601,4.204134383579708,162.59031069995737,20.994572059745856,11.735768823996422,10.843243482610037,5.601050810983688,11.814359458703011,16.27347016397548,14.141824241834009,14.083731696315263,8.417796984328938,11.336785877934735,5.15571272675054,20.771211599071872,5.380062770465915,6.041840829147961,37.29827438881211,50.26785898322327,0.0,14.605983116249774,5.15571272675054,38.455944068351485,5.733667477162185,11.073990765314376,0.0,0.0,11.050456081168516,5.131558479839333,0.0,11.336785877934735,68.54635098380861,29.525365011975733,0.0,26.46513959392033,10.535775497216456,0.0,0.0,0.0,201.58,51.4842470947288,22.801408536544404,0.0,15.130702465984026,0.0,11.336785877934735,26.151274369537788,0.0,0.0,15.456479851704078,20.23053332942989,31.44978820569469,0.9796905422586336,44.39737831563419,16.334751159546904,3.256457088644816,-3.375611656986792,-2.3123389733980013,0.0,3.692820624691566,-4.756268639419342,0.4615384615384615,28,5,13,0,1,1,0,1,1,10,4,15,7,0,1,1,2,-1.172499999999998,95.65050000000004,1,0,0,1,0,1,0,0,1,1,3,2,0,0,0,3,1,1,0,0,0,0,0,0,0,0,0,2,0,1,0,0,0,0,0,0,0,0,0,0,0,0,0,0,0,0,0,0,0,0,0,0,0,1,0,0,0,0,0,0,0,0,0,1,0,0,0,0,0,0,0,0,0,0,0,0,0,0,0,0,1,0,0,0,0,287.0,Pseudomonas aeruginosa,Bacteria
116275,,5301802,CHEMBL1696775,Antimicrobial activity against dacB::lox gene-deficient Pseudomonas aeruginosa PAO1 by Etest method,F,BAO_0002146,BAO_0000218,organism-based format,C[C@H]1[C@H](NC(=O)/C(=N\OC(C)(C)C(=O)O)c2csc(N)n2)C(=O)N1S(=O)(=O)O,CHEMBL1687765,Antimicrob Agents Chemother,2010.0,CHEMBL158,AZTREONAM,CHEMBL158,0,http://www.openphacts.org/units/MicrogramPerMilliliter,1337814,=,1,1,=,MIC,ug.mL-1,24.0,CHEMBL348,Pseudomonas aeruginosa,Pseudomonas aeruginosa,287.0,,MIC,ug ml-1,UO_0000274,24.0,CHEMBL158,C[C@H]1[C@H](NC(=O)/C(=N\OC(C)(C)C(=O)O)c2csc(N)n2)C(=O)N1S(=O)(=O)O,12.562141912320484,12.562141912320484,0.0349535856009066,-4.756268639419342,0.174788224513646,20.5,435.44000000000017,418.30400000000014,435.051854504,154,0,0.3620751467724121,-0.4782270320177159,0.4782270320177159,0.3620751467724121,1.4642857142857142,2.071428571428572,2.5,32.24529764273617,10.00401161573638,2.513331128805475,-2.416338874010568,2.230948535260857,-2.707807208919476,7.836563836647012,-0.1608446168429468,2.971847309732629,2.2592762983237704,953.8851353067348,21.43879310982592,14.8114553779692,16.444448539824652,12.752743308167698,7.578995896792942,9.855612118054724,6.221230582074894,8.399971119282888,3.730567932227123,5.414072402778615,2.1128455580549623,3.54351374163482,-2.78,690205.5939907836,21.519292322605008,7.325918985638601,4.204134383579708,162.59031069995737,20.994572059745856,11.735768823996422,10.843243482610037,5.601050810983688,11.814359458703011,16.27347016397548,14.141824241834009,14.083731696315263,8.417796984328938,11.336785877934735,5.15571272675054,20.771211599071872,5.380062770465915,6.041840829147961,37.29827438881211,50.26785898322327,0.0,14.605983116249774,5.15571272675054,38.455944068351485,5.733667477162185,11.073990765314376,0.0,0.0,11.050456081168516,5.131558479839333,0.0,11.336785877934735,68.54635098380861,29.525365011975733,0.0,26.46513959392033,10.535775497216456,0.0,0.0,0.0,201.58,51.4842470947288,22.801408536544404,0.0,15.130702465984026,0.0,11.336785877934735,26.151274369537788,0.0,0.0,15.456479851704078,20.23053332942989,31.44978820569469,0.9796905422586336,44.39737831563419,16.334751159546904,3.256457088644816,-3.375611656986792,-2.3123389733980013,0.0,3.692820624691566,-4.756268639419342,0.4615384615384615,28,5,13,0,1,1,0,1,1,10,4,15,7,0,1,1,2,-1.172499999999998,95.65050000000004,1,0,0,1,0,1,0,0,1,1,3,2,0,0,0,3,1,1,0,0,0,0,0,0,0,0,0,2,0,1,0,0,0,0,0,0,0,0,0,0,0,0,0,0,0,0,0,0,0,0,0,0,0,1,0,0,0,0,0,0,0,0,0,1,0,0,0,0,0,0,0,0,0,0,0,0,0,0,0,0,1,0,0,0,0,287.0,Pseudomonas aeruginosa,Bacteria
116275,,5301802,CHEMBL1696775,Antimicrobial activity against dacB::lox gene-deficient Pseudomonas aeruginosa PAO1 by Etest method,F,BAO_0002146,BAO_0000218,organism-based format,C[C@H]1[C@H](NC(=O)/C(=N\OC(C)(C)C(=O)O)c2csc(N)n2)C(=O)N1S(=O)(=O)O,CHEMBL1687765,Antimicrob Agents Chemother,2010.0,CHEMBL158,AZTREONAM,CHEMBL158,0,http://www.openphacts.org/units/MicrogramPerMilliliter,1337814,=,1,1,=,MIC,ug.mL-1,24.0,CHEMBL348,Pseudomonas aeruginosa,Pseudomonas aeruginosa,287.0,,MIC,ug ml-1,UO_0000274,24.0,CHEMBL158,C[C@H]1[C@H](NC(=O)/C(=N\OC(C)(C)C(=O)O)c2csc(N)n2)C(=O)N1S(=O)(=O)O,12.562141912320484,12.562141912320484,0.0349535856009066,-4.756268639419342,0.174788224513646,20.5,435.44000000000017,418.30400000000014,435.051854504,154,0,0.3620751467724121,-0.4782270320177159,0.4782270320177159,0.3620751467724121,1.4642857142857142,2.071428571428572,2.5,32.24529764273617,10.00401161573638,2.513331128805475,-2.416338874010568,2.230948535260857,-2.707807208919476,7.836563836647012,-0.1608446168429468,2.971847309732629,2.2592762983237704,953.8851353067348,21.43879310982592,14.8114553779692,16.444448539824652,12.752743308167698,7.578995896792942,9.855612118054724,6.221230582074894,8.399971119282888,3.730567932227123,5.414072402778615,2.1128455580549623,3.54351374163482,-2.78,690205.5939907836,21.519292322605008,7.325918985638601,4.204134383579708,162.59031069995737,20.994572059745856,11.735768823996422,10.843243482610037,5.601050810983688,11.814359458703011,16.27347016397548,14.141824241834009,14.083731696315263,8.417796984328938,11.336785877934735,5.15571272675054,20.771211599071872,5.380062770465915,6.041840829147961,37.29827438881211,50.26785898322327,0.0,14.605983116249774,5.15571272675054,38.455944068351485,5.733667477162185,11.073990765314376,0.0,0.0,11.050456081168516,5.131558479839333,0.0,11.336785877934735,68.54635098380861,29.525365011975733,0.0,26.46513959392033,10.535775497216456,0.0,0.0,0.0,201.58,51.4842470947288,22.801408536544404,0.0,15.130702465984026,0.0,11.336785877934735,26.151274369537788,0.0,0.0,15.456479851704078,20.23053332942989,31.44978820569469,0.9796905422586336,44.39737831563419,16.334751159546904,3.256457088644816,-3.375611656986792,-2.3123389733980013,0.0,3.692820624691566,-4.756268639419342,0.4615384615384615,28,5,13,0,1,1,0,1,1,10,4,15,7,0,1,1,2,-1.172499999999998,95.65050000000004,1,0,0,1,0,1,0,0,1,1,3,2,0,0,0,3,1,1,0,0,0,0,0,0,0,0,0,2,0,1,0,0,0,0,0,0,0,0,0,0,0,0,0,0,0,0,0,0,0,0,0,0,0,1,0,0,0,0,0,0,0,0,0,1,0,0,0,0,0,0,0,0,0,0,0,0,0,0,0,0,1,0,0,0,0,287.0,Pseudomonas aeruginosa,Bacteria
116275,,5301802,CHEMBL1696775,Antimicrobial activity against dacB::lox gene-deficient Pseudomonas aeruginosa PAO1 by Etest method,F,BAO_0002146,BAO_0000218,organism-based format,C[C@H]1[C@H](NC(=O)/C(=N\OC(C)(C)C(=O)O)c2csc(N)n2)C(=O)N1S(=O)(=O)O,CHEMBL1687765,Antimicrob Agents Chemother,2010.0,CHEMBL158,AZTREONAM,CHEMBL158,0,http://www.openphacts.org/units/MicrogramPerMilliliter,1337814,=,1,1,=,MIC,ug.mL-1,24.0,CHEMBL348,Pseudomonas aeruginosa,Pseudomonas aeruginosa,287.0,,MIC,ug ml-1,UO_0000274,24.0,CHEMBL158,C[C@H]1[C@H](NC(=O)/C(=N\OC(C)(C)C(=O)O)c2csc(N)n2)C(=O)N1S(=O)(=O)O,12.562141912320484,12.562141912320484,0.0349535856009066,-4.756268639419342,0.174788224513646,20.5,435.44000000000017,418.30400000000014,435.051854504,154,0,0.3620751467724121,-0.4782270320177159,0.4782270320177159,0.3620751467724121,1.4642857142857142,2.071428571428572,2.5,32.24529764273617,10.00401161573638,2.513331128805475,-2.416338874010568,2.230948535260857,-2.707807208919476,7.836563836647012,-0.1608446168429468,2.971847309732629,2.2592762983237704,953.8851353067348,21.43879310982592,14.8114553779692,16.444448539824652,12.752743308167698,7.578995896792942,9.855612118054724,6.221230582074894,8.399971119282888,3.730567932227123,5.414072402778615,2.1128455580549623,3.54351374163482,-2.78,690205.5939907836,21.519292322605008,7.325918985638601,4.204134383579708,162.59031069995737,20.994572059745856,11.735768823996422,10.843243482610037,5.601050810983688,11.814359458703011,16.27347016397548,14.141824241834009,14.083731696315263,8.417796984328938,11.336785877934735,5.15571272675054,20.771211599071872,5.380062770465915,6.041840829147961,37.29827438881211,50.26785898322327,0.0,14.605983116249774,5.15571272675054,38.455944068351485,5.733667477162185,11.073990765314376,0.0,0.0,11.050456081168516,5.131558479839333,0.0,11.336785877934735,68.54635098380861,29.525365011975733,0.0,26.46513959392033,10.535775497216456,0.0,0.0,0.0,201.58,51.4842470947288,22.801408536544404,0.0,15.130702465984026,0.0,11.336785877934735,26.151274369537788,0.0,0.0,15.456479851704078,20.23053332942989,31.44978820569469,0.9796905422586336,44.39737831563419,16.334751159546904,3.256457088644816,-3.375611656986792,-2.3123389733980013,0.0,3.692820624691566,-4.756268639419342,0.4615384615384615,28,5,13,0,1,1,0,1,1,10,4,15,7,0,1,1,2,-1.172499999999998,95.65050000000004,1,0,0,1,0,1,0,0,1,1,3,2,0,0,0,3,1,1,0,0,0,0,0,0,0,0,0,2,0,1,0,0,0,0,0,0,0,0,0,0,0,0,0,0,0,0,0,0,0,0,0,0,0,1,0,0,0,0,0,0,0,0,0,1,0,0,0,0,0,0,0,0,0,0,0,0,0,0,0,0,1,0,0,0,0,287.0,Pseudomonas aeruginosa,Bacteria
116276,,5301803,CHEMBL1696776,Antimicrobial activity against dacB::lox and nagZ::lox gene-deficient Pseudomonas aeruginosa PAO1 by Etest method,F,BAO_0002146,BAO_0000218,organism-based format,C[C@H]1[C@H](NC(=O)/C(=N\OC(C)(C)C(=O)O)c2csc(N)n2)C(=O)N1S(=O)(=O)O,CHEMBL1687765,Antimicrob Agents Chemother,2010.0,CHEMBL158,AZTREONAM,CHEMBL158,0,http://www.openphacts.org/units/MicrogramPerMilliliter,1337814,=,1,1,=,MIC,ug.mL-1,4.0,CHEMBL348,Pseudomonas aeruginosa,Pseudomonas aeruginosa,287.0,,MIC,ug ml-1,UO_0000274,4.0,CHEMBL158,C[C@H]1[C@H](NC(=O)/C(=N\OC(C)(C)C(=O)O)c2csc(N)n2)C(=O)N1S(=O)(=O)O,12.562141912320484,12.562141912320484,0.0349535856009066,-4.756268639419342,0.174788224513646,20.5,435.44000000000017,418.30400000000014,435.051854504,154,0,0.3620751467724121,-0.4782270320177159,0.4782270320177159,0.3620751467724121,1.4642857142857142,2.071428571428572,2.5,32.24529764273617,10.00401161573638,2.513331128805475,-2.416338874010568,2.230948535260857,-2.707807208919476,7.836563836647012,-0.1608446168429468,2.971847309732629,2.2592762983237704,953.8851353067348,21.43879310982592,14.8114553779692,16.444448539824652,12.752743308167698,7.578995896792942,9.855612118054724,6.221230582074894,8.399971119282888,3.730567932227123,5.414072402778615,2.1128455580549623,3.54351374163482,-2.78,690205.5939907836,21.519292322605008,7.325918985638601,4.204134383579708,162.59031069995737,20.994572059745856,11.735768823996422,10.843243482610037,5.601050810983688,11.814359458703011,16.27347016397548,14.141824241834009,14.083731696315263,8.417796984328938,11.336785877934735,5.15571272675054,20.771211599071872,5.380062770465915,6.041840829147961,37.29827438881211,50.26785898322327,0.0,14.605983116249774,5.15571272675054,38.455944068351485,5.733667477162185,11.073990765314376,0.0,0.0,11.050456081168516,5.131558479839333,0.0,11.336785877934735,68.54635098380861,29.525365011975733,0.0,26.46513959392033,10.535775497216456,0.0,0.0,0.0,201.58,51.4842470947288,22.801408536544404,0.0,15.130702465984026,0.0,11.336785877934735,26.151274369537788,0.0,0.0,15.456479851704078,20.23053332942989,31.44978820569469,0.9796905422586336,44.39737831563419,16.334751159546904,3.256457088644816,-3.375611656986792,-2.3123389733980013,0.0,3.692820624691566,-4.756268639419342,0.4615384615384615,28,5,13,0,1,1,0,1,1,10,4,15,7,0,1,1,2,-1.172499999999998,95.65050000000004,1,0,0,1,0,1,0,0,1,1,3,2,0,0,0,3,1,1,0,0,0,0,0,0,0,0,0,2,0,1,0,0,0,0,0,0,0,0,0,0,0,0,0,0,0,0,0,0,0,0,0,0,0,1,0,0,0,0,0,0,0,0,0,1,0,0,0,0,0,0,0,0,0,0,0,0,0,0,0,0,1,0,0,0,0,287.0,Pseudomonas aeruginosa,Bacteria
116276,,5301803,CHEMBL1696776,Antimicrobial activity against dacB::lox and nagZ::lox gene-deficient Pseudomonas aeruginosa PAO1 by Etest method,F,BAO_0002146,BAO_0000218,organism-based format,C[C@H]1[C@H](NC(=O)/C(=N\OC(C)(C)C(=O)O)c2csc(N)n2)C(=O)N1S(=O)(=O)O,CHEMBL1687765,Antimicrob Agents Chemother,2010.0,CHEMBL158,AZTREONAM,CHEMBL158,0,http://www.openphacts.org/units/MicrogramPerMilliliter,1337814,=,1,1,=,MIC,ug.mL-1,4.0,CHEMBL348,Pseudomonas aeruginosa,Pseudomonas aeruginosa,287.0,,MIC,ug ml-1,UO_0000274,4.0,CHEMBL158,C[C@H]1[C@H](NC(=O)/C(=N\OC(C)(C)C(=O)O)c2csc(N)n2)C(=O)N1S(=O)(=O)O,12.562141912320484,12.562141912320484,0.0349535856009066,-4.756268639419342,0.174788224513646,20.5,435.44000000000017,418.30400000000014,435.051854504,154,0,0.3620751467724121,-0.4782270320177159,0.4782270320177159,0.3620751467724121,1.4642857142857142,2.071428571428572,2.5,32.24529764273617,10.00401161573638,2.513331128805475,-2.416338874010568,2.230948535260857,-2.707807208919476,7.836563836647012,-0.1608446168429468,2.971847309732629,2.2592762983237704,953.8851353067348,21.43879310982592,14.8114553779692,16.444448539824652,12.752743308167698,7.578995896792942,9.855612118054724,6.221230582074894,8.399971119282888,3.730567932227123,5.414072402778615,2.1128455580549623,3.54351374163482,-2.78,690205.5939907836,21.519292322605008,7.325918985638601,4.204134383579708,162.59031069995737,20.994572059745856,11.735768823996422,10.843243482610037,5.601050810983688,11.814359458703011,16.27347016397548,14.141824241834009,14.083731696315263,8.417796984328938,11.336785877934735,5.15571272675054,20.771211599071872,5.380062770465915,6.041840829147961,37.29827438881211,50.26785898322327,0.0,14.605983116249774,5.15571272675054,38.455944068351485,5.733667477162185,11.073990765314376,0.0,0.0,11.050456081168516,5.131558479839333,0.0,11.336785877934735,68.54635098380861,29.525365011975733,0.0,26.46513959392033,10.535775497216456,0.0,0.0,0.0,201.58,51.4842470947288,22.801408536544404,0.0,15.130702465984026,0.0,11.336785877934735,26.151274369537788,0.0,0.0,15.456479851704078,20.23053332942989,31.44978820569469,0.9796905422586336,44.39737831563419,16.334751159546904,3.256457088644816,-3.375611656986792,-2.3123389733980013,0.0,3.692820624691566,-4.756268639419342,0.4615384615384615,28,5,13,0,1,1,0,1,1,10,4,15,7,0,1,1,2,-1.172499999999998,95.65050000000004,1,0,0,1,0,1,0,0,1,1,3,2,0,0,0,3,1,1,0,0,0,0,0,0,0,0,0,2,0,1,0,0,0,0,0,0,0,0,0,0,0,0,0,0,0,0,0,0,0,0,0,0,0,1,0,0,0,0,0,0,0,0,0,1,0,0,0,0,0,0,0,0,0,0,0,0,0,0,0,0,1,0,0,0,0,287.0,Pseudomonas aeruginosa,Bacteria
116276,,5301803,CHEMBL1696776,Antimicrobial activity against dacB::lox and nagZ::lox gene-deficient Pseudomonas aeruginosa PAO1 by Etest method,F,BAO_0002146,BAO_0000218,organism-based format,C[C@H]1[C@H](NC(=O)/C(=N\OC(C)(C)C(=O)O)c2csc(N)n2)C(=O)N1S(=O)(=O)O,CHEMBL1687765,Antimicrob Agents Chemother,2010.0,CHEMBL158,AZTREONAM,CHEMBL158,0,http://www.openphacts.org/units/MicrogramPerMilliliter,1337814,=,1,1,=,MIC,ug.mL-1,4.0,CHEMBL348,Pseudomonas aeruginosa,Pseudomonas aeruginosa,287.0,,MIC,ug ml-1,UO_0000274,4.0,CHEMBL158,C[C@H]1[C@H](NC(=O)/C(=N\OC(C)(C)C(=O)O)c2csc(N)n2)C(=O)N1S(=O)(=O)O,12.562141912320484,12.562141912320484,0.0349535856009066,-4.756268639419342,0.174788224513646,20.5,435.44000000000017,418.30400000000014,435.051854504,154,0,0.3620751467724121,-0.4782270320177159,0.4782270320177159,0.3620751467724121,1.4642857142857142,2.071428571428572,2.5,32.24529764273617,10.00401161573638,2.513331128805475,-2.416338874010568,2.230948535260857,-2.707807208919476,7.836563836647012,-0.1608446168429468,2.971847309732629,2.2592762983237704,953.8851353067348,21.43879310982592,14.8114553779692,16.444448539824652,12.752743308167698,7.578995896792942,9.855612118054724,6.221230582074894,8.399971119282888,3.730567932227123,5.414072402778615,2.1128455580549623,3.54351374163482,-2.78,690205.5939907836,21.519292322605008,7.325918985638601,4.204134383579708,162.59031069995737,20.994572059745856,11.735768823996422,10.843243482610037,5.601050810983688,11.814359458703011,16.27347016397548,14.141824241834009,14.083731696315263,8.417796984328938,11.336785877934735,5.15571272675054,20.771211599071872,5.380062770465915,6.041840829147961,37.29827438881211,50.26785898322327,0.0,14.605983116249774,5.15571272675054,38.455944068351485,5.733667477162185,11.073990765314376,0.0,0.0,11.050456081168516,5.131558479839333,0.0,11.336785877934735,68.54635098380861,29.525365011975733,0.0,26.46513959392033,10.535775497216456,0.0,0.0,0.0,201.58,51.4842470947288,22.801408536544404,0.0,15.130702465984026,0.0,11.336785877934735,26.151274369537788,0.0,0.0,15.456479851704078,20.23053332942989,31.44978820569469,0.9796905422586336,44.39737831563419,16.334751159546904,3.256457088644816,-3.375611656986792,-2.3123389733980013,0.0,3.692820624691566,-4.756268639419342,0.4615384615384615,28,5,13,0,1,1,0,1,1,10,4,15,7,0,1,1,2,-1.172499999999998,95.65050000000004,1,0,0,1,0,1,0,0,1,1,3,2,0,0,0,3,1,1,0,0,0,0,0,0,0,0,0,2,0,1,0,0,0,0,0,0,0,0,0,0,0,0,0,0,0,0,0,0,0,0,0,0,0,1,0,0,0,0,0,0,0,0,0,1,0,0,0,0,0,0,0,0,0,0,0,0,0,0,0,0,1,0,0,0,0,287.0,Pseudomonas aeruginosa,Bacteria
116277,,5301804,CHEMBL1696777,Antimicrobial activity against ampD::lox gene-deficient Pseudomonas aeruginosa PAO1 harboring dacB gene by Etest method,F,BAO_0002146,BAO_0000218,organism-based format,C[C@H]1[C@H](NC(=O)/C(=N\OC(C)(C)C(=O)O)c2csc(N)n2)C(=O)N1S(=O)(=O)O,CHEMBL1687765,Antimicrob Agents Chemother,2010.0,CHEMBL158,AZTREONAM,CHEMBL158,0,http://www.openphacts.org/units/MicrogramPerMilliliter,1337814,=,1,1,=,MIC,ug.mL-1,64.0,CHEMBL348,Pseudomonas aeruginosa,Pseudomonas aeruginosa,287.0,,MIC,ug ml-1,UO_0000274,64.0,CHEMBL158,C[C@H]1[C@H](NC(=O)/C(=N\OC(C)(C)C(=O)O)c2csc(N)n2)C(=O)N1S(=O)(=O)O,12.562141912320484,12.562141912320484,0.0349535856009066,-4.756268639419342,0.174788224513646,20.5,435.44000000000017,418.30400000000014,435.051854504,154,0,0.3620751467724121,-0.4782270320177159,0.4782270320177159,0.3620751467724121,1.4642857142857142,2.071428571428572,2.5,32.24529764273617,10.00401161573638,2.513331128805475,-2.416338874010568,2.230948535260857,-2.707807208919476,7.836563836647012,-0.1608446168429468,2.971847309732629,2.2592762983237704,953.8851353067348,21.43879310982592,14.8114553779692,16.444448539824652,12.752743308167698,7.578995896792942,9.855612118054724,6.221230582074894,8.399971119282888,3.730567932227123,5.414072402778615,2.1128455580549623,3.54351374163482,-2.78,690205.5939907836,21.519292322605008,7.325918985638601,4.204134383579708,162.59031069995737,20.994572059745856,11.735768823996422,10.843243482610037,5.601050810983688,11.814359458703011,16.27347016397548,14.141824241834009,14.083731696315263,8.417796984328938,11.336785877934735,5.15571272675054,20.771211599071872,5.380062770465915,6.041840829147961,37.29827438881211,50.26785898322327,0.0,14.605983116249774,5.15571272675054,38.455944068351485,5.733667477162185,11.073990765314376,0.0,0.0,11.050456081168516,5.131558479839333,0.0,11.336785877934735,68.54635098380861,29.525365011975733,0.0,26.46513959392033,10.535775497216456,0.0,0.0,0.0,201.58,51.4842470947288,22.801408536544404,0.0,15.130702465984026,0.0,11.336785877934735,26.151274369537788,0.0,0.0,15.456479851704078,20.23053332942989,31.44978820569469,0.9796905422586336,44.39737831563419,16.334751159546904,3.256457088644816,-3.375611656986792,-2.3123389733980013,0.0,3.692820624691566,-4.756268639419342,0.4615384615384615,28,5,13,0,1,1,0,1,1,10,4,15,7,0,1,1,2,-1.172499999999998,95.65050000000004,1,0,0,1,0,1,0,0,1,1,3,2,0,0,0,3,1,1,0,0,0,0,0,0,0,0,0,2,0,1,0,0,0,0,0,0,0,0,0,0,0,0,0,0,0,0,0,0,0,0,0,0,0,1,0,0,0,0,0,0,0,0,0,1,0,0,0,0,0,0,0,0,0,0,0,0,0,0,0,0,1,0,0,0,0,287.0,Pseudomonas aeruginosa,Bacteria
116277,,5301804,CHEMBL1696777,Antimicrobial activity against ampD::lox gene-deficient Pseudomonas aeruginosa PAO1 harboring dacB gene by Etest method,F,BAO_0002146,BAO_0000218,organism-based format,C[C@H]1[C@H](NC(=O)/C(=N\OC(C)(C)C(=O)O)c2csc(N)n2)C(=O)N1S(=O)(=O)O,CHEMBL1687765,Antimicrob Agents Chemother,2010.0,CHEMBL158,AZTREONAM,CHEMBL158,0,http://www.openphacts.org/units/MicrogramPerMilliliter,1337814,=,1,1,=,MIC,ug.mL-1,64.0,CHEMBL348,Pseudomonas aeruginosa,Pseudomonas aeruginosa,287.0,,MIC,ug ml-1,UO_0000274,64.0,CHEMBL158,C[C@H]1[C@H](NC(=O)/C(=N\OC(C)(C)C(=O)O)c2csc(N)n2)C(=O)N1S(=O)(=O)O,12.562141912320484,12.562141912320484,0.0349535856009066,-4.756268639419342,0.174788224513646,20.5,435.44000000000017,418.30400000000014,435.051854504,154,0,0.3620751467724121,-0.4782270320177159,0.4782270320177159,0.3620751467724121,1.4642857142857142,2.071428571428572,2.5,32.24529764273617,10.00401161573638,2.513331128805475,-2.416338874010568,2.230948535260857,-2.707807208919476,7.836563836647012,-0.1608446168429468,2.971847309732629,2.2592762983237704,953.8851353067348,21.43879310982592,14.8114553779692,16.444448539824652,12.752743308167698,7.578995896792942,9.855612118054724,6.221230582074894,8.399971119282888,3.730567932227123,5.414072402778615,2.1128455580549623,3.54351374163482,-2.78,690205.5939907836,21.519292322605008,7.325918985638601,4.204134383579708,162.59031069995737,20.994572059745856,11.735768823996422,10.843243482610037,5.601050810983688,11.814359458703011,16.27347016397548,14.141824241834009,14.083731696315263,8.417796984328938,11.336785877934735,5.15571272675054,20.771211599071872,5.380062770465915,6.041840829147961,37.29827438881211,50.26785898322327,0.0,14.605983116249774,5.15571272675054,38.455944068351485,5.733667477162185,11.073990765314376,0.0,0.0,11.050456081168516,5.131558479839333,0.0,11.336785877934735,68.54635098380861,29.525365011975733,0.0,26.46513959392033,10.535775497216456,0.0,0.0,0.0,201.58,51.4842470947288,22.801408536544404,0.0,15.130702465984026,0.0,11.336785877934735,26.151274369537788,0.0,0.0,15.456479851704078,20.23053332942989,31.44978820569469,0.9796905422586336,44.39737831563419,16.334751159546904,3.256457088644816,-3.375611656986792,-2.3123389733980013,0.0,3.692820624691566,-4.756268639419342,0.4615384615384615,28,5,13,0,1,1,0,1,1,10,4,15,7,0,1,1,2,-1.172499999999998,95.65050000000004,1,0,0,1,0,1,0,0,1,1,3,2,0,0,0,3,1,1,0,0,0,0,0,0,0,0,0,2,0,1,0,0,0,0,0,0,0,0,0,0,0,0,0,0,0,0,0,0,0,0,0,0,0,1,0,0,0,0,0,0,0,0,0,1,0,0,0,0,0,0,0,0,0,0,0,0,0,0,0,0,1,0,0,0,0,287.0,Pseudomonas aeruginosa,Bacteria
116277,,5301804,CHEMBL1696777,Antimicrobial activity against ampD::lox gene-deficient Pseudomonas aeruginosa PAO1 harboring dacB gene by Etest method,F,BAO_0002146,BAO_0000218,organism-based format,C[C@H]1[C@H](NC(=O)/C(=N\OC(C)(C)C(=O)O)c2csc(N)n2)C(=O)N1S(=O)(=O)O,CHEMBL1687765,Antimicrob Agents Chemother,2010.0,CHEMBL158,AZTREONAM,CHEMBL158,0,http://www.openphacts.org/units/MicrogramPerMilliliter,1337814,=,1,1,=,MIC,ug.mL-1,64.0,CHEMBL348,Pseudomonas aeruginosa,Pseudomonas aeruginosa,287.0,,MIC,ug ml-1,UO_0000274,64.0,CHEMBL158,C[C@H]1[C@H](NC(=O)/C(=N\OC(C)(C)C(=O)O)c2csc(N)n2)C(=O)N1S(=O)(=O)O,12.562141912320484,12.562141912320484,0.0349535856009066,-4.756268639419342,0.174788224513646,20.5,435.44000000000017,418.30400000000014,435.051854504,154,0,0.3620751467724121,-0.4782270320177159,0.4782270320177159,0.3620751467724121,1.4642857142857142,2.071428571428572,2.5,32.24529764273617,10.00401161573638,2.513331128805475,-2.416338874010568,2.230948535260857,-2.707807208919476,7.836563836647012,-0.1608446168429468,2.971847309732629,2.2592762983237704,953.8851353067348,21.43879310982592,14.8114553779692,16.444448539824652,12.752743308167698,7.578995896792942,9.855612118054724,6.221230582074894,8.399971119282888,3.730567932227123,5.414072402778615,2.1128455580549623,3.54351374163482,-2.78,690205.5939907836,21.519292322605008,7.325918985638601,4.204134383579708,162.59031069995737,20.994572059745856,11.735768823996422,10.843243482610037,5.601050810983688,11.814359458703011,16.27347016397548,14.141824241834009,14.083731696315263,8.417796984328938,11.336785877934735,5.15571272675054,20.771211599071872,5.380062770465915,6.041840829147961,37.29827438881211,50.26785898322327,0.0,14.605983116249774,5.15571272675054,38.455944068351485,5.733667477162185,11.073990765314376,0.0,0.0,11.050456081168516,5.131558479839333,0.0,11.336785877934735,68.54635098380861,29.525365011975733,0.0,26.46513959392033,10.535775497216456,0.0,0.0,0.0,201.58,51.4842470947288,22.801408536544404,0.0,15.130702465984026,0.0,11.336785877934735,26.151274369537788,0.0,0.0,15.456479851704078,20.23053332942989,31.44978820569469,0.9796905422586336,44.39737831563419,16.334751159546904,3.256457088644816,-3.375611656986792,-2.3123389733980013,0.0,3.692820624691566,-4.756268639419342,0.4615384615384615,28,5,13,0,1,1,0,1,1,10,4,15,7,0,1,1,2,-1.172499999999998,95.65050000000004,1,0,0,1,0,1,0,0,1,1,3,2,0,0,0,3,1,1,0,0,0,0,0,0,0,0,0,2,0,1,0,0,0,0,0,0,0,0,0,0,0,0,0,0,0,0,0,0,0,0,0,0,0,1,0,0,0,0,0,0,0,0,0,1,0,0,0,0,0,0,0,0,0,0,0,0,0,0,0,0,1,0,0,0,0,287.0,Pseudomonas aeruginosa,Bacteria
116278,,5301805,CHEMBL1696778,Antimicrobial activity against ampD::lox and nagZ::lox gene-deficient Pseudomonas aeruginosa PAO1 harboring dacB gene by Etest method,F,BAO_0002146,BAO_0000218,organism-based format,C[C@H]1[C@H](NC(=O)/C(=N\OC(C)(C)C(=O)O)c2csc(N)n2)C(=O)N1S(=O)(=O)O,CHEMBL1687765,Antimicrob Agents Chemother,2010.0,CHEMBL158,AZTREONAM,CHEMBL158,0,http://www.openphacts.org/units/MicrogramPerMilliliter,1337814,=,1,1,=,MIC,ug.mL-1,8.0,CHEMBL348,Pseudomonas aeruginosa,Pseudomonas aeruginosa,287.0,,MIC,ug ml-1,UO_0000274,8.0,CHEMBL158,C[C@H]1[C@H](NC(=O)/C(=N\OC(C)(C)C(=O)O)c2csc(N)n2)C(=O)N1S(=O)(=O)O,12.562141912320484,12.562141912320484,0.0349535856009066,-4.756268639419342,0.174788224513646,20.5,435.44000000000017,418.30400000000014,435.051854504,154,0,0.3620751467724121,-0.4782270320177159,0.4782270320177159,0.3620751467724121,1.4642857142857142,2.071428571428572,2.5,32.24529764273617,10.00401161573638,2.513331128805475,-2.416338874010568,2.230948535260857,-2.707807208919476,7.836563836647012,-0.1608446168429468,2.971847309732629,2.2592762983237704,953.8851353067348,21.43879310982592,14.8114553779692,16.444448539824652,12.752743308167698,7.578995896792942,9.855612118054724,6.221230582074894,8.399971119282888,3.730567932227123,5.414072402778615,2.1128455580549623,3.54351374163482,-2.78,690205.5939907836,21.519292322605008,7.325918985638601,4.204134383579708,162.59031069995737,20.994572059745856,11.735768823996422,10.843243482610037,5.601050810983688,11.814359458703011,16.27347016397548,14.141824241834009,14.083731696315263,8.417796984328938,11.336785877934735,5.15571272675054,20.771211599071872,5.380062770465915,6.041840829147961,37.29827438881211,50.26785898322327,0.0,14.605983116249774,5.15571272675054,38.455944068351485,5.733667477162185,11.073990765314376,0.0,0.0,11.050456081168516,5.131558479839333,0.0,11.336785877934735,68.54635098380861,29.525365011975733,0.0,26.46513959392033,10.535775497216456,0.0,0.0,0.0,201.58,51.4842470947288,22.801408536544404,0.0,15.130702465984026,0.0,11.336785877934735,26.151274369537788,0.0,0.0,15.456479851704078,20.23053332942989,31.44978820569469,0.9796905422586336,44.39737831563419,16.334751159546904,3.256457088644816,-3.375611656986792,-2.3123389733980013,0.0,3.692820624691566,-4.756268639419342,0.4615384615384615,28,5,13,0,1,1,0,1,1,10,4,15,7,0,1,1,2,-1.172499999999998,95.65050000000004,1,0,0,1,0,1,0,0,1,1,3,2,0,0,0,3,1,1,0,0,0,0,0,0,0,0,0,2,0,1,0,0,0,0,0,0,0,0,0,0,0,0,0,0,0,0,0,0,0,0,0,0,0,1,0,0,0,0,0,0,0,0,0,1,0,0,0,0,0,0,0,0,0,0,0,0,0,0,0,0,1,0,0,0,0,287.0,Pseudomonas aeruginosa,Bacteria
116278,,5301805,CHEMBL1696778,Antimicrobial activity against ampD::lox and nagZ::lox gene-deficient Pseudomonas aeruginosa PAO1 harboring dacB gene by Etest method,F,BAO_0002146,BAO_0000218,organism-based format,C[C@H]1[C@H](NC(=O)/C(=N\OC(C)(C)C(=O)O)c2csc(N)n2)C(=O)N1S(=O)(=O)O,CHEMBL1687765,Antimicrob Agents Chemother,2010.0,CHEMBL158,AZTREONAM,CHEMBL158,0,http://www.openphacts.org/units/MicrogramPerMilliliter,1337814,=,1,1,=,MIC,ug.mL-1,8.0,CHEMBL348,Pseudomonas aeruginosa,Pseudomonas aeruginosa,287.0,,MIC,ug ml-1,UO_0000274,8.0,CHEMBL158,C[C@H]1[C@H](NC(=O)/C(=N\OC(C)(C)C(=O)O)c2csc(N)n2)C(=O)N1S(=O)(=O)O,12.562141912320484,12.562141912320484,0.0349535856009066,-4.756268639419342,0.174788224513646,20.5,435.44000000000017,418.30400000000014,435.051854504,154,0,0.3620751467724121,-0.4782270320177159,0.4782270320177159,0.3620751467724121,1.4642857142857142,2.071428571428572,2.5,32.24529764273617,10.00401161573638,2.513331128805475,-2.416338874010568,2.230948535260857,-2.707807208919476,7.836563836647012,-0.1608446168429468,2.971847309732629,2.2592762983237704,953.8851353067348,21.43879310982592,14.8114553779692,16.444448539824652,12.752743308167698,7.578995896792942,9.855612118054724,6.221230582074894,8.399971119282888,3.730567932227123,5.414072402778615,2.1128455580549623,3.54351374163482,-2.78,690205.5939907836,21.519292322605008,7.325918985638601,4.204134383579708,162.59031069995737,20.994572059745856,11.735768823996422,10.843243482610037,5.601050810983688,11.814359458703011,16.27347016397548,14.141824241834009,14.083731696315263,8.417796984328938,11.336785877934735,5.15571272675054,20.771211599071872,5.380062770465915,6.041840829147961,37.29827438881211,50.26785898322327,0.0,14.605983116249774,5.15571272675054,38.455944068351485,5.733667477162185,11.073990765314376,0.0,0.0,11.050456081168516,5.131558479839333,0.0,11.336785877934735,68.54635098380861,29.525365011975733,0.0,26.46513959392033,10.535775497216456,0.0,0.0,0.0,201.58,51.4842470947288,22.801408536544404,0.0,15.130702465984026,0.0,11.336785877934735,26.151274369537788,0.0,0.0,15.456479851704078,20.23053332942989,31.44978820569469,0.9796905422586336,44.39737831563419,16.334751159546904,3.256457088644816,-3.375611656986792,-2.3123389733980013,0.0,3.692820624691566,-4.756268639419342,0.4615384615384615,28,5,13,0,1,1,0,1,1,10,4,15,7,0,1,1,2,-1.172499999999998,95.65050000000004,1,0,0,1,0,1,0,0,1,1,3,2,0,0,0,3,1,1,0,0,0,0,0,0,0,0,0,2,0,1,0,0,0,0,0,0,0,0,0,0,0,0,0,0,0,0,0,0,0,0,0,0,0,1,0,0,0,0,0,0,0,0,0,1,0,0,0,0,0,0,0,0,0,0,0,0,0,0,0,0,1,0,0,0,0,287.0,Pseudomonas aeruginosa,Bacteria
116278,,5301805,CHEMBL1696778,Antimicrobial activity against ampD::lox and nagZ::lox gene-deficient Pseudomonas aeruginosa PAO1 harboring dacB gene by Etest method,F,BAO_0002146,BAO_0000218,organism-based format,C[C@H]1[C@H](NC(=O)/C(=N\OC(C)(C)C(=O)O)c2csc(N)n2)C(=O)N1S(=O)(=O)O,CHEMBL1687765,Antimicrob Agents Chemother,2010.0,CHEMBL158,AZTREONAM,CHEMBL158,0,http://www.openphacts.org/units/MicrogramPerMilliliter,1337814,=,1,1,=,MIC,ug.mL-1,8.0,CHEMBL348,Pseudomonas aeruginosa,Pseudomonas aeruginosa,287.0,,MIC,ug ml-1,UO_0000274,8.0,CHEMBL158,C[C@H]1[C@H](NC(=O)/C(=N\OC(C)(C)C(=O)O)c2csc(N)n2)C(=O)N1S(=O)(=O)O,12.562141912320484,12.562141912320484,0.0349535856009066,-4.756268639419342,0.174788224513646,20.5,435.44000000000017,418.30400000000014,435.051854504,154,0,0.3620751467724121,-0.4782270320177159,0.4782270320177159,0.3620751467724121,1.4642857142857142,2.071428571428572,2.5,32.24529764273617,10.00401161573638,2.513331128805475,-2.416338874010568,2.230948535260857,-2.707807208919476,7.836563836647012,-0.1608446168429468,2.971847309732629,2.2592762983237704,953.8851353067348,21.43879310982592,14.8114553779692,16.444448539824652,12.752743308167698,7.578995896792942,9.855612118054724,6.221230582074894,8.399971119282888,3.730567932227123,5.414072402778615,2.1128455580549623,3.54351374163482,-2.78,690205.5939907836,21.519292322605008,7.325918985638601,4.204134383579708,162.59031069995737,20.994572059745856,11.735768823996422,10.843243482610037,5.601050810983688,11.814359458703011,16.27347016397548,14.141824241834009,14.083731696315263,8.417796984328938,11.336785877934735,5.15571272675054,20.771211599071872,5.380062770465915,6.041840829147961,37.29827438881211,50.26785898322327,0.0,14.605983116249774,5.15571272675054,38.455944068351485,5.733667477162185,11.073990765314376,0.0,0.0,11.050456081168516,5.131558479839333,0.0,11.336785877934735,68.54635098380861,29.525365011975733,0.0,26.46513959392033,10.535775497216456,0.0,0.0,0.0,201.58,51.4842470947288,22.801408536544404,0.0,15.130702465984026,0.0,11.336785877934735,26.151274369537788,0.0,0.0,15.456479851704078,20.23053332942989,31.44978820569469,0.9796905422586336,44.39737831563419,16.334751159546904,3.256457088644816,-3.375611656986792,-2.3123389733980013,0.0,3.692820624691566,-4.756268639419342,0.4615384615384615,28,5,13,0,1,1,0,1,1,10,4,15,7,0,1,1,2,-1.172499999999998,95.65050000000004,1,0,0,1,0,1,0,0,1,1,3,2,0,0,0,3,1,1,0,0,0,0,0,0,0,0,0,2,0,1,0,0,0,0,0,0,0,0,0,0,0,0,0,0,0,0,0,0,0,0,0,0,0,1,0,0,0,0,0,0,0,0,0,1,0,0,0,0,0,0,0,0,0,0,0,0,0,0,0,0,1,0,0,0,0,287.0,Pseudomonas aeruginosa,Bacteria
116279,,5301806,CHEMBL1696779,"Antimicrobial activity against ampD::lox, ampDh2::lox and ampDh3::lox gene-deficient Pseudomonas aeruginosa PAO1 by Etest method",F,BAO_0002146,BAO_0000218,organism-based format,C[C@H]1[C@H](NC(=O)/C(=N\OC(C)(C)C(=O)O)c2csc(N)n2)C(=O)N1S(=O)(=O)O,CHEMBL1687765,Antimicrob Agents Chemother,2010.0,CHEMBL158,AZTREONAM,CHEMBL158,0,http://www.openphacts.org/units/MicrogramPerMilliliter,1337814,=,1,1,=,MIC,ug.mL-1,32.0,CHEMBL348,Pseudomonas aeruginosa,Pseudomonas aeruginosa,287.0,,MIC,ug ml-1,UO_0000274,32.0,CHEMBL158,C[C@H]1[C@H](NC(=O)/C(=N\OC(C)(C)C(=O)O)c2csc(N)n2)C(=O)N1S(=O)(=O)O,12.562141912320484,12.562141912320484,0.0349535856009066,-4.756268639419342,0.174788224513646,20.5,435.44000000000017,418.30400000000014,435.051854504,154,0,0.3620751467724121,-0.4782270320177159,0.4782270320177159,0.3620751467724121,1.4642857142857142,2.071428571428572,2.5,32.24529764273617,10.00401161573638,2.513331128805475,-2.416338874010568,2.230948535260857,-2.707807208919476,7.836563836647012,-0.1608446168429468,2.971847309732629,2.2592762983237704,953.8851353067348,21.43879310982592,14.8114553779692,16.444448539824652,12.752743308167698,7.578995896792942,9.855612118054724,6.221230582074894,8.399971119282888,3.730567932227123,5.414072402778615,2.1128455580549623,3.54351374163482,-2.78,690205.5939907836,21.519292322605008,7.325918985638601,4.204134383579708,162.59031069995737,20.994572059745856,11.735768823996422,10.843243482610037,5.601050810983688,11.814359458703011,16.27347016397548,14.141824241834009,14.083731696315263,8.417796984328938,11.336785877934735,5.15571272675054,20.771211599071872,5.380062770465915,6.041840829147961,37.29827438881211,50.26785898322327,0.0,14.605983116249774,5.15571272675054,38.455944068351485,5.733667477162185,11.073990765314376,0.0,0.0,11.050456081168516,5.131558479839333,0.0,11.336785877934735,68.54635098380861,29.525365011975733,0.0,26.46513959392033,10.535775497216456,0.0,0.0,0.0,201.58,51.4842470947288,22.801408536544404,0.0,15.130702465984026,0.0,11.336785877934735,26.151274369537788,0.0,0.0,15.456479851704078,20.23053332942989,31.44978820569469,0.9796905422586336,44.39737831563419,16.334751159546904,3.256457088644816,-3.375611656986792,-2.3123389733980013,0.0,3.692820624691566,-4.756268639419342,0.4615384615384615,28,5,13,0,1,1,0,1,1,10,4,15,7,0,1,1,2,-1.172499999999998,95.65050000000004,1,0,0,1,0,1,0,0,1,1,3,2,0,0,0,3,1,1,0,0,0,0,0,0,0,0,0,2,0,1,0,0,0,0,0,0,0,0,0,0,0,0,0,0,0,0,0,0,0,0,0,0,0,1,0,0,0,0,0,0,0,0,0,1,0,0,0,0,0,0,0,0,0,0,0,0,0,0,0,0,1,0,0,0,0,287.0,Pseudomonas aeruginosa,Bacteria
116279,,5301806,CHEMBL1696779,"Antimicrobial activity against ampD::lox, ampDh2::lox and ampDh3::lox gene-deficient Pseudomonas aeruginosa PAO1 by Etest method",F,BAO_0002146,BAO_0000218,organism-based format,C[C@H]1[C@H](NC(=O)/C(=N\OC(C)(C)C(=O)O)c2csc(N)n2)C(=O)N1S(=O)(=O)O,CHEMBL1687765,Antimicrob Agents Chemother,2010.0,CHEMBL158,AZTREONAM,CHEMBL158,0,http://www.openphacts.org/units/MicrogramPerMilliliter,1337814,=,1,1,=,MIC,ug.mL-1,32.0,CHEMBL348,Pseudomonas aeruginosa,Pseudomonas aeruginosa,287.0,,MIC,ug ml-1,UO_0000274,32.0,CHEMBL158,C[C@H]1[C@H](NC(=O)/C(=N\OC(C)(C)C(=O)O)c2csc(N)n2)C(=O)N1S(=O)(=O)O,12.562141912320484,12.562141912320484,0.0349535856009066,-4.756268639419342,0.174788224513646,20.5,435.44000000000017,418.30400000000014,435.051854504,154,0,0.3620751467724121,-0.4782270320177159,0.4782270320177159,0.3620751467724121,1.4642857142857142,2.071428571428572,2.5,32.24529764273617,10.00401161573638,2.513331128805475,-2.416338874010568,2.230948535260857,-2.707807208919476,7.836563836647012,-0.1608446168429468,2.971847309732629,2.2592762983237704,953.8851353067348,21.43879310982592,14.8114553779692,16.444448539824652,12.752743308167698,7.578995896792942,9.855612118054724,6.221230582074894,8.399971119282888,3.730567932227123,5.414072402778615,2.1128455580549623,3.54351374163482,-2.78,690205.5939907836,21.519292322605008,7.325918985638601,4.204134383579708,162.59031069995737,20.994572059745856,11.735768823996422,10.843243482610037,5.601050810983688,11.814359458703011,16.27347016397548,14.141824241834009,14.083731696315263,8.417796984328938,11.336785877934735,5.15571272675054,20.771211599071872,5.380062770465915,6.041840829147961,37.29827438881211,50.26785898322327,0.0,14.605983116249774,5.15571272675054,38.455944068351485,5.733667477162185,11.073990765314376,0.0,0.0,11.050456081168516,5.131558479839333,0.0,11.336785877934735,68.54635098380861,29.525365011975733,0.0,26.46513959392033,10.535775497216456,0.0,0.0,0.0,201.58,51.4842470947288,22.801408536544404,0.0,15.130702465984026,0.0,11.336785877934735,26.151274369537788,0.0,0.0,15.456479851704078,20.23053332942989,31.44978820569469,0.9796905422586336,44.39737831563419,16.334751159546904,3.256457088644816,-3.375611656986792,-2.3123389733980013,0.0,3.692820624691566,-4.756268639419342,0.4615384615384615,28,5,13,0,1,1,0,1,1,10,4,15,7,0,1,1,2,-1.172499999999998,95.65050000000004,1,0,0,1,0,1,0,0,1,1,3,2,0,0,0,3,1,1,0,0,0,0,0,0,0,0,0,2,0,1,0,0,0,0,0,0,0,0,0,0,0,0,0,0,0,0,0,0,0,0,0,0,0,1,0,0,0,0,0,0,0,0,0,1,0,0,0,0,0,0,0,0,0,0,0,0,0,0,0,0,1,0,0,0,0,287.0,Pseudomonas aeruginosa,Bacteria
116279,,5301806,CHEMBL1696779,"Antimicrobial activity against ampD::lox, ampDh2::lox and ampDh3::lox gene-deficient Pseudomonas aeruginosa PAO1 by Etest method",F,BAO_0002146,BAO_0000218,organism-based format,C[C@H]1[C@H](NC(=O)/C(=N\OC(C)(C)C(=O)O)c2csc(N)n2)C(=O)N1S(=O)(=O)O,CHEMBL1687765,Antimicrob Agents Chemother,2010.0,CHEMBL158,AZTREONAM,CHEMBL158,0,http://www.openphacts.org/units/MicrogramPerMilliliter,1337814,=,1,1,=,MIC,ug.mL-1,32.0,CHEMBL348,Pseudomonas aeruginosa,Pseudomonas aeruginosa,287.0,,MIC,ug ml-1,UO_0000274,32.0,CHEMBL158,C[C@H]1[C@H](NC(=O)/C(=N\OC(C)(C)C(=O)O)c2csc(N)n2)C(=O)N1S(=O)(=O)O,12.562141912320484,12.562141912320484,0.0349535856009066,-4.756268639419342,0.174788224513646,20.5,435.44000000000017,418.30400000000014,435.051854504,154,0,0.3620751467724121,-0.4782270320177159,0.4782270320177159,0.3620751467724121,1.4642857142857142,2.071428571428572,2.5,32.24529764273617,10.00401161573638,2.513331128805475,-2.416338874010568,2.230948535260857,-2.707807208919476,7.836563836647012,-0.1608446168429468,2.971847309732629,2.2592762983237704,953.8851353067348,21.43879310982592,14.8114553779692,16.444448539824652,12.752743308167698,7.578995896792942,9.855612118054724,6.221230582074894,8.399971119282888,3.730567932227123,5.414072402778615,2.1128455580549623,3.54351374163482,-2.78,690205.5939907836,21.519292322605008,7.325918985638601,4.204134383579708,162.59031069995737,20.994572059745856,11.735768823996422,10.843243482610037,5.601050810983688,11.814359458703011,16.27347016397548,14.141824241834009,14.083731696315263,8.417796984328938,11.336785877934735,5.15571272675054,20.771211599071872,5.380062770465915,6.041840829147961,37.29827438881211,50.26785898322327,0.0,14.605983116249774,5.15571272675054,38.455944068351485,5.733667477162185,11.073990765314376,0.0,0.0,11.050456081168516,5.131558479839333,0.0,11.336785877934735,68.54635098380861,29.525365011975733,0.0,26.46513959392033,10.535775497216456,0.0,0.0,0.0,201.58,51.4842470947288,22.801408536544404,0.0,15.130702465984026,0.0,11.336785877934735,26.151274369537788,0.0,0.0,15.456479851704078,20.23053332942989,31.44978820569469,0.9796905422586336,44.39737831563419,16.334751159546904,3.256457088644816,-3.375611656986792,-2.3123389733980013,0.0,3.692820624691566,-4.756268639419342,0.4615384615384615,28,5,13,0,1,1,0,1,1,10,4,15,7,0,1,1,2,-1.172499999999998,95.65050000000004,1,0,0,1,0,1,0,0,1,1,3,2,0,0,0,3,1,1,0,0,0,0,0,0,0,0,0,2,0,1,0,0,0,0,0,0,0,0,0,0,0,0,0,0,0,0,0,0,0,0,0,0,0,1,0,0,0,0,0,0,0,0,0,1,0,0,0,0,0,0,0,0,0,0,0,0,0,0,0,0,1,0,0,0,0,287.0,Pseudomonas aeruginosa,Bacteria
116280,,5301807,CHEMBL1696780,"Antimicrobial activity against ampD::lox, ampDh2::lox,ampDh3::lox and nagZ::lox gene-deficient Pseudomonas aeruginosa PAO1 by Etest method",F,BAO_0002146,BAO_0000218,organism-based format,C[C@H]1[C@H](NC(=O)/C(=N\OC(C)(C)C(=O)O)c2csc(N)n2)C(=O)N1S(=O)(=O)O,CHEMBL1687765,Antimicrob Agents Chemother,2010.0,CHEMBL158,AZTREONAM,CHEMBL158,0,http://www.openphacts.org/units/MicrogramPerMilliliter,1337814,=,1,1,=,MIC,ug.mL-1,8.0,CHEMBL348,Pseudomonas aeruginosa,Pseudomonas aeruginosa,287.0,,MIC,ug ml-1,UO_0000274,8.0,CHEMBL158,C[C@H]1[C@H](NC(=O)/C(=N\OC(C)(C)C(=O)O)c2csc(N)n2)C(=O)N1S(=O)(=O)O,12.562141912320484,12.562141912320484,0.0349535856009066,-4.756268639419342,0.174788224513646,20.5,435.44000000000017,418.30400000000014,435.051854504,154,0,0.3620751467724121,-0.4782270320177159,0.4782270320177159,0.3620751467724121,1.4642857142857142,2.071428571428572,2.5,32.24529764273617,10.00401161573638,2.513331128805475,-2.416338874010568,2.230948535260857,-2.707807208919476,7.836563836647012,-0.1608446168429468,2.971847309732629,2.2592762983237704,953.8851353067348,21.43879310982592,14.8114553779692,16.444448539824652,12.752743308167698,7.578995896792942,9.855612118054724,6.221230582074894,8.399971119282888,3.730567932227123,5.414072402778615,2.1128455580549623,3.54351374163482,-2.78,690205.5939907836,21.519292322605008,7.325918985638601,4.204134383579708,162.59031069995737,20.994572059745856,11.735768823996422,10.843243482610037,5.601050810983688,11.814359458703011,16.27347016397548,14.141824241834009,14.083731696315263,8.417796984328938,11.336785877934735,5.15571272675054,20.771211599071872,5.380062770465915,6.041840829147961,37.29827438881211,50.26785898322327,0.0,14.605983116249774,5.15571272675054,38.455944068351485,5.733667477162185,11.073990765314376,0.0,0.0,11.050456081168516,5.131558479839333,0.0,11.336785877934735,68.54635098380861,29.525365011975733,0.0,26.46513959392033,10.535775497216456,0.0,0.0,0.0,201.58,51.4842470947288,22.801408536544404,0.0,15.130702465984026,0.0,11.336785877934735,26.151274369537788,0.0,0.0,15.456479851704078,20.23053332942989,31.44978820569469,0.9796905422586336,44.39737831563419,16.334751159546904,3.256457088644816,-3.375611656986792,-2.3123389733980013,0.0,3.692820624691566,-4.756268639419342,0.4615384615384615,28,5,13,0,1,1,0,1,1,10,4,15,7,0,1,1,2,-1.172499999999998,95.65050000000004,1,0,0,1,0,1,0,0,1,1,3,2,0,0,0,3,1,1,0,0,0,0,0,0,0,0,0,2,0,1,0,0,0,0,0,0,0,0,0,0,0,0,0,0,0,0,0,0,0,0,0,0,0,1,0,0,0,0,0,0,0,0,0,1,0,0,0,0,0,0,0,0,0,0,0,0,0,0,0,0,1,0,0,0,0,287.0,Pseudomonas aeruginosa,Bacteria
116280,,5301807,CHEMBL1696780,"Antimicrobial activity against ampD::lox, ampDh2::lox,ampDh3::lox and nagZ::lox gene-deficient Pseudomonas aeruginosa PAO1 by Etest method",F,BAO_0002146,BAO_0000218,organism-based format,C[C@H]1[C@H](NC(=O)/C(=N\OC(C)(C)C(=O)O)c2csc(N)n2)C(=O)N1S(=O)(=O)O,CHEMBL1687765,Antimicrob Agents Chemother,2010.0,CHEMBL158,AZTREONAM,CHEMBL158,0,http://www.openphacts.org/units/MicrogramPerMilliliter,1337814,=,1,1,=,MIC,ug.mL-1,8.0,CHEMBL348,Pseudomonas aeruginosa,Pseudomonas aeruginosa,287.0,,MIC,ug ml-1,UO_0000274,8.0,CHEMBL158,C[C@H]1[C@H](NC(=O)/C(=N\OC(C)(C)C(=O)O)c2csc(N)n2)C(=O)N1S(=O)(=O)O,12.562141912320484,12.562141912320484,0.0349535856009066,-4.756268639419342,0.174788224513646,20.5,435.44000000000017,418.30400000000014,435.051854504,154,0,0.3620751467724121,-0.4782270320177159,0.4782270320177159,0.3620751467724121,1.4642857142857142,2.071428571428572,2.5,32.24529764273617,10.00401161573638,2.513331128805475,-2.416338874010568,2.230948535260857,-2.707807208919476,7.836563836647012,-0.1608446168429468,2.971847309732629,2.2592762983237704,953.8851353067348,21.43879310982592,14.8114553779692,16.444448539824652,12.752743308167698,7.578995896792942,9.855612118054724,6.221230582074894,8.399971119282888,3.730567932227123,5.414072402778615,2.1128455580549623,3.54351374163482,-2.78,690205.5939907836,21.519292322605008,7.325918985638601,4.204134383579708,162.59031069995737,20.994572059745856,11.735768823996422,10.843243482610037,5.601050810983688,11.814359458703011,16.27347016397548,14.141824241834009,14.083731696315263,8.417796984328938,11.336785877934735,5.15571272675054,20.771211599071872,5.380062770465915,6.041840829147961,37.29827438881211,50.26785898322327,0.0,14.605983116249774,5.15571272675054,38.455944068351485,5.733667477162185,11.073990765314376,0.0,0.0,11.050456081168516,5.131558479839333,0.0,11.336785877934735,68.54635098380861,29.525365011975733,0.0,26.46513959392033,10.535775497216456,0.0,0.0,0.0,201.58,51.4842470947288,22.801408536544404,0.0,15.130702465984026,0.0,11.336785877934735,26.151274369537788,0.0,0.0,15.456479851704078,20.23053332942989,31.44978820569469,0.9796905422586336,44.39737831563419,16.334751159546904,3.256457088644816,-3.375611656986792,-2.3123389733980013,0.0,3.692820624691566,-4.756268639419342,0.4615384615384615,28,5,13,0,1,1,0,1,1,10,4,15,7,0,1,1,2,-1.172499999999998,95.65050000000004,1,0,0,1,0,1,0,0,1,1,3,2,0,0,0,3,1,1,0,0,0,0,0,0,0,0,0,2,0,1,0,0,0,0,0,0,0,0,0,0,0,0,0,0,0,0,0,0,0,0,0,0,0,1,0,0,0,0,0,0,0,0,0,1,0,0,0,0,0,0,0,0,0,0,0,0,0,0,0,0,1,0,0,0,0,287.0,Pseudomonas aeruginosa,Bacteria
116280,,5301807,CHEMBL1696780,"Antimicrobial activity against ampD::lox, ampDh2::lox,ampDh3::lox and nagZ::lox gene-deficient Pseudomonas aeruginosa PAO1 by Etest method",F,BAO_0002146,BAO_0000218,organism-based format,C[C@H]1[C@H](NC(=O)/C(=N\OC(C)(C)C(=O)O)c2csc(N)n2)C(=O)N1S(=O)(=O)O,CHEMBL1687765,Antimicrob Agents Chemother,2010.0,CHEMBL158,AZTREONAM,CHEMBL158,0,http://www.openphacts.org/units/MicrogramPerMilliliter,1337814,=,1,1,=,MIC,ug.mL-1,8.0,CHEMBL348,Pseudomonas aeruginosa,Pseudomonas aeruginosa,287.0,,MIC,ug ml-1,UO_0000274,8.0,CHEMBL158,C[C@H]1[C@H](NC(=O)/C(=N\OC(C)(C)C(=O)O)c2csc(N)n2)C(=O)N1S(=O)(=O)O,12.562141912320484,12.562141912320484,0.0349535856009066,-4.756268639419342,0.174788224513646,20.5,435.44000000000017,418.30400000000014,435.051854504,154,0,0.3620751467724121,-0.4782270320177159,0.4782270320177159,0.3620751467724121,1.4642857142857142,2.071428571428572,2.5,32.24529764273617,10.00401161573638,2.513331128805475,-2.416338874010568,2.230948535260857,-2.707807208919476,7.836563836647012,-0.1608446168429468,2.971847309732629,2.2592762983237704,953.8851353067348,21.43879310982592,14.8114553779692,16.444448539824652,12.752743308167698,7.578995896792942,9.855612118054724,6.221230582074894,8.399971119282888,3.730567932227123,5.414072402778615,2.1128455580549623,3.54351374163482,-2.78,690205.5939907836,21.519292322605008,7.325918985638601,4.204134383579708,162.59031069995737,20.994572059745856,11.735768823996422,10.843243482610037,5.601050810983688,11.814359458703011,16.27347016397548,14.141824241834009,14.083731696315263,8.417796984328938,11.336785877934735,5.15571272675054,20.771211599071872,5.380062770465915,6.041840829147961,37.29827438881211,50.26785898322327,0.0,14.605983116249774,5.15571272675054,38.455944068351485,5.733667477162185,11.073990765314376,0.0,0.0,11.050456081168516,5.131558479839333,0.0,11.336785877934735,68.54635098380861,29.525365011975733,0.0,26.46513959392033,10.535775497216456,0.0,0.0,0.0,201.58,51.4842470947288,22.801408536544404,0.0,15.130702465984026,0.0,11.336785877934735,26.151274369537788,0.0,0.0,15.456479851704078,20.23053332942989,31.44978820569469,0.9796905422586336,44.39737831563419,16.334751159546904,3.256457088644816,-3.375611656986792,-2.3123389733980013,0.0,3.692820624691566,-4.756268639419342,0.4615384615384615,28,5,13,0,1,1,0,1,1,10,4,15,7,0,1,1,2,-1.172499999999998,95.65050000000004,1,0,0,1,0,1,0,0,1,1,3,2,0,0,0,3,1,1,0,0,0,0,0,0,0,0,0,2,0,1,0,0,0,0,0,0,0,0,0,0,0,0,0,0,0,0,0,0,0,0,0,0,0,1,0,0,0,0,0,0,0,0,0,1,0,0,0,0,0,0,0,0,0,0,0,0,0,0,0,0,1,0,0,0,0,287.0,Pseudomonas aeruginosa,Bacteria
116281,,5301808,CHEMBL1696781,Antimicrobial activity against ampR::lox gene-deficient Pseudomonas aeruginosa PAO1 by Etest method,F,BAO_0002146,BAO_0000218,organism-based format,C[C@H]1[C@H](NC(=O)/C(=N\OC(C)(C)C(=O)O)c2csc(N)n2)C(=O)N1S(=O)(=O)O,CHEMBL1687765,Antimicrob Agents Chemother,2010.0,CHEMBL158,AZTREONAM,CHEMBL158,0,http://www.openphacts.org/units/MicrogramPerMilliliter,1337814,=,1,1,=,MIC,ug.mL-1,4.0,CHEMBL348,Pseudomonas aeruginosa,Pseudomonas aeruginosa,287.0,,MIC,ug ml-1,UO_0000274,4.0,CHEMBL158,C[C@H]1[C@H](NC(=O)/C(=N\OC(C)(C)C(=O)O)c2csc(N)n2)C(=O)N1S(=O)(=O)O,12.562141912320484,12.562141912320484,0.0349535856009066,-4.756268639419342,0.174788224513646,20.5,435.44000000000017,418.30400000000014,435.051854504,154,0,0.3620751467724121,-0.4782270320177159,0.4782270320177159,0.3620751467724121,1.4642857142857142,2.071428571428572,2.5,32.24529764273617,10.00401161573638,2.513331128805475,-2.416338874010568,2.230948535260857,-2.707807208919476,7.836563836647012,-0.1608446168429468,2.971847309732629,2.2592762983237704,953.8851353067348,21.43879310982592,14.8114553779692,16.444448539824652,12.752743308167698,7.578995896792942,9.855612118054724,6.221230582074894,8.399971119282888,3.730567932227123,5.414072402778615,2.1128455580549623,3.54351374163482,-2.78,690205.5939907836,21.519292322605008,7.325918985638601,4.204134383579708,162.59031069995737,20.994572059745856,11.735768823996422,10.843243482610037,5.601050810983688,11.814359458703011,16.27347016397548,14.141824241834009,14.083731696315263,8.417796984328938,11.336785877934735,5.15571272675054,20.771211599071872,5.380062770465915,6.041840829147961,37.29827438881211,50.26785898322327,0.0,14.605983116249774,5.15571272675054,38.455944068351485,5.733667477162185,11.073990765314376,0.0,0.0,11.050456081168516,5.131558479839333,0.0,11.336785877934735,68.54635098380861,29.525365011975733,0.0,26.46513959392033,10.535775497216456,0.0,0.0,0.0,201.58,51.4842470947288,22.801408536544404,0.0,15.130702465984026,0.0,11.336785877934735,26.151274369537788,0.0,0.0,15.456479851704078,20.23053332942989,31.44978820569469,0.9796905422586336,44.39737831563419,16.334751159546904,3.256457088644816,-3.375611656986792,-2.3123389733980013,0.0,3.692820624691566,-4.756268639419342,0.4615384615384615,28,5,13,0,1,1,0,1,1,10,4,15,7,0,1,1,2,-1.172499999999998,95.65050000000004,1,0,0,1,0,1,0,0,1,1,3,2,0,0,0,3,1,1,0,0,0,0,0,0,0,0,0,2,0,1,0,0,0,0,0,0,0,0,0,0,0,0,0,0,0,0,0,0,0,0,0,0,0,1,0,0,0,0,0,0,0,0,0,1,0,0,0,0,0,0,0,0,0,0,0,0,0,0,0,0,1,0,0,0,0,287.0,Pseudomonas aeruginosa,Bacteria
116281,,5301808,CHEMBL1696781,Antimicrobial activity against ampR::lox gene-deficient Pseudomonas aeruginosa PAO1 by Etest method,F,BAO_0002146,BAO_0000218,organism-based format,C[C@H]1[C@H](NC(=O)/C(=N\OC(C)(C)C(=O)O)c2csc(N)n2)C(=O)N1S(=O)(=O)O,CHEMBL1687765,Antimicrob Agents Chemother,2010.0,CHEMBL158,AZTREONAM,CHEMBL158,0,http://www.openphacts.org/units/MicrogramPerMilliliter,1337814,=,1,1,=,MIC,ug.mL-1,4.0,CHEMBL348,Pseudomonas aeruginosa,Pseudomonas aeruginosa,287.0,,MIC,ug ml-1,UO_0000274,4.0,CHEMBL158,C[C@H]1[C@H](NC(=O)/C(=N\OC(C)(C)C(=O)O)c2csc(N)n2)C(=O)N1S(=O)(=O)O,12.562141912320484,12.562141912320484,0.0349535856009066,-4.756268639419342,0.174788224513646,20.5,435.44000000000017,418.30400000000014,435.051854504,154,0,0.3620751467724121,-0.4782270320177159,0.4782270320177159,0.3620751467724121,1.4642857142857142,2.071428571428572,2.5,32.24529764273617,10.00401161573638,2.513331128805475,-2.416338874010568,2.230948535260857,-2.707807208919476,7.836563836647012,-0.1608446168429468,2.971847309732629,2.2592762983237704,953.8851353067348,21.43879310982592,14.8114553779692,16.444448539824652,12.752743308167698,7.578995896792942,9.855612118054724,6.221230582074894,8.399971119282888,3.730567932227123,5.414072402778615,2.1128455580549623,3.54351374163482,-2.78,690205.5939907836,21.519292322605008,7.325918985638601,4.204134383579708,162.59031069995737,20.994572059745856,11.735768823996422,10.843243482610037,5.601050810983688,11.814359458703011,16.27347016397548,14.141824241834009,14.083731696315263,8.417796984328938,11.336785877934735,5.15571272675054,20.771211599071872,5.380062770465915,6.041840829147961,37.29827438881211,50.26785898322327,0.0,14.605983116249774,5.15571272675054,38.455944068351485,5.733667477162185,11.073990765314376,0.0,0.0,11.050456081168516,5.131558479839333,0.0,11.336785877934735,68.54635098380861,29.525365011975733,0.0,26.46513959392033,10.535775497216456,0.0,0.0,0.0,201.58,51.4842470947288,22.801408536544404,0.0,15.130702465984026,0.0,11.336785877934735,26.151274369537788,0.0,0.0,15.456479851704078,20.23053332942989,31.44978820569469,0.9796905422586336,44.39737831563419,16.334751159546904,3.256457088644816,-3.375611656986792,-2.3123389733980013,0.0,3.692820624691566,-4.756268639419342,0.4615384615384615,28,5,13,0,1,1,0,1,1,10,4,15,7,0,1,1,2,-1.172499999999998,95.65050000000004,1,0,0,1,0,1,0,0,1,1,3,2,0,0,0,3,1,1,0,0,0,0,0,0,0,0,0,2,0,1,0,0,0,0,0,0,0,0,0,0,0,0,0,0,0,0,0,0,0,0,0,0,0,1,0,0,0,0,0,0,0,0,0,1,0,0,0,0,0,0,0,0,0,0,0,0,0,0,0,0,1,0,0,0,0,287.0,Pseudomonas aeruginosa,Bacteria
116281,,5301808,CHEMBL1696781,Antimicrobial activity against ampR::lox gene-deficient Pseudomonas aeruginosa PAO1 by Etest method,F,BAO_0002146,BAO_0000218,organism-based format,C[C@H]1[C@H](NC(=O)/C(=N\OC(C)(C)C(=O)O)c2csc(N)n2)C(=O)N1S(=O)(=O)O,CHEMBL1687765,Antimicrob Agents Chemother,2010.0,CHEMBL158,AZTREONAM,CHEMBL158,0,http://www.openphacts.org/units/MicrogramPerMilliliter,1337814,=,1,1,=,MIC,ug.mL-1,4.0,CHEMBL348,Pseudomonas aeruginosa,Pseudomonas aeruginosa,287.0,,MIC,ug ml-1,UO_0000274,4.0,CHEMBL158,C[C@H]1[C@H](NC(=O)/C(=N\OC(C)(C)C(=O)O)c2csc(N)n2)C(=O)N1S(=O)(=O)O,12.562141912320484,12.562141912320484,0.0349535856009066,-4.756268639419342,0.174788224513646,20.5,435.44000000000017,418.30400000000014,435.051854504,154,0,0.3620751467724121,-0.4782270320177159,0.4782270320177159,0.3620751467724121,1.4642857142857142,2.071428571428572,2.5,32.24529764273617,10.00401161573638,2.513331128805475,-2.416338874010568,2.230948535260857,-2.707807208919476,7.836563836647012,-0.1608446168429468,2.971847309732629,2.2592762983237704,953.8851353067348,21.43879310982592,14.8114553779692,16.444448539824652,12.752743308167698,7.578995896792942,9.855612118054724,6.221230582074894,8.399971119282888,3.730567932227123,5.414072402778615,2.1128455580549623,3.54351374163482,-2.78,690205.5939907836,21.519292322605008,7.325918985638601,4.204134383579708,162.59031069995737,20.994572059745856,11.735768823996422,10.843243482610037,5.601050810983688,11.814359458703011,16.27347016397548,14.141824241834009,14.083731696315263,8.417796984328938,11.336785877934735,5.15571272675054,20.771211599071872,5.380062770465915,6.041840829147961,37.29827438881211,50.26785898322327,0.0,14.605983116249774,5.15571272675054,38.455944068351485,5.733667477162185,11.073990765314376,0.0,0.0,11.050456081168516,5.131558479839333,0.0,11.336785877934735,68.54635098380861,29.525365011975733,0.0,26.46513959392033,10.535775497216456,0.0,0.0,0.0,201.58,51.4842470947288,22.801408536544404,0.0,15.130702465984026,0.0,11.336785877934735,26.151274369537788,0.0,0.0,15.456479851704078,20.23053332942989,31.44978820569469,0.9796905422586336,44.39737831563419,16.334751159546904,3.256457088644816,-3.375611656986792,-2.3123389733980013,0.0,3.692820624691566,-4.756268639419342,0.4615384615384615,28,5,13,0,1,1,0,1,1,10,4,15,7,0,1,1,2,-1.172499999999998,95.65050000000004,1,0,0,1,0,1,0,0,1,1,3,2,0,0,0,3,1,1,0,0,0,0,0,0,0,0,0,2,0,1,0,0,0,0,0,0,0,0,0,0,0,0,0,0,0,0,0,0,0,0,0,0,0,1,0,0,0,0,0,0,0,0,0,1,0,0,0,0,0,0,0,0,0,0,0,0,0,0,0,0,1,0,0,0,0,287.0,Pseudomonas aeruginosa,Bacteria
116282,,5301809,CHEMBL1696782,Antimicrobial activity against ampC::lox gene-deficient Pseudomonas aeruginosa PAO1 by Etest method,F,BAO_0002146,BAO_0000218,organism-based format,C[C@H]1[C@H](NC(=O)/C(=N\OC(C)(C)C(=O)O)c2csc(N)n2)C(=O)N1S(=O)(=O)O,CHEMBL1687765,Antimicrob Agents Chemother,2010.0,CHEMBL158,AZTREONAM,CHEMBL158,0,http://www.openphacts.org/units/MicrogramPerMilliliter,1337814,=,1,1,=,MIC,ug.mL-1,2.0,CHEMBL348,Pseudomonas aeruginosa,Pseudomonas aeruginosa,287.0,,MIC,ug ml-1,UO_0000274,2.0,CHEMBL158,C[C@H]1[C@H](NC(=O)/C(=N\OC(C)(C)C(=O)O)c2csc(N)n2)C(=O)N1S(=O)(=O)O,12.562141912320484,12.562141912320484,0.0349535856009066,-4.756268639419342,0.174788224513646,20.5,435.44000000000017,418.30400000000014,435.051854504,154,0,0.3620751467724121,-0.4782270320177159,0.4782270320177159,0.3620751467724121,1.4642857142857142,2.071428571428572,2.5,32.24529764273617,10.00401161573638,2.513331128805475,-2.416338874010568,2.230948535260857,-2.707807208919476,7.836563836647012,-0.1608446168429468,2.971847309732629,2.2592762983237704,953.8851353067348,21.43879310982592,14.8114553779692,16.444448539824652,12.752743308167698,7.578995896792942,9.855612118054724,6.221230582074894,8.399971119282888,3.730567932227123,5.414072402778615,2.1128455580549623,3.54351374163482,-2.78,690205.5939907836,21.519292322605008,7.325918985638601,4.204134383579708,162.59031069995737,20.994572059745856,11.735768823996422,10.843243482610037,5.601050810983688,11.814359458703011,16.27347016397548,14.141824241834009,14.083731696315263,8.417796984328938,11.336785877934735,5.15571272675054,20.771211599071872,5.380062770465915,6.041840829147961,37.29827438881211,50.26785898322327,0.0,14.605983116249774,5.15571272675054,38.455944068351485,5.733667477162185,11.073990765314376,0.0,0.0,11.050456081168516,5.131558479839333,0.0,11.336785877934735,68.54635098380861,29.525365011975733,0.0,26.46513959392033,10.535775497216456,0.0,0.0,0.0,201.58,51.4842470947288,22.801408536544404,0.0,15.130702465984026,0.0,11.336785877934735,26.151274369537788,0.0,0.0,15.456479851704078,20.23053332942989,31.44978820569469,0.9796905422586336,44.39737831563419,16.334751159546904,3.256457088644816,-3.375611656986792,-2.3123389733980013,0.0,3.692820624691566,-4.756268639419342,0.4615384615384615,28,5,13,0,1,1,0,1,1,10,4,15,7,0,1,1,2,-1.172499999999998,95.65050000000004,1,0,0,1,0,1,0,0,1,1,3,2,0,0,0,3,1,1,0,0,0,0,0,0,0,0,0,2,0,1,0,0,0,0,0,0,0,0,0,0,0,0,0,0,0,0,0,0,0,0,0,0,0,1,0,0,0,0,0,0,0,0,0,1,0,0,0,0,0,0,0,0,0,0,0,0,0,0,0,0,1,0,0,0,0,287.0,Pseudomonas aeruginosa,Bacteria
116282,,5301809,CHEMBL1696782,Antimicrobial activity against ampC::lox gene-deficient Pseudomonas aeruginosa PAO1 by Etest method,F,BAO_0002146,BAO_0000218,organism-based format,C[C@H]1[C@H](NC(=O)/C(=N\OC(C)(C)C(=O)O)c2csc(N)n2)C(=O)N1S(=O)(=O)O,CHEMBL1687765,Antimicrob Agents Chemother,2010.0,CHEMBL158,AZTREONAM,CHEMBL158,0,http://www.openphacts.org/units/MicrogramPerMilliliter,1337814,=,1,1,=,MIC,ug.mL-1,2.0,CHEMBL348,Pseudomonas aeruginosa,Pseudomonas aeruginosa,287.0,,MIC,ug ml-1,UO_0000274,2.0,CHEMBL158,C[C@H]1[C@H](NC(=O)/C(=N\OC(C)(C)C(=O)O)c2csc(N)n2)C(=O)N1S(=O)(=O)O,12.562141912320484,12.562141912320484,0.0349535856009066,-4.756268639419342,0.174788224513646,20.5,435.44000000000017,418.30400000000014,435.051854504,154,0,0.3620751467724121,-0.4782270320177159,0.4782270320177159,0.3620751467724121,1.4642857142857142,2.071428571428572,2.5,32.24529764273617,10.00401161573638,2.513331128805475,-2.416338874010568,2.230948535260857,-2.707807208919476,7.836563836647012,-0.1608446168429468,2.971847309732629,2.2592762983237704,953.8851353067348,21.43879310982592,14.8114553779692,16.444448539824652,12.752743308167698,7.578995896792942,9.855612118054724,6.221230582074894,8.399971119282888,3.730567932227123,5.414072402778615,2.1128455580549623,3.54351374163482,-2.78,690205.5939907836,21.519292322605008,7.325918985638601,4.204134383579708,162.59031069995737,20.994572059745856,11.735768823996422,10.843243482610037,5.601050810983688,11.814359458703011,16.27347016397548,14.141824241834009,14.083731696315263,8.417796984328938,11.336785877934735,5.15571272675054,20.771211599071872,5.380062770465915,6.041840829147961,37.29827438881211,50.26785898322327,0.0,14.605983116249774,5.15571272675054,38.455944068351485,5.733667477162185,11.073990765314376,0.0,0.0,11.050456081168516,5.131558479839333,0.0,11.336785877934735,68.54635098380861,29.525365011975733,0.0,26.46513959392033,10.535775497216456,0.0,0.0,0.0,201.58,51.4842470947288,22.801408536544404,0.0,15.130702465984026,0.0,11.336785877934735,26.151274369537788,0.0,0.0,15.456479851704078,20.23053332942989,31.44978820569469,0.9796905422586336,44.39737831563419,16.334751159546904,3.256457088644816,-3.375611656986792,-2.3123389733980013,0.0,3.692820624691566,-4.756268639419342,0.4615384615384615,28,5,13,0,1,1,0,1,1,10,4,15,7,0,1,1,2,-1.172499999999998,95.65050000000004,1,0,0,1,0,1,0,0,1,1,3,2,0,0,0,3,1,1,0,0,0,0,0,0,0,0,0,2,0,1,0,0,0,0,0,0,0,0,0,0,0,0,0,0,0,0,0,0,0,0,0,0,0,1,0,0,0,0,0,0,0,0,0,1,0,0,0,0,0,0,0,0,0,0,0,0,0,0,0,0,1,0,0,0,0,287.0,Pseudomonas aeruginosa,Bacteria
116282,,5301809,CHEMBL1696782,Antimicrobial activity against ampC::lox gene-deficient Pseudomonas aeruginosa PAO1 by Etest method,F,BAO_0002146,BAO_0000218,organism-based format,C[C@H]1[C@H](NC(=O)/C(=N\OC(C)(C)C(=O)O)c2csc(N)n2)C(=O)N1S(=O)(=O)O,CHEMBL1687765,Antimicrob Agents Chemother,2010.0,CHEMBL158,AZTREONAM,CHEMBL158,0,http://www.openphacts.org/units/MicrogramPerMilliliter,1337814,=,1,1,=,MIC,ug.mL-1,2.0,CHEMBL348,Pseudomonas aeruginosa,Pseudomonas aeruginosa,287.0,,MIC,ug ml-1,UO_0000274,2.0,CHEMBL158,C[C@H]1[C@H](NC(=O)/C(=N\OC(C)(C)C(=O)O)c2csc(N)n2)C(=O)N1S(=O)(=O)O,12.562141912320484,12.562141912320484,0.0349535856009066,-4.756268639419342,0.174788224513646,20.5,435.44000000000017,418.30400000000014,435.051854504,154,0,0.3620751467724121,-0.4782270320177159,0.4782270320177159,0.3620751467724121,1.4642857142857142,2.071428571428572,2.5,32.24529764273617,10.00401161573638,2.513331128805475,-2.416338874010568,2.230948535260857,-2.707807208919476,7.836563836647012,-0.1608446168429468,2.971847309732629,2.2592762983237704,953.8851353067348,21.43879310982592,14.8114553779692,16.444448539824652,12.752743308167698,7.578995896792942,9.855612118054724,6.221230582074894,8.399971119282888,3.730567932227123,5.414072402778615,2.1128455580549623,3.54351374163482,-2.78,690205.5939907836,21.519292322605008,7.325918985638601,4.204134383579708,162.59031069995737,20.994572059745856,11.735768823996422,10.843243482610037,5.601050810983688,11.814359458703011,16.27347016397548,14.141824241834009,14.083731696315263,8.417796984328938,11.336785877934735,5.15571272675054,20.771211599071872,5.380062770465915,6.041840829147961,37.29827438881211,50.26785898322327,0.0,14.605983116249774,5.15571272675054,38.455944068351485,5.733667477162185,11.073990765314376,0.0,0.0,11.050456081168516,5.131558479839333,0.0,11.336785877934735,68.54635098380861,29.525365011975733,0.0,26.46513959392033,10.535775497216456,0.0,0.0,0.0,201.58,51.4842470947288,22.801408536544404,0.0,15.130702465984026,0.0,11.336785877934735,26.151274369537788,0.0,0.0,15.456479851704078,20.23053332942989,31.44978820569469,0.9796905422586336,44.39737831563419,16.334751159546904,3.256457088644816,-3.375611656986792,-2.3123389733980013,0.0,3.692820624691566,-4.756268639419342,0.4615384615384615,28,5,13,0,1,1,0,1,1,10,4,15,7,0,1,1,2,-1.172499999999998,95.65050000000004,1,0,0,1,0,1,0,0,1,1,3,2,0,0,0,3,1,1,0,0,0,0,0,0,0,0,0,2,0,1,0,0,0,0,0,0,0,0,0,0,0,0,0,0,0,0,0,0,0,0,0,0,0,1,0,0,0,0,0,0,0,0,0,1,0,0,0,0,0,0,0,0,0,0,0,0,0,0,0,0,1,0,0,0,0,287.0,Pseudomonas aeruginosa,Bacteria
116283,,5301856,CHEMBL1695177,Antimicrobial activity against Pseudomonas aeruginosa PAO1 by broth microdilution method,F,BAO_0002146,BAO_0000218,organism-based format,C[C@H]1[C@H](NC(=O)/C(=N\OC(C)(C)C(=O)O)c2csc(N)n2)C(=O)N1S(=O)(=O)O,CHEMBL1687765,Antimicrob Agents Chemother,2010.0,CHEMBL158,AZTREONAM,CHEMBL158,0,http://www.openphacts.org/units/MicrogramPerMilliliter,1337814,=,1,1,=,MIC,ug.mL-1,3.0,CHEMBL348,Pseudomonas aeruginosa,Pseudomonas aeruginosa,287.0,,MIC,ug ml-1,UO_0000274,3.0,CHEMBL158,C[C@H]1[C@H](NC(=O)/C(=N\OC(C)(C)C(=O)O)c2csc(N)n2)C(=O)N1S(=O)(=O)O,12.562141912320484,12.562141912320484,0.0349535856009066,-4.756268639419342,0.174788224513646,20.5,435.44000000000017,418.30400000000014,435.051854504,154,0,0.3620751467724121,-0.4782270320177159,0.4782270320177159,0.3620751467724121,1.4642857142857142,2.071428571428572,2.5,32.24529764273617,10.00401161573638,2.513331128805475,-2.416338874010568,2.230948535260857,-2.707807208919476,7.836563836647012,-0.1608446168429468,2.971847309732629,2.2592762983237704,953.8851353067348,21.43879310982592,14.8114553779692,16.444448539824652,12.752743308167698,7.578995896792942,9.855612118054724,6.221230582074894,8.399971119282888,3.730567932227123,5.414072402778615,2.1128455580549623,3.54351374163482,-2.78,690205.5939907836,21.519292322605008,7.325918985638601,4.204134383579708,162.59031069995737,20.994572059745856,11.735768823996422,10.843243482610037,5.601050810983688,11.814359458703011,16.27347016397548,14.141824241834009,14.083731696315263,8.417796984328938,11.336785877934735,5.15571272675054,20.771211599071872,5.380062770465915,6.041840829147961,37.29827438881211,50.26785898322327,0.0,14.605983116249774,5.15571272675054,38.455944068351485,5.733667477162185,11.073990765314376,0.0,0.0,11.050456081168516,5.131558479839333,0.0,11.336785877934735,68.54635098380861,29.525365011975733,0.0,26.46513959392033,10.535775497216456,0.0,0.0,0.0,201.58,51.4842470947288,22.801408536544404,0.0,15.130702465984026,0.0,11.336785877934735,26.151274369537788,0.0,0.0,15.456479851704078,20.23053332942989,31.44978820569469,0.9796905422586336,44.39737831563419,16.334751159546904,3.256457088644816,-3.375611656986792,-2.3123389733980013,0.0,3.692820624691566,-4.756268639419342,0.4615384615384615,28,5,13,0,1,1,0,1,1,10,4,15,7,0,1,1,2,-1.172499999999998,95.65050000000004,1,0,0,1,0,1,0,0,1,1,3,2,0,0,0,3,1,1,0,0,0,0,0,0,0,0,0,2,0,1,0,0,0,0,0,0,0,0,0,0,0,0,0,0,0,0,0,0,0,0,0,0,0,1,0,0,0,0,0,0,0,0,0,1,0,0,0,0,0,0,0,0,0,0,0,0,0,0,0,0,1,0,0,0,0,287.0,Pseudomonas aeruginosa,Bacteria
116283,,5301856,CHEMBL1695177,Antimicrobial activity against Pseudomonas aeruginosa PAO1 by broth microdilution method,F,BAO_0002146,BAO_0000218,organism-based format,C[C@H]1[C@H](NC(=O)/C(=N\OC(C)(C)C(=O)O)c2csc(N)n2)C(=O)N1S(=O)(=O)O,CHEMBL1687765,Antimicrob Agents Chemother,2010.0,CHEMBL158,AZTREONAM,CHEMBL158,0,http://www.openphacts.org/units/MicrogramPerMilliliter,1337814,=,1,1,=,MIC,ug.mL-1,3.0,CHEMBL348,Pseudomonas aeruginosa,Pseudomonas aeruginosa,287.0,,MIC,ug ml-1,UO_0000274,3.0,CHEMBL158,C[C@H]1[C@H](NC(=O)/C(=N\OC(C)(C)C(=O)O)c2csc(N)n2)C(=O)N1S(=O)(=O)O,12.562141912320484,12.562141912320484,0.0349535856009066,-4.756268639419342,0.174788224513646,20.5,435.44000000000017,418.30400000000014,435.051854504,154,0,0.3620751467724121,-0.4782270320177159,0.4782270320177159,0.3620751467724121,1.4642857142857142,2.071428571428572,2.5,32.24529764273617,10.00401161573638,2.513331128805475,-2.416338874010568,2.230948535260857,-2.707807208919476,7.836563836647012,-0.1608446168429468,2.971847309732629,2.2592762983237704,953.8851353067348,21.43879310982592,14.8114553779692,16.444448539824652,12.752743308167698,7.578995896792942,9.855612118054724,6.221230582074894,8.399971119282888,3.730567932227123,5.414072402778615,2.1128455580549623,3.54351374163482,-2.78,690205.5939907836,21.519292322605008,7.325918985638601,4.204134383579708,162.59031069995737,20.994572059745856,11.735768823996422,10.843243482610037,5.601050810983688,11.814359458703011,16.27347016397548,14.141824241834009,14.083731696315263,8.417796984328938,11.336785877934735,5.15571272675054,20.771211599071872,5.380062770465915,6.041840829147961,37.29827438881211,50.26785898322327,0.0,14.605983116249774,5.15571272675054,38.455944068351485,5.733667477162185,11.073990765314376,0.0,0.0,11.050456081168516,5.131558479839333,0.0,11.336785877934735,68.54635098380861,29.525365011975733,0.0,26.46513959392033,10.535775497216456,0.0,0.0,0.0,201.58,51.4842470947288,22.801408536544404,0.0,15.130702465984026,0.0,11.336785877934735,26.151274369537788,0.0,0.0,15.456479851704078,20.23053332942989,31.44978820569469,0.9796905422586336,44.39737831563419,16.334751159546904,3.256457088644816,-3.375611656986792,-2.3123389733980013,0.0,3.692820624691566,-4.756268639419342,0.4615384615384615,28,5,13,0,1,1,0,1,1,10,4,15,7,0,1,1,2,-1.172499999999998,95.65050000000004,1,0,0,1,0,1,0,0,1,1,3,2,0,0,0,3,1,1,0,0,0,0,0,0,0,0,0,2,0,1,0,0,0,0,0,0,0,0,0,0,0,0,0,0,0,0,0,0,0,0,0,0,0,1,0,0,0,0,0,0,0,0,0,1,0,0,0,0,0,0,0,0,0,0,0,0,0,0,0,0,1,0,0,0,0,287.0,Pseudomonas aeruginosa,Bacteria
116283,,5301856,CHEMBL1695177,Antimicrobial activity against Pseudomonas aeruginosa PAO1 by broth microdilution method,F,BAO_0002146,BAO_0000218,organism-based format,C[C@H]1[C@H](NC(=O)/C(=N\OC(C)(C)C(=O)O)c2csc(N)n2)C(=O)N1S(=O)(=O)O,CHEMBL1687765,Antimicrob Agents Chemother,2010.0,CHEMBL158,AZTREONAM,CHEMBL158,0,http://www.openphacts.org/units/MicrogramPerMilliliter,1337814,=,1,1,=,MIC,ug.mL-1,3.0,CHEMBL348,Pseudomonas aeruginosa,Pseudomonas aeruginosa,287.0,,MIC,ug ml-1,UO_0000274,3.0,CHEMBL158,C[C@H]1[C@H](NC(=O)/C(=N\OC(C)(C)C(=O)O)c2csc(N)n2)C(=O)N1S(=O)(=O)O,12.562141912320484,12.562141912320484,0.0349535856009066,-4.756268639419342,0.174788224513646,20.5,435.44000000000017,418.30400000000014,435.051854504,154,0,0.3620751467724121,-0.4782270320177159,0.4782270320177159,0.3620751467724121,1.4642857142857142,2.071428571428572,2.5,32.24529764273617,10.00401161573638,2.513331128805475,-2.416338874010568,2.230948535260857,-2.707807208919476,7.836563836647012,-0.1608446168429468,2.971847309732629,2.2592762983237704,953.8851353067348,21.43879310982592,14.8114553779692,16.444448539824652,12.752743308167698,7.578995896792942,9.855612118054724,6.221230582074894,8.399971119282888,3.730567932227123,5.414072402778615,2.1128455580549623,3.54351374163482,-2.78,690205.5939907836,21.519292322605008,7.325918985638601,4.204134383579708,162.59031069995737,20.994572059745856,11.735768823996422,10.843243482610037,5.601050810983688,11.814359458703011,16.27347016397548,14.141824241834009,14.083731696315263,8.417796984328938,11.336785877934735,5.15571272675054,20.771211599071872,5.380062770465915,6.041840829147961,37.29827438881211,50.26785898322327,0.0,14.605983116249774,5.15571272675054,38.455944068351485,5.733667477162185,11.073990765314376,0.0,0.0,11.050456081168516,5.131558479839333,0.0,11.336785877934735,68.54635098380861,29.525365011975733,0.0,26.46513959392033,10.535775497216456,0.0,0.0,0.0,201.58,51.4842470947288,22.801408536544404,0.0,15.130702465984026,0.0,11.336785877934735,26.151274369537788,0.0,0.0,15.456479851704078,20.23053332942989,31.44978820569469,0.9796905422586336,44.39737831563419,16.334751159546904,3.256457088644816,-3.375611656986792,-2.3123389733980013,0.0,3.692820624691566,-4.756268639419342,0.4615384615384615,28,5,13,0,1,1,0,1,1,10,4,15,7,0,1,1,2,-1.172499999999998,95.65050000000004,1,0,0,1,0,1,0,0,1,1,3,2,0,0,0,3,1,1,0,0,0,0,0,0,0,0,0,2,0,1,0,0,0,0,0,0,0,0,0,0,0,0,0,0,0,0,0,0,0,0,0,0,0,1,0,0,0,0,0,0,0,0,0,1,0,0,0,0,0,0,0,0,0,0,0,0,0,0,0,0,1,0,0,0,0,287.0,Pseudomonas aeruginosa,Bacteria
116284,,5301857,CHEMBL1695178,Antimicrobial activity against ampD::lox gene-deficient Pseudomonas aeruginosa PAO1 by broth microdilution method,F,BAO_0002146,BAO_0000218,organism-based format,C[C@H]1[C@H](NC(=O)/C(=N\OC(C)(C)C(=O)O)c2csc(N)n2)C(=O)N1S(=O)(=O)O,CHEMBL1687765,Antimicrob Agents Chemother,2010.0,CHEMBL158,AZTREONAM,CHEMBL158,0,http://www.openphacts.org/units/MicrogramPerMilliliter,1337814,=,1,1,=,MIC,ug.mL-1,6.0,CHEMBL348,Pseudomonas aeruginosa,Pseudomonas aeruginosa,287.0,,MIC,ug ml-1,UO_0000274,6.0,CHEMBL158,C[C@H]1[C@H](NC(=O)/C(=N\OC(C)(C)C(=O)O)c2csc(N)n2)C(=O)N1S(=O)(=O)O,12.562141912320484,12.562141912320484,0.0349535856009066,-4.756268639419342,0.174788224513646,20.5,435.44000000000017,418.30400000000014,435.051854504,154,0,0.3620751467724121,-0.4782270320177159,0.4782270320177159,0.3620751467724121,1.4642857142857142,2.071428571428572,2.5,32.24529764273617,10.00401161573638,2.513331128805475,-2.416338874010568,2.230948535260857,-2.707807208919476,7.836563836647012,-0.1608446168429468,2.971847309732629,2.2592762983237704,953.8851353067348,21.43879310982592,14.8114553779692,16.444448539824652,12.752743308167698,7.578995896792942,9.855612118054724,6.221230582074894,8.399971119282888,3.730567932227123,5.414072402778615,2.1128455580549623,3.54351374163482,-2.78,690205.5939907836,21.519292322605008,7.325918985638601,4.204134383579708,162.59031069995737,20.994572059745856,11.735768823996422,10.843243482610037,5.601050810983688,11.814359458703011,16.27347016397548,14.141824241834009,14.083731696315263,8.417796984328938,11.336785877934735,5.15571272675054,20.771211599071872,5.380062770465915,6.041840829147961,37.29827438881211,50.26785898322327,0.0,14.605983116249774,5.15571272675054,38.455944068351485,5.733667477162185,11.073990765314376,0.0,0.0,11.050456081168516,5.131558479839333,0.0,11.336785877934735,68.54635098380861,29.525365011975733,0.0,26.46513959392033,10.535775497216456,0.0,0.0,0.0,201.58,51.4842470947288,22.801408536544404,0.0,15.130702465984026,0.0,11.336785877934735,26.151274369537788,0.0,0.0,15.456479851704078,20.23053332942989,31.44978820569469,0.9796905422586336,44.39737831563419,16.334751159546904,3.256457088644816,-3.375611656986792,-2.3123389733980013,0.0,3.692820624691566,-4.756268639419342,0.4615384615384615,28,5,13,0,1,1,0,1,1,10,4,15,7,0,1,1,2,-1.172499999999998,95.65050000000004,1,0,0,1,0,1,0,0,1,1,3,2,0,0,0,3,1,1,0,0,0,0,0,0,0,0,0,2,0,1,0,0,0,0,0,0,0,0,0,0,0,0,0,0,0,0,0,0,0,0,0,0,0,1,0,0,0,0,0,0,0,0,0,1,0,0,0,0,0,0,0,0,0,0,0,0,0,0,0,0,1,0,0,0,0,287.0,Pseudomonas aeruginosa,Bacteria
116284,,5301857,CHEMBL1695178,Antimicrobial activity against ampD::lox gene-deficient Pseudomonas aeruginosa PAO1 by broth microdilution method,F,BAO_0002146,BAO_0000218,organism-based format,C[C@H]1[C@H](NC(=O)/C(=N\OC(C)(C)C(=O)O)c2csc(N)n2)C(=O)N1S(=O)(=O)O,CHEMBL1687765,Antimicrob Agents Chemother,2010.0,CHEMBL158,AZTREONAM,CHEMBL158,0,http://www.openphacts.org/units/MicrogramPerMilliliter,1337814,=,1,1,=,MIC,ug.mL-1,6.0,CHEMBL348,Pseudomonas aeruginosa,Pseudomonas aeruginosa,287.0,,MIC,ug ml-1,UO_0000274,6.0,CHEMBL158,C[C@H]1[C@H](NC(=O)/C(=N\OC(C)(C)C(=O)O)c2csc(N)n2)C(=O)N1S(=O)(=O)O,12.562141912320484,12.562141912320484,0.0349535856009066,-4.756268639419342,0.174788224513646,20.5,435.44000000000017,418.30400000000014,435.051854504,154,0,0.3620751467724121,-0.4782270320177159,0.4782270320177159,0.3620751467724121,1.4642857142857142,2.071428571428572,2.5,32.24529764273617,10.00401161573638,2.513331128805475,-2.416338874010568,2.230948535260857,-2.707807208919476,7.836563836647012,-0.1608446168429468,2.971847309732629,2.2592762983237704,953.8851353067348,21.43879310982592,14.8114553779692,16.444448539824652,12.752743308167698,7.578995896792942,9.855612118054724,6.221230582074894,8.399971119282888,3.730567932227123,5.414072402778615,2.1128455580549623,3.54351374163482,-2.78,690205.5939907836,21.519292322605008,7.325918985638601,4.204134383579708,162.59031069995737,20.994572059745856,11.735768823996422,10.843243482610037,5.601050810983688,11.814359458703011,16.27347016397548,14.141824241834009,14.083731696315263,8.417796984328938,11.336785877934735,5.15571272675054,20.771211599071872,5.380062770465915,6.041840829147961,37.29827438881211,50.26785898322327,0.0,14.605983116249774,5.15571272675054,38.455944068351485,5.733667477162185,11.073990765314376,0.0,0.0,11.050456081168516,5.131558479839333,0.0,11.336785877934735,68.54635098380861,29.525365011975733,0.0,26.46513959392033,10.535775497216456,0.0,0.0,0.0,201.58,51.4842470947288,22.801408536544404,0.0,15.130702465984026,0.0,11.336785877934735,26.151274369537788,0.0,0.0,15.456479851704078,20.23053332942989,31.44978820569469,0.9796905422586336,44.39737831563419,16.334751159546904,3.256457088644816,-3.375611656986792,-2.3123389733980013,0.0,3.692820624691566,-4.756268639419342,0.4615384615384615,28,5,13,0,1,1,0,1,1,10,4,15,7,0,1,1,2,-1.172499999999998,95.65050000000004,1,0,0,1,0,1,0,0,1,1,3,2,0,0,0,3,1,1,0,0,0,0,0,0,0,0,0,2,0,1,0,0,0,0,0,0,0,0,0,0,0,0,0,0,0,0,0,0,0,0,0,0,0,1,0,0,0,0,0,0,0,0,0,1,0,0,0,0,0,0,0,0,0,0,0,0,0,0,0,0,1,0,0,0,0,287.0,Pseudomonas aeruginosa,Bacteria
116284,,5301857,CHEMBL1695178,Antimicrobial activity against ampD::lox gene-deficient Pseudomonas aeruginosa PAO1 by broth microdilution method,F,BAO_0002146,BAO_0000218,organism-based format,C[C@H]1[C@H](NC(=O)/C(=N\OC(C)(C)C(=O)O)c2csc(N)n2)C(=O)N1S(=O)(=O)O,CHEMBL1687765,Antimicrob Agents Chemother,2010.0,CHEMBL158,AZTREONAM,CHEMBL158,0,http://www.openphacts.org/units/MicrogramPerMilliliter,1337814,=,1,1,=,MIC,ug.mL-1,6.0,CHEMBL348,Pseudomonas aeruginosa,Pseudomonas aeruginosa,287.0,,MIC,ug ml-1,UO_0000274,6.0,CHEMBL158,C[C@H]1[C@H](NC(=O)/C(=N\OC(C)(C)C(=O)O)c2csc(N)n2)C(=O)N1S(=O)(=O)O,12.562141912320484,12.562141912320484,0.0349535856009066,-4.756268639419342,0.174788224513646,20.5,435.44000000000017,418.30400000000014,435.051854504,154,0,0.3620751467724121,-0.4782270320177159,0.4782270320177159,0.3620751467724121,1.4642857142857142,2.071428571428572,2.5,32.24529764273617,10.00401161573638,2.513331128805475,-2.416338874010568,2.230948535260857,-2.707807208919476,7.836563836647012,-0.1608446168429468,2.971847309732629,2.2592762983237704,953.8851353067348,21.43879310982592,14.8114553779692,16.444448539824652,12.752743308167698,7.578995896792942,9.855612118054724,6.221230582074894,8.399971119282888,3.730567932227123,5.414072402778615,2.1128455580549623,3.54351374163482,-2.78,690205.5939907836,21.519292322605008,7.325918985638601,4.204134383579708,162.59031069995737,20.994572059745856,11.735768823996422,10.843243482610037,5.601050810983688,11.814359458703011,16.27347016397548,14.141824241834009,14.083731696315263,8.417796984328938,11.336785877934735,5.15571272675054,20.771211599071872,5.380062770465915,6.041840829147961,37.29827438881211,50.26785898322327,0.0,14.605983116249774,5.15571272675054,38.455944068351485,5.733667477162185,11.073990765314376,0.0,0.0,11.050456081168516,5.131558479839333,0.0,11.336785877934735,68.54635098380861,29.525365011975733,0.0,26.46513959392033,10.535775497216456,0.0,0.0,0.0,201.58,51.4842470947288,22.801408536544404,0.0,15.130702465984026,0.0,11.336785877934735,26.151274369537788,0.0,0.0,15.456479851704078,20.23053332942989,31.44978820569469,0.9796905422586336,44.39737831563419,16.334751159546904,3.256457088644816,-3.375611656986792,-2.3123389733980013,0.0,3.692820624691566,-4.756268639419342,0.4615384615384615,28,5,13,0,1,1,0,1,1,10,4,15,7,0,1,1,2,-1.172499999999998,95.65050000000004,1,0,0,1,0,1,0,0,1,1,3,2,0,0,0,3,1,1,0,0,0,0,0,0,0,0,0,2,0,1,0,0,0,0,0,0,0,0,0,0,0,0,0,0,0,0,0,0,0,0,0,0,0,1,0,0,0,0,0,0,0,0,0,1,0,0,0,0,0,0,0,0,0,0,0,0,0,0,0,0,1,0,0,0,0,287.0,Pseudomonas aeruginosa,Bacteria
116285,,5301858,CHEMBL1695179,Antimicrobial activity against dacB::lox gene-deficient Pseudomonas aeruginosa PAO1 by broth microdilution method,F,BAO_0002146,BAO_0000218,organism-based format,C[C@H]1[C@H](NC(=O)/C(=N\OC(C)(C)C(=O)O)c2csc(N)n2)C(=O)N1S(=O)(=O)O,CHEMBL1687765,Antimicrob Agents Chemother,2010.0,CHEMBL158,AZTREONAM,CHEMBL158,0,http://www.openphacts.org/units/MicrogramPerMilliliter,1337814,=,1,1,=,MIC,ug.mL-1,12.0,CHEMBL348,Pseudomonas aeruginosa,Pseudomonas aeruginosa,287.0,,MIC,ug ml-1,UO_0000274,12.0,CHEMBL158,C[C@H]1[C@H](NC(=O)/C(=N\OC(C)(C)C(=O)O)c2csc(N)n2)C(=O)N1S(=O)(=O)O,12.562141912320484,12.562141912320484,0.0349535856009066,-4.756268639419342,0.174788224513646,20.5,435.44000000000017,418.30400000000014,435.051854504,154,0,0.3620751467724121,-0.4782270320177159,0.4782270320177159,0.3620751467724121,1.4642857142857142,2.071428571428572,2.5,32.24529764273617,10.00401161573638,2.513331128805475,-2.416338874010568,2.230948535260857,-2.707807208919476,7.836563836647012,-0.1608446168429468,2.971847309732629,2.2592762983237704,953.8851353067348,21.43879310982592,14.8114553779692,16.444448539824652,12.752743308167698,7.578995896792942,9.855612118054724,6.221230582074894,8.399971119282888,3.730567932227123,5.414072402778615,2.1128455580549623,3.54351374163482,-2.78,690205.5939907836,21.519292322605008,7.325918985638601,4.204134383579708,162.59031069995737,20.994572059745856,11.735768823996422,10.843243482610037,5.601050810983688,11.814359458703011,16.27347016397548,14.141824241834009,14.083731696315263,8.417796984328938,11.336785877934735,5.15571272675054,20.771211599071872,5.380062770465915,6.041840829147961,37.29827438881211,50.26785898322327,0.0,14.605983116249774,5.15571272675054,38.455944068351485,5.733667477162185,11.073990765314376,0.0,0.0,11.050456081168516,5.131558479839333,0.0,11.336785877934735,68.54635098380861,29.525365011975733,0.0,26.46513959392033,10.535775497216456,0.0,0.0,0.0,201.58,51.4842470947288,22.801408536544404,0.0,15.130702465984026,0.0,11.336785877934735,26.151274369537788,0.0,0.0,15.456479851704078,20.23053332942989,31.44978820569469,0.9796905422586336,44.39737831563419,16.334751159546904,3.256457088644816,-3.375611656986792,-2.3123389733980013,0.0,3.692820624691566,-4.756268639419342,0.4615384615384615,28,5,13,0,1,1,0,1,1,10,4,15,7,0,1,1,2,-1.172499999999998,95.65050000000004,1,0,0,1,0,1,0,0,1,1,3,2,0,0,0,3,1,1,0,0,0,0,0,0,0,0,0,2,0,1,0,0,0,0,0,0,0,0,0,0,0,0,0,0,0,0,0,0,0,0,0,0,0,1,0,0,0,0,0,0,0,0,0,1,0,0,0,0,0,0,0,0,0,0,0,0,0,0,0,0,1,0,0,0,0,287.0,Pseudomonas aeruginosa,Bacteria
116285,,5301858,CHEMBL1695179,Antimicrobial activity against dacB::lox gene-deficient Pseudomonas aeruginosa PAO1 by broth microdilution method,F,BAO_0002146,BAO_0000218,organism-based format,C[C@H]1[C@H](NC(=O)/C(=N\OC(C)(C)C(=O)O)c2csc(N)n2)C(=O)N1S(=O)(=O)O,CHEMBL1687765,Antimicrob Agents Chemother,2010.0,CHEMBL158,AZTREONAM,CHEMBL158,0,http://www.openphacts.org/units/MicrogramPerMilliliter,1337814,=,1,1,=,MIC,ug.mL-1,12.0,CHEMBL348,Pseudomonas aeruginosa,Pseudomonas aeruginosa,287.0,,MIC,ug ml-1,UO_0000274,12.0,CHEMBL158,C[C@H]1[C@H](NC(=O)/C(=N\OC(C)(C)C(=O)O)c2csc(N)n2)C(=O)N1S(=O)(=O)O,12.562141912320484,12.562141912320484,0.0349535856009066,-4.756268639419342,0.174788224513646,20.5,435.44000000000017,418.30400000000014,435.051854504,154,0,0.3620751467724121,-0.4782270320177159,0.4782270320177159,0.3620751467724121,1.4642857142857142,2.071428571428572,2.5,32.24529764273617,10.00401161573638,2.513331128805475,-2.416338874010568,2.230948535260857,-2.707807208919476,7.836563836647012,-0.1608446168429468,2.971847309732629,2.2592762983237704,953.8851353067348,21.43879310982592,14.8114553779692,16.444448539824652,12.752743308167698,7.578995896792942,9.855612118054724,6.221230582074894,8.399971119282888,3.730567932227123,5.414072402778615,2.1128455580549623,3.54351374163482,-2.78,690205.5939907836,21.519292322605008,7.325918985638601,4.204134383579708,162.59031069995737,20.994572059745856,11.735768823996422,10.843243482610037,5.601050810983688,11.814359458703011,16.27347016397548,14.141824241834009,14.083731696315263,8.417796984328938,11.336785877934735,5.15571272675054,20.771211599071872,5.380062770465915,6.041840829147961,37.29827438881211,50.26785898322327,0.0,14.605983116249774,5.15571272675054,38.455944068351485,5.733667477162185,11.073990765314376,0.0,0.0,11.050456081168516,5.131558479839333,0.0,11.336785877934735,68.54635098380861,29.525365011975733,0.0,26.46513959392033,10.535775497216456,0.0,0.0,0.0,201.58,51.4842470947288,22.801408536544404,0.0,15.130702465984026,0.0,11.336785877934735,26.151274369537788,0.0,0.0,15.456479851704078,20.23053332942989,31.44978820569469,0.9796905422586336,44.39737831563419,16.334751159546904,3.256457088644816,-3.375611656986792,-2.3123389733980013,0.0,3.692820624691566,-4.756268639419342,0.4615384615384615,28,5,13,0,1,1,0,1,1,10,4,15,7,0,1,1,2,-1.172499999999998,95.65050000000004,1,0,0,1,0,1,0,0,1,1,3,2,0,0,0,3,1,1,0,0,0,0,0,0,0,0,0,2,0,1,0,0,0,0,0,0,0,0,0,0,0,0,0,0,0,0,0,0,0,0,0,0,0,1,0,0,0,0,0,0,0,0,0,1,0,0,0,0,0,0,0,0,0,0,0,0,0,0,0,0,1,0,0,0,0,287.0,Pseudomonas aeruginosa,Bacteria
116285,,5301858,CHEMBL1695179,Antimicrobial activity against dacB::lox gene-deficient Pseudomonas aeruginosa PAO1 by broth microdilution method,F,BAO_0002146,BAO_0000218,organism-based format,C[C@H]1[C@H](NC(=O)/C(=N\OC(C)(C)C(=O)O)c2csc(N)n2)C(=O)N1S(=O)(=O)O,CHEMBL1687765,Antimicrob Agents Chemother,2010.0,CHEMBL158,AZTREONAM,CHEMBL158,0,http://www.openphacts.org/units/MicrogramPerMilliliter,1337814,=,1,1,=,MIC,ug.mL-1,12.0,CHEMBL348,Pseudomonas aeruginosa,Pseudomonas aeruginosa,287.0,,MIC,ug ml-1,UO_0000274,12.0,CHEMBL158,C[C@H]1[C@H](NC(=O)/C(=N\OC(C)(C)C(=O)O)c2csc(N)n2)C(=O)N1S(=O)(=O)O,12.562141912320484,12.562141912320484,0.0349535856009066,-4.756268639419342,0.174788224513646,20.5,435.44000000000017,418.30400000000014,435.051854504,154,0,0.3620751467724121,-0.4782270320177159,0.4782270320177159,0.3620751467724121,1.4642857142857142,2.071428571428572,2.5,32.24529764273617,10.00401161573638,2.513331128805475,-2.416338874010568,2.230948535260857,-2.707807208919476,7.836563836647012,-0.1608446168429468,2.971847309732629,2.2592762983237704,953.8851353067348,21.43879310982592,14.8114553779692,16.444448539824652,12.752743308167698,7.578995896792942,9.855612118054724,6.221230582074894,8.399971119282888,3.730567932227123,5.414072402778615,2.1128455580549623,3.54351374163482,-2.78,690205.5939907836,21.519292322605008,7.325918985638601,4.204134383579708,162.59031069995737,20.994572059745856,11.735768823996422,10.843243482610037,5.601050810983688,11.814359458703011,16.27347016397548,14.141824241834009,14.083731696315263,8.417796984328938,11.336785877934735,5.15571272675054,20.771211599071872,5.380062770465915,6.041840829147961,37.29827438881211,50.26785898322327,0.0,14.605983116249774,5.15571272675054,38.455944068351485,5.733667477162185,11.073990765314376,0.0,0.0,11.050456081168516,5.131558479839333,0.0,11.336785877934735,68.54635098380861,29.525365011975733,0.0,26.46513959392033,10.535775497216456,0.0,0.0,0.0,201.58,51.4842470947288,22.801408536544404,0.0,15.130702465984026,0.0,11.336785877934735,26.151274369537788,0.0,0.0,15.456479851704078,20.23053332942989,31.44978820569469,0.9796905422586336,44.39737831563419,16.334751159546904,3.256457088644816,-3.375611656986792,-2.3123389733980013,0.0,3.692820624691566,-4.756268639419342,0.4615384615384615,28,5,13,0,1,1,0,1,1,10,4,15,7,0,1,1,2,-1.172499999999998,95.65050000000004,1,0,0,1,0,1,0,0,1,1,3,2,0,0,0,3,1,1,0,0,0,0,0,0,0,0,0,2,0,1,0,0,0,0,0,0,0,0,0,0,0,0,0,0,0,0,0,0,0,0,0,0,0,1,0,0,0,0,0,0,0,0,0,1,0,0,0,0,0,0,0,0,0,0,0,0,0,0,0,0,1,0,0,0,0,287.0,Pseudomonas aeruginosa,Bacteria
116286,,5301859,CHEMBL1695180,Antimicrobial activity against ampD::lox gene-deficient Pseudomonas aeruginosa PAO1 harboring dacB gene by broth microdilution method,F,BAO_0002146,BAO_0000218,organism-based format,C[C@H]1[C@H](NC(=O)/C(=N\OC(C)(C)C(=O)O)c2csc(N)n2)C(=O)N1S(=O)(=O)O,CHEMBL1687765,Antimicrob Agents Chemother,2010.0,CHEMBL158,AZTREONAM,CHEMBL158,0,http://www.openphacts.org/units/MicrogramPerMilliliter,1337814,=,1,1,=,MIC,ug.mL-1,32.0,CHEMBL348,Pseudomonas aeruginosa,Pseudomonas aeruginosa,287.0,,MIC,ug ml-1,UO_0000274,32.0,CHEMBL158,C[C@H]1[C@H](NC(=O)/C(=N\OC(C)(C)C(=O)O)c2csc(N)n2)C(=O)N1S(=O)(=O)O,12.562141912320484,12.562141912320484,0.0349535856009066,-4.756268639419342,0.174788224513646,20.5,435.44000000000017,418.30400000000014,435.051854504,154,0,0.3620751467724121,-0.4782270320177159,0.4782270320177159,0.3620751467724121,1.4642857142857142,2.071428571428572,2.5,32.24529764273617,10.00401161573638,2.513331128805475,-2.416338874010568,2.230948535260857,-2.707807208919476,7.836563836647012,-0.1608446168429468,2.971847309732629,2.2592762983237704,953.8851353067348,21.43879310982592,14.8114553779692,16.444448539824652,12.752743308167698,7.578995896792942,9.855612118054724,6.221230582074894,8.399971119282888,3.730567932227123,5.414072402778615,2.1128455580549623,3.54351374163482,-2.78,690205.5939907836,21.519292322605008,7.325918985638601,4.204134383579708,162.59031069995737,20.994572059745856,11.735768823996422,10.843243482610037,5.601050810983688,11.814359458703011,16.27347016397548,14.141824241834009,14.083731696315263,8.417796984328938,11.336785877934735,5.15571272675054,20.771211599071872,5.380062770465915,6.041840829147961,37.29827438881211,50.26785898322327,0.0,14.605983116249774,5.15571272675054,38.455944068351485,5.733667477162185,11.073990765314376,0.0,0.0,11.050456081168516,5.131558479839333,0.0,11.336785877934735,68.54635098380861,29.525365011975733,0.0,26.46513959392033,10.535775497216456,0.0,0.0,0.0,201.58,51.4842470947288,22.801408536544404,0.0,15.130702465984026,0.0,11.336785877934735,26.151274369537788,0.0,0.0,15.456479851704078,20.23053332942989,31.44978820569469,0.9796905422586336,44.39737831563419,16.334751159546904,3.256457088644816,-3.375611656986792,-2.3123389733980013,0.0,3.692820624691566,-4.756268639419342,0.4615384615384615,28,5,13,0,1,1,0,1,1,10,4,15,7,0,1,1,2,-1.172499999999998,95.65050000000004,1,0,0,1,0,1,0,0,1,1,3,2,0,0,0,3,1,1,0,0,0,0,0,0,0,0,0,2,0,1,0,0,0,0,0,0,0,0,0,0,0,0,0,0,0,0,0,0,0,0,0,0,0,1,0,0,0,0,0,0,0,0,0,1,0,0,0,0,0,0,0,0,0,0,0,0,0,0,0,0,1,0,0,0,0,287.0,Pseudomonas aeruginosa,Bacteria
116286,,5301859,CHEMBL1695180,Antimicrobial activity against ampD::lox gene-deficient Pseudomonas aeruginosa PAO1 harboring dacB gene by broth microdilution method,F,BAO_0002146,BAO_0000218,organism-based format,C[C@H]1[C@H](NC(=O)/C(=N\OC(C)(C)C(=O)O)c2csc(N)n2)C(=O)N1S(=O)(=O)O,CHEMBL1687765,Antimicrob Agents Chemother,2010.0,CHEMBL158,AZTREONAM,CHEMBL158,0,http://www.openphacts.org/units/MicrogramPerMilliliter,1337814,=,1,1,=,MIC,ug.mL-1,32.0,CHEMBL348,Pseudomonas aeruginosa,Pseudomonas aeruginosa,287.0,,MIC,ug ml-1,UO_0000274,32.0,CHEMBL158,C[C@H]1[C@H](NC(=O)/C(=N\OC(C)(C)C(=O)O)c2csc(N)n2)C(=O)N1S(=O)(=O)O,12.562141912320484,12.562141912320484,0.0349535856009066,-4.756268639419342,0.174788224513646,20.5,435.44000000000017,418.30400000000014,435.051854504,154,0,0.3620751467724121,-0.4782270320177159,0.4782270320177159,0.3620751467724121,1.4642857142857142,2.071428571428572,2.5,32.24529764273617,10.00401161573638,2.513331128805475,-2.416338874010568,2.230948535260857,-2.707807208919476,7.836563836647012,-0.1608446168429468,2.971847309732629,2.2592762983237704,953.8851353067348,21.43879310982592,14.8114553779692,16.444448539824652,12.752743308167698,7.578995896792942,9.855612118054724,6.221230582074894,8.399971119282888,3.730567932227123,5.414072402778615,2.1128455580549623,3.54351374163482,-2.78,690205.5939907836,21.519292322605008,7.325918985638601,4.204134383579708,162.59031069995737,20.994572059745856,11.735768823996422,10.843243482610037,5.601050810983688,11.814359458703011,16.27347016397548,14.141824241834009,14.083731696315263,8.417796984328938,11.336785877934735,5.15571272675054,20.771211599071872,5.380062770465915,6.041840829147961,37.29827438881211,50.26785898322327,0.0,14.605983116249774,5.15571272675054,38.455944068351485,5.733667477162185,11.073990765314376,0.0,0.0,11.050456081168516,5.131558479839333,0.0,11.336785877934735,68.54635098380861,29.525365011975733,0.0,26.46513959392033,10.535775497216456,0.0,0.0,0.0,201.58,51.4842470947288,22.801408536544404,0.0,15.130702465984026,0.0,11.336785877934735,26.151274369537788,0.0,0.0,15.456479851704078,20.23053332942989,31.44978820569469,0.9796905422586336,44.39737831563419,16.334751159546904,3.256457088644816,-3.375611656986792,-2.3123389733980013,0.0,3.692820624691566,-4.756268639419342,0.4615384615384615,28,5,13,0,1,1,0,1,1,10,4,15,7,0,1,1,2,-1.172499999999998,95.65050000000004,1,0,0,1,0,1,0,0,1,1,3,2,0,0,0,3,1,1,0,0,0,0,0,0,0,0,0,2,0,1,0,0,0,0,0,0,0,0,0,0,0,0,0,0,0,0,0,0,0,0,0,0,0,1,0,0,0,0,0,0,0,0,0,1,0,0,0,0,0,0,0,0,0,0,0,0,0,0,0,0,1,0,0,0,0,287.0,Pseudomonas aeruginosa,Bacteria
116286,,5301859,CHEMBL1695180,Antimicrobial activity against ampD::lox gene-deficient Pseudomonas aeruginosa PAO1 harboring dacB gene by broth microdilution method,F,BAO_0002146,BAO_0000218,organism-based format,C[C@H]1[C@H](NC(=O)/C(=N\OC(C)(C)C(=O)O)c2csc(N)n2)C(=O)N1S(=O)(=O)O,CHEMBL1687765,Antimicrob Agents Chemother,2010.0,CHEMBL158,AZTREONAM,CHEMBL158,0,http://www.openphacts.org/units/MicrogramPerMilliliter,1337814,=,1,1,=,MIC,ug.mL-1,32.0,CHEMBL348,Pseudomonas aeruginosa,Pseudomonas aeruginosa,287.0,,MIC,ug ml-1,UO_0000274,32.0,CHEMBL158,C[C@H]1[C@H](NC(=O)/C(=N\OC(C)(C)C(=O)O)c2csc(N)n2)C(=O)N1S(=O)(=O)O,12.562141912320484,12.562141912320484,0.0349535856009066,-4.756268639419342,0.174788224513646,20.5,435.44000000000017,418.30400000000014,435.051854504,154,0,0.3620751467724121,-0.4782270320177159,0.4782270320177159,0.3620751467724121,1.4642857142857142,2.071428571428572,2.5,32.24529764273617,10.00401161573638,2.513331128805475,-2.416338874010568,2.230948535260857,-2.707807208919476,7.836563836647012,-0.1608446168429468,2.971847309732629,2.2592762983237704,953.8851353067348,21.43879310982592,14.8114553779692,16.444448539824652,12.752743308167698,7.578995896792942,9.855612118054724,6.221230582074894,8.399971119282888,3.730567932227123,5.414072402778615,2.1128455580549623,3.54351374163482,-2.78,690205.5939907836,21.519292322605008,7.325918985638601,4.204134383579708,162.59031069995737,20.994572059745856,11.735768823996422,10.843243482610037,5.601050810983688,11.814359458703011,16.27347016397548,14.141824241834009,14.083731696315263,8.417796984328938,11.336785877934735,5.15571272675054,20.771211599071872,5.380062770465915,6.041840829147961,37.29827438881211,50.26785898322327,0.0,14.605983116249774,5.15571272675054,38.455944068351485,5.733667477162185,11.073990765314376,0.0,0.0,11.050456081168516,5.131558479839333,0.0,11.336785877934735,68.54635098380861,29.525365011975733,0.0,26.46513959392033,10.535775497216456,0.0,0.0,0.0,201.58,51.4842470947288,22.801408536544404,0.0,15.130702465984026,0.0,11.336785877934735,26.151274369537788,0.0,0.0,15.456479851704078,20.23053332942989,31.44978820569469,0.9796905422586336,44.39737831563419,16.334751159546904,3.256457088644816,-3.375611656986792,-2.3123389733980013,0.0,3.692820624691566,-4.756268639419342,0.4615384615384615,28,5,13,0,1,1,0,1,1,10,4,15,7,0,1,1,2,-1.172499999999998,95.65050000000004,1,0,0,1,0,1,0,0,1,1,3,2,0,0,0,3,1,1,0,0,0,0,0,0,0,0,0,2,0,1,0,0,0,0,0,0,0,0,0,0,0,0,0,0,0,0,0,0,0,0,0,0,0,1,0,0,0,0,0,0,0,0,0,1,0,0,0,0,0,0,0,0,0,0,0,0,0,0,0,0,1,0,0,0,0,287.0,Pseudomonas aeruginosa,Bacteria
116287,,5301860,CHEMBL1695181,Antimicrobial activity against Pseudomonas aeruginosa PAO1 by broth microdilution method in presence of 0.5 mM NagZ inhibitor PUGNAc,F,BAO_0002146,BAO_0000218,organism-based format,C[C@H]1[C@H](NC(=O)/C(=N\OC(C)(C)C(=O)O)c2csc(N)n2)C(=O)N1S(=O)(=O)O,CHEMBL1687765,Antimicrob Agents Chemother,2010.0,CHEMBL158,AZTREONAM,CHEMBL158,0,http://www.openphacts.org/units/MicrogramPerMilliliter,1337814,=,1,1,=,MIC,ug.mL-1,3.0,CHEMBL348,Pseudomonas aeruginosa,Pseudomonas aeruginosa,287.0,,MIC,ug ml-1,UO_0000274,3.0,CHEMBL158,C[C@H]1[C@H](NC(=O)/C(=N\OC(C)(C)C(=O)O)c2csc(N)n2)C(=O)N1S(=O)(=O)O,12.562141912320484,12.562141912320484,0.0349535856009066,-4.756268639419342,0.174788224513646,20.5,435.44000000000017,418.30400000000014,435.051854504,154,0,0.3620751467724121,-0.4782270320177159,0.4782270320177159,0.3620751467724121,1.4642857142857142,2.071428571428572,2.5,32.24529764273617,10.00401161573638,2.513331128805475,-2.416338874010568,2.230948535260857,-2.707807208919476,7.836563836647012,-0.1608446168429468,2.971847309732629,2.2592762983237704,953.8851353067348,21.43879310982592,14.8114553779692,16.444448539824652,12.752743308167698,7.578995896792942,9.855612118054724,6.221230582074894,8.399971119282888,3.730567932227123,5.414072402778615,2.1128455580549623,3.54351374163482,-2.78,690205.5939907836,21.519292322605008,7.325918985638601,4.204134383579708,162.59031069995737,20.994572059745856,11.735768823996422,10.843243482610037,5.601050810983688,11.814359458703011,16.27347016397548,14.141824241834009,14.083731696315263,8.417796984328938,11.336785877934735,5.15571272675054,20.771211599071872,5.380062770465915,6.041840829147961,37.29827438881211,50.26785898322327,0.0,14.605983116249774,5.15571272675054,38.455944068351485,5.733667477162185,11.073990765314376,0.0,0.0,11.050456081168516,5.131558479839333,0.0,11.336785877934735,68.54635098380861,29.525365011975733,0.0,26.46513959392033,10.535775497216456,0.0,0.0,0.0,201.58,51.4842470947288,22.801408536544404,0.0,15.130702465984026,0.0,11.336785877934735,26.151274369537788,0.0,0.0,15.456479851704078,20.23053332942989,31.44978820569469,0.9796905422586336,44.39737831563419,16.334751159546904,3.256457088644816,-3.375611656986792,-2.3123389733980013,0.0,3.692820624691566,-4.756268639419342,0.4615384615384615,28,5,13,0,1,1,0,1,1,10,4,15,7,0,1,1,2,-1.172499999999998,95.65050000000004,1,0,0,1,0,1,0,0,1,1,3,2,0,0,0,3,1,1,0,0,0,0,0,0,0,0,0,2,0,1,0,0,0,0,0,0,0,0,0,0,0,0,0,0,0,0,0,0,0,0,0,0,0,1,0,0,0,0,0,0,0,0,0,1,0,0,0,0,0,0,0,0,0,0,0,0,0,0,0,0,1,0,0,0,0,287.0,Pseudomonas aeruginosa,Bacteria
116287,,5301860,CHEMBL1695181,Antimicrobial activity against Pseudomonas aeruginosa PAO1 by broth microdilution method in presence of 0.5 mM NagZ inhibitor PUGNAc,F,BAO_0002146,BAO_0000218,organism-based format,C[C@H]1[C@H](NC(=O)/C(=N\OC(C)(C)C(=O)O)c2csc(N)n2)C(=O)N1S(=O)(=O)O,CHEMBL1687765,Antimicrob Agents Chemother,2010.0,CHEMBL158,AZTREONAM,CHEMBL158,0,http://www.openphacts.org/units/MicrogramPerMilliliter,1337814,=,1,1,=,MIC,ug.mL-1,3.0,CHEMBL348,Pseudomonas aeruginosa,Pseudomonas aeruginosa,287.0,,MIC,ug ml-1,UO_0000274,3.0,CHEMBL158,C[C@H]1[C@H](NC(=O)/C(=N\OC(C)(C)C(=O)O)c2csc(N)n2)C(=O)N1S(=O)(=O)O,12.562141912320484,12.562141912320484,0.0349535856009066,-4.756268639419342,0.174788224513646,20.5,435.44000000000017,418.30400000000014,435.051854504,154,0,0.3620751467724121,-0.4782270320177159,0.4782270320177159,0.3620751467724121,1.4642857142857142,2.071428571428572,2.5,32.24529764273617,10.00401161573638,2.513331128805475,-2.416338874010568,2.230948535260857,-2.707807208919476,7.836563836647012,-0.1608446168429468,2.971847309732629,2.2592762983237704,953.8851353067348,21.43879310982592,14.8114553779692,16.444448539824652,12.752743308167698,7.578995896792942,9.855612118054724,6.221230582074894,8.399971119282888,3.730567932227123,5.414072402778615,2.1128455580549623,3.54351374163482,-2.78,690205.5939907836,21.519292322605008,7.325918985638601,4.204134383579708,162.59031069995737,20.994572059745856,11.735768823996422,10.843243482610037,5.601050810983688,11.814359458703011,16.27347016397548,14.141824241834009,14.083731696315263,8.417796984328938,11.336785877934735,5.15571272675054,20.771211599071872,5.380062770465915,6.041840829147961,37.29827438881211,50.26785898322327,0.0,14.605983116249774,5.15571272675054,38.455944068351485,5.733667477162185,11.073990765314376,0.0,0.0,11.050456081168516,5.131558479839333,0.0,11.336785877934735,68.54635098380861,29.525365011975733,0.0,26.46513959392033,10.535775497216456,0.0,0.0,0.0,201.58,51.4842470947288,22.801408536544404,0.0,15.130702465984026,0.0,11.336785877934735,26.151274369537788,0.0,0.0,15.456479851704078,20.23053332942989,31.44978820569469,0.9796905422586336,44.39737831563419,16.334751159546904,3.256457088644816,-3.375611656986792,-2.3123389733980013,0.0,3.692820624691566,-4.756268639419342,0.4615384615384615,28,5,13,0,1,1,0,1,1,10,4,15,7,0,1,1,2,-1.172499999999998,95.65050000000004,1,0,0,1,0,1,0,0,1,1,3,2,0,0,0,3,1,1,0,0,0,0,0,0,0,0,0,2,0,1,0,0,0,0,0,0,0,0,0,0,0,0,0,0,0,0,0,0,0,0,0,0,0,1,0,0,0,0,0,0,0,0,0,1,0,0,0,0,0,0,0,0,0,0,0,0,0,0,0,0,1,0,0,0,0,287.0,Pseudomonas aeruginosa,Bacteria
116287,,5301860,CHEMBL1695181,Antimicrobial activity against Pseudomonas aeruginosa PAO1 by broth microdilution method in presence of 0.5 mM NagZ inhibitor PUGNAc,F,BAO_0002146,BAO_0000218,organism-based format,C[C@H]1[C@H](NC(=O)/C(=N\OC(C)(C)C(=O)O)c2csc(N)n2)C(=O)N1S(=O)(=O)O,CHEMBL1687765,Antimicrob Agents Chemother,2010.0,CHEMBL158,AZTREONAM,CHEMBL158,0,http://www.openphacts.org/units/MicrogramPerMilliliter,1337814,=,1,1,=,MIC,ug.mL-1,3.0,CHEMBL348,Pseudomonas aeruginosa,Pseudomonas aeruginosa,287.0,,MIC,ug ml-1,UO_0000274,3.0,CHEMBL158,C[C@H]1[C@H](NC(=O)/C(=N\OC(C)(C)C(=O)O)c2csc(N)n2)C(=O)N1S(=O)(=O)O,12.562141912320484,12.562141912320484,0.0349535856009066,-4.756268639419342,0.174788224513646,20.5,435.44000000000017,418.30400000000014,435.051854504,154,0,0.3620751467724121,-0.4782270320177159,0.4782270320177159,0.3620751467724121,1.4642857142857142,2.071428571428572,2.5,32.24529764273617,10.00401161573638,2.513331128805475,-2.416338874010568,2.230948535260857,-2.707807208919476,7.836563836647012,-0.1608446168429468,2.971847309732629,2.2592762983237704,953.8851353067348,21.43879310982592,14.8114553779692,16.444448539824652,12.752743308167698,7.578995896792942,9.855612118054724,6.221230582074894,8.399971119282888,3.730567932227123,5.414072402778615,2.1128455580549623,3.54351374163482,-2.78,690205.5939907836,21.519292322605008,7.325918985638601,4.204134383579708,162.59031069995737,20.994572059745856,11.735768823996422,10.843243482610037,5.601050810983688,11.814359458703011,16.27347016397548,14.141824241834009,14.083731696315263,8.417796984328938,11.336785877934735,5.15571272675054,20.771211599071872,5.380062770465915,6.041840829147961,37.29827438881211,50.26785898322327,0.0,14.605983116249774,5.15571272675054,38.455944068351485,5.733667477162185,11.073990765314376,0.0,0.0,11.050456081168516,5.131558479839333,0.0,11.336785877934735,68.54635098380861,29.525365011975733,0.0,26.46513959392033,10.535775497216456,0.0,0.0,0.0,201.58,51.4842470947288,22.801408536544404,0.0,15.130702465984026,0.0,11.336785877934735,26.151274369537788,0.0,0.0,15.456479851704078,20.23053332942989,31.44978820569469,0.9796905422586336,44.39737831563419,16.334751159546904,3.256457088644816,-3.375611656986792,-2.3123389733980013,0.0,3.692820624691566,-4.756268639419342,0.4615384615384615,28,5,13,0,1,1,0,1,1,10,4,15,7,0,1,1,2,-1.172499999999998,95.65050000000004,1,0,0,1,0,1,0,0,1,1,3,2,0,0,0,3,1,1,0,0,0,0,0,0,0,0,0,2,0,1,0,0,0,0,0,0,0,0,0,0,0,0,0,0,0,0,0,0,0,0,0,0,0,1,0,0,0,0,0,0,0,0,0,1,0,0,0,0,0,0,0,0,0,0,0,0,0,0,0,0,1,0,0,0,0,287.0,Pseudomonas aeruginosa,Bacteria
116288,,5301861,CHEMBL1695182,Antimicrobial activity against ampD::lox gene-deficient Pseudomonas aeruginosa PAO1 by broth microdilution method in presence of 0.5 mM NagZ inhibitor PUGNAc,F,BAO_0002146,BAO_0000218,organism-based format,C[C@H]1[C@H](NC(=O)/C(=N\OC(C)(C)C(=O)O)c2csc(N)n2)C(=O)N1S(=O)(=O)O,CHEMBL1687765,Antimicrob Agents Chemother,2010.0,CHEMBL158,AZTREONAM,CHEMBL158,0,http://www.openphacts.org/units/MicrogramPerMilliliter,1337814,=,1,1,=,MIC,ug.mL-1,3.0,CHEMBL348,Pseudomonas aeruginosa,Pseudomonas aeruginosa,287.0,,MIC,ug ml-1,UO_0000274,3.0,CHEMBL158,C[C@H]1[C@H](NC(=O)/C(=N\OC(C)(C)C(=O)O)c2csc(N)n2)C(=O)N1S(=O)(=O)O,12.562141912320484,12.562141912320484,0.0349535856009066,-4.756268639419342,0.174788224513646,20.5,435.44000000000017,418.30400000000014,435.051854504,154,0,0.3620751467724121,-0.4782270320177159,0.4782270320177159,0.3620751467724121,1.4642857142857142,2.071428571428572,2.5,32.24529764273617,10.00401161573638,2.513331128805475,-2.416338874010568,2.230948535260857,-2.707807208919476,7.836563836647012,-0.1608446168429468,2.971847309732629,2.2592762983237704,953.8851353067348,21.43879310982592,14.8114553779692,16.444448539824652,12.752743308167698,7.578995896792942,9.855612118054724,6.221230582074894,8.399971119282888,3.730567932227123,5.414072402778615,2.1128455580549623,3.54351374163482,-2.78,690205.5939907836,21.519292322605008,7.325918985638601,4.204134383579708,162.59031069995737,20.994572059745856,11.735768823996422,10.843243482610037,5.601050810983688,11.814359458703011,16.27347016397548,14.141824241834009,14.083731696315263,8.417796984328938,11.336785877934735,5.15571272675054,20.771211599071872,5.380062770465915,6.041840829147961,37.29827438881211,50.26785898322327,0.0,14.605983116249774,5.15571272675054,38.455944068351485,5.733667477162185,11.073990765314376,0.0,0.0,11.050456081168516,5.131558479839333,0.0,11.336785877934735,68.54635098380861,29.525365011975733,0.0,26.46513959392033,10.535775497216456,0.0,0.0,0.0,201.58,51.4842470947288,22.801408536544404,0.0,15.130702465984026,0.0,11.336785877934735,26.151274369537788,0.0,0.0,15.456479851704078,20.23053332942989,31.44978820569469,0.9796905422586336,44.39737831563419,16.334751159546904,3.256457088644816,-3.375611656986792,-2.3123389733980013,0.0,3.692820624691566,-4.756268639419342,0.4615384615384615,28,5,13,0,1,1,0,1,1,10,4,15,7,0,1,1,2,-1.172499999999998,95.65050000000004,1,0,0,1,0,1,0,0,1,1,3,2,0,0,0,3,1,1,0,0,0,0,0,0,0,0,0,2,0,1,0,0,0,0,0,0,0,0,0,0,0,0,0,0,0,0,0,0,0,0,0,0,0,1,0,0,0,0,0,0,0,0,0,1,0,0,0,0,0,0,0,0,0,0,0,0,0,0,0,0,1,0,0,0,0,287.0,Pseudomonas aeruginosa,Bacteria
116288,,5301861,CHEMBL1695182,Antimicrobial activity against ampD::lox gene-deficient Pseudomonas aeruginosa PAO1 by broth microdilution method in presence of 0.5 mM NagZ inhibitor PUGNAc,F,BAO_0002146,BAO_0000218,organism-based format,C[C@H]1[C@H](NC(=O)/C(=N\OC(C)(C)C(=O)O)c2csc(N)n2)C(=O)N1S(=O)(=O)O,CHEMBL1687765,Antimicrob Agents Chemother,2010.0,CHEMBL158,AZTREONAM,CHEMBL158,0,http://www.openphacts.org/units/MicrogramPerMilliliter,1337814,=,1,1,=,MIC,ug.mL-1,3.0,CHEMBL348,Pseudomonas aeruginosa,Pseudomonas aeruginosa,287.0,,MIC,ug ml-1,UO_0000274,3.0,CHEMBL158,C[C@H]1[C@H](NC(=O)/C(=N\OC(C)(C)C(=O)O)c2csc(N)n2)C(=O)N1S(=O)(=O)O,12.562141912320484,12.562141912320484,0.0349535856009066,-4.756268639419342,0.174788224513646,20.5,435.44000000000017,418.30400000000014,435.051854504,154,0,0.3620751467724121,-0.4782270320177159,0.4782270320177159,0.3620751467724121,1.4642857142857142,2.071428571428572,2.5,32.24529764273617,10.00401161573638,2.513331128805475,-2.416338874010568,2.230948535260857,-2.707807208919476,7.836563836647012,-0.1608446168429468,2.971847309732629,2.2592762983237704,953.8851353067348,21.43879310982592,14.8114553779692,16.444448539824652,12.752743308167698,7.578995896792942,9.855612118054724,6.221230582074894,8.399971119282888,3.730567932227123,5.414072402778615,2.1128455580549623,3.54351374163482,-2.78,690205.5939907836,21.519292322605008,7.325918985638601,4.204134383579708,162.59031069995737,20.994572059745856,11.735768823996422,10.843243482610037,5.601050810983688,11.814359458703011,16.27347016397548,14.141824241834009,14.083731696315263,8.417796984328938,11.336785877934735,5.15571272675054,20.771211599071872,5.380062770465915,6.041840829147961,37.29827438881211,50.26785898322327,0.0,14.605983116249774,5.15571272675054,38.455944068351485,5.733667477162185,11.073990765314376,0.0,0.0,11.050456081168516,5.131558479839333,0.0,11.336785877934735,68.54635098380861,29.525365011975733,0.0,26.46513959392033,10.535775497216456,0.0,0.0,0.0,201.58,51.4842470947288,22.801408536544404,0.0,15.130702465984026,0.0,11.336785877934735,26.151274369537788,0.0,0.0,15.456479851704078,20.23053332942989,31.44978820569469,0.9796905422586336,44.39737831563419,16.334751159546904,3.256457088644816,-3.375611656986792,-2.3123389733980013,0.0,3.692820624691566,-4.756268639419342,0.4615384615384615,28,5,13,0,1,1,0,1,1,10,4,15,7,0,1,1,2,-1.172499999999998,95.65050000000004,1,0,0,1,0,1,0,0,1,1,3,2,0,0,0,3,1,1,0,0,0,0,0,0,0,0,0,2,0,1,0,0,0,0,0,0,0,0,0,0,0,0,0,0,0,0,0,0,0,0,0,0,0,1,0,0,0,0,0,0,0,0,0,1,0,0,0,0,0,0,0,0,0,0,0,0,0,0,0,0,1,0,0,0,0,287.0,Pseudomonas aeruginosa,Bacteria
116288,,5301861,CHEMBL1695182,Antimicrobial activity against ampD::lox gene-deficient Pseudomonas aeruginosa PAO1 by broth microdilution method in presence of 0.5 mM NagZ inhibitor PUGNAc,F,BAO_0002146,BAO_0000218,organism-based format,C[C@H]1[C@H](NC(=O)/C(=N\OC(C)(C)C(=O)O)c2csc(N)n2)C(=O)N1S(=O)(=O)O,CHEMBL1687765,Antimicrob Agents Chemother,2010.0,CHEMBL158,AZTREONAM,CHEMBL158,0,http://www.openphacts.org/units/MicrogramPerMilliliter,1337814,=,1,1,=,MIC,ug.mL-1,3.0,CHEMBL348,Pseudomonas aeruginosa,Pseudomonas aeruginosa,287.0,,MIC,ug ml-1,UO_0000274,3.0,CHEMBL158,C[C@H]1[C@H](NC(=O)/C(=N\OC(C)(C)C(=O)O)c2csc(N)n2)C(=O)N1S(=O)(=O)O,12.562141912320484,12.562141912320484,0.0349535856009066,-4.756268639419342,0.174788224513646,20.5,435.44000000000017,418.30400000000014,435.051854504,154,0,0.3620751467724121,-0.4782270320177159,0.4782270320177159,0.3620751467724121,1.4642857142857142,2.071428571428572,2.5,32.24529764273617,10.00401161573638,2.513331128805475,-2.416338874010568,2.230948535260857,-2.707807208919476,7.836563836647012,-0.1608446168429468,2.971847309732629,2.2592762983237704,953.8851353067348,21.43879310982592,14.8114553779692,16.444448539824652,12.752743308167698,7.578995896792942,9.855612118054724,6.221230582074894,8.399971119282888,3.730567932227123,5.414072402778615,2.1128455580549623,3.54351374163482,-2.78,690205.5939907836,21.519292322605008,7.325918985638601,4.204134383579708,162.59031069995737,20.994572059745856,11.735768823996422,10.843243482610037,5.601050810983688,11.814359458703011,16.27347016397548,14.141824241834009,14.083731696315263,8.417796984328938,11.336785877934735,5.15571272675054,20.771211599071872,5.380062770465915,6.041840829147961,37.29827438881211,50.26785898322327,0.0,14.605983116249774,5.15571272675054,38.455944068351485,5.733667477162185,11.073990765314376,0.0,0.0,11.050456081168516,5.131558479839333,0.0,11.336785877934735,68.54635098380861,29.525365011975733,0.0,26.46513959392033,10.535775497216456,0.0,0.0,0.0,201.58,51.4842470947288,22.801408536544404,0.0,15.130702465984026,0.0,11.336785877934735,26.151274369537788,0.0,0.0,15.456479851704078,20.23053332942989,31.44978820569469,0.9796905422586336,44.39737831563419,16.334751159546904,3.256457088644816,-3.375611656986792,-2.3123389733980013,0.0,3.692820624691566,-4.756268639419342,0.4615384615384615,28,5,13,0,1,1,0,1,1,10,4,15,7,0,1,1,2,-1.172499999999998,95.65050000000004,1,0,0,1,0,1,0,0,1,1,3,2,0,0,0,3,1,1,0,0,0,0,0,0,0,0,0,2,0,1,0,0,0,0,0,0,0,0,0,0,0,0,0,0,0,0,0,0,0,0,0,0,0,1,0,0,0,0,0,0,0,0,0,1,0,0,0,0,0,0,0,0,0,0,0,0,0,0,0,0,1,0,0,0,0,287.0,Pseudomonas aeruginosa,Bacteria
116289,,5301862,CHEMBL1695183,Antimicrobial activity against dacB::lox gene-deficient Pseudomonas aeruginosa PAO1 by broth microdilution method in presence of 0.5 mM NagZ inhibitor PUGNAc,F,BAO_0002146,BAO_0000218,organism-based format,C[C@H]1[C@H](NC(=O)/C(=N\OC(C)(C)C(=O)O)c2csc(N)n2)C(=O)N1S(=O)(=O)O,CHEMBL1687765,Antimicrob Agents Chemother,2010.0,CHEMBL158,AZTREONAM,CHEMBL158,0,http://www.openphacts.org/units/MicrogramPerMilliliter,1337814,=,1,1,=,MIC,ug.mL-1,4.0,CHEMBL348,Pseudomonas aeruginosa,Pseudomonas aeruginosa,287.0,,MIC,ug ml-1,UO_0000274,4.0,CHEMBL158,C[C@H]1[C@H](NC(=O)/C(=N\OC(C)(C)C(=O)O)c2csc(N)n2)C(=O)N1S(=O)(=O)O,12.562141912320484,12.562141912320484,0.0349535856009066,-4.756268639419342,0.174788224513646,20.5,435.44000000000017,418.30400000000014,435.051854504,154,0,0.3620751467724121,-0.4782270320177159,0.4782270320177159,0.3620751467724121,1.4642857142857142,2.071428571428572,2.5,32.24529764273617,10.00401161573638,2.513331128805475,-2.416338874010568,2.230948535260857,-2.707807208919476,7.836563836647012,-0.1608446168429468,2.971847309732629,2.2592762983237704,953.8851353067348,21.43879310982592,14.8114553779692,16.444448539824652,12.752743308167698,7.578995896792942,9.855612118054724,6.221230582074894,8.399971119282888,3.730567932227123,5.414072402778615,2.1128455580549623,3.54351374163482,-2.78,690205.5939907836,21.519292322605008,7.325918985638601,4.204134383579708,162.59031069995737,20.994572059745856,11.735768823996422,10.843243482610037,5.601050810983688,11.814359458703011,16.27347016397548,14.141824241834009,14.083731696315263,8.417796984328938,11.336785877934735,5.15571272675054,20.771211599071872,5.380062770465915,6.041840829147961,37.29827438881211,50.26785898322327,0.0,14.605983116249774,5.15571272675054,38.455944068351485,5.733667477162185,11.073990765314376,0.0,0.0,11.050456081168516,5.131558479839333,0.0,11.336785877934735,68.54635098380861,29.525365011975733,0.0,26.46513959392033,10.535775497216456,0.0,0.0,0.0,201.58,51.4842470947288,22.801408536544404,0.0,15.130702465984026,0.0,11.336785877934735,26.151274369537788,0.0,0.0,15.456479851704078,20.23053332942989,31.44978820569469,0.9796905422586336,44.39737831563419,16.334751159546904,3.256457088644816,-3.375611656986792,-2.3123389733980013,0.0,3.692820624691566,-4.756268639419342,0.4615384615384615,28,5,13,0,1,1,0,1,1,10,4,15,7,0,1,1,2,-1.172499999999998,95.65050000000004,1,0,0,1,0,1,0,0,1,1,3,2,0,0,0,3,1,1,0,0,0,0,0,0,0,0,0,2,0,1,0,0,0,0,0,0,0,0,0,0,0,0,0,0,0,0,0,0,0,0,0,0,0,1,0,0,0,0,0,0,0,0,0,1,0,0,0,0,0,0,0,0,0,0,0,0,0,0,0,0,1,0,0,0,0,287.0,Pseudomonas aeruginosa,Bacteria
116289,,5301862,CHEMBL1695183,Antimicrobial activity against dacB::lox gene-deficient Pseudomonas aeruginosa PAO1 by broth microdilution method in presence of 0.5 mM NagZ inhibitor PUGNAc,F,BAO_0002146,BAO_0000218,organism-based format,C[C@H]1[C@H](NC(=O)/C(=N\OC(C)(C)C(=O)O)c2csc(N)n2)C(=O)N1S(=O)(=O)O,CHEMBL1687765,Antimicrob Agents Chemother,2010.0,CHEMBL158,AZTREONAM,CHEMBL158,0,http://www.openphacts.org/units/MicrogramPerMilliliter,1337814,=,1,1,=,MIC,ug.mL-1,4.0,CHEMBL348,Pseudomonas aeruginosa,Pseudomonas aeruginosa,287.0,,MIC,ug ml-1,UO_0000274,4.0,CHEMBL158,C[C@H]1[C@H](NC(=O)/C(=N\OC(C)(C)C(=O)O)c2csc(N)n2)C(=O)N1S(=O)(=O)O,12.562141912320484,12.562141912320484,0.0349535856009066,-4.756268639419342,0.174788224513646,20.5,435.44000000000017,418.30400000000014,435.051854504,154,0,0.3620751467724121,-0.4782270320177159,0.4782270320177159,0.3620751467724121,1.4642857142857142,2.071428571428572,2.5,32.24529764273617,10.00401161573638,2.513331128805475,-2.416338874010568,2.230948535260857,-2.707807208919476,7.836563836647012,-0.1608446168429468,2.971847309732629,2.2592762983237704,953.8851353067348,21.43879310982592,14.8114553779692,16.444448539824652,12.752743308167698,7.578995896792942,9.855612118054724,6.221230582074894,8.399971119282888,3.730567932227123,5.414072402778615,2.1128455580549623,3.54351374163482,-2.78,690205.5939907836,21.519292322605008,7.325918985638601,4.204134383579708,162.59031069995737,20.994572059745856,11.735768823996422,10.843243482610037,5.601050810983688,11.814359458703011,16.27347016397548,14.141824241834009,14.083731696315263,8.417796984328938,11.336785877934735,5.15571272675054,20.771211599071872,5.380062770465915,6.041840829147961,37.29827438881211,50.26785898322327,0.0,14.605983116249774,5.15571272675054,38.455944068351485,5.733667477162185,11.073990765314376,0.0,0.0,11.050456081168516,5.131558479839333,0.0,11.336785877934735,68.54635098380861,29.525365011975733,0.0,26.46513959392033,10.535775497216456,0.0,0.0,0.0,201.58,51.4842470947288,22.801408536544404,0.0,15.130702465984026,0.0,11.336785877934735,26.151274369537788,0.0,0.0,15.456479851704078,20.23053332942989,31.44978820569469,0.9796905422586336,44.39737831563419,16.334751159546904,3.256457088644816,-3.375611656986792,-2.3123389733980013,0.0,3.692820624691566,-4.756268639419342,0.4615384615384615,28,5,13,0,1,1,0,1,1,10,4,15,7,0,1,1,2,-1.172499999999998,95.65050000000004,1,0,0,1,0,1,0,0,1,1,3,2,0,0,0,3,1,1,0,0,0,0,0,0,0,0,0,2,0,1,0,0,0,0,0,0,0,0,0,0,0,0,0,0,0,0,0,0,0,0,0,0,0,1,0,0,0,0,0,0,0,0,0,1,0,0,0,0,0,0,0,0,0,0,0,0,0,0,0,0,1,0,0,0,0,287.0,Pseudomonas aeruginosa,Bacteria
116289,,5301862,CHEMBL1695183,Antimicrobial activity against dacB::lox gene-deficient Pseudomonas aeruginosa PAO1 by broth microdilution method in presence of 0.5 mM NagZ inhibitor PUGNAc,F,BAO_0002146,BAO_0000218,organism-based format,C[C@H]1[C@H](NC(=O)/C(=N\OC(C)(C)C(=O)O)c2csc(N)n2)C(=O)N1S(=O)(=O)O,CHEMBL1687765,Antimicrob Agents Chemother,2010.0,CHEMBL158,AZTREONAM,CHEMBL158,0,http://www.openphacts.org/units/MicrogramPerMilliliter,1337814,=,1,1,=,MIC,ug.mL-1,4.0,CHEMBL348,Pseudomonas aeruginosa,Pseudomonas aeruginosa,287.0,,MIC,ug ml-1,UO_0000274,4.0,CHEMBL158,C[C@H]1[C@H](NC(=O)/C(=N\OC(C)(C)C(=O)O)c2csc(N)n2)C(=O)N1S(=O)(=O)O,12.562141912320484,12.562141912320484,0.0349535856009066,-4.756268639419342,0.174788224513646,20.5,435.44000000000017,418.30400000000014,435.051854504,154,0,0.3620751467724121,-0.4782270320177159,0.4782270320177159,0.3620751467724121,1.4642857142857142,2.071428571428572,2.5,32.24529764273617,10.00401161573638,2.513331128805475,-2.416338874010568,2.230948535260857,-2.707807208919476,7.836563836647012,-0.1608446168429468,2.971847309732629,2.2592762983237704,953.8851353067348,21.43879310982592,14.8114553779692,16.444448539824652,12.752743308167698,7.578995896792942,9.855612118054724,6.221230582074894,8.399971119282888,3.730567932227123,5.414072402778615,2.1128455580549623,3.54351374163482,-2.78,690205.5939907836,21.519292322605008,7.325918985638601,4.204134383579708,162.59031069995737,20.994572059745856,11.735768823996422,10.843243482610037,5.601050810983688,11.814359458703011,16.27347016397548,14.141824241834009,14.083731696315263,8.417796984328938,11.336785877934735,5.15571272675054,20.771211599071872,5.380062770465915,6.041840829147961,37.29827438881211,50.26785898322327,0.0,14.605983116249774,5.15571272675054,38.455944068351485,5.733667477162185,11.073990765314376,0.0,0.0,11.050456081168516,5.131558479839333,0.0,11.336785877934735,68.54635098380861,29.525365011975733,0.0,26.46513959392033,10.535775497216456,0.0,0.0,0.0,201.58,51.4842470947288,22.801408536544404,0.0,15.130702465984026,0.0,11.336785877934735,26.151274369537788,0.0,0.0,15.456479851704078,20.23053332942989,31.44978820569469,0.9796905422586336,44.39737831563419,16.334751159546904,3.256457088644816,-3.375611656986792,-2.3123389733980013,0.0,3.692820624691566,-4.756268639419342,0.4615384615384615,28,5,13,0,1,1,0,1,1,10,4,15,7,0,1,1,2,-1.172499999999998,95.65050000000004,1,0,0,1,0,1,0,0,1,1,3,2,0,0,0,3,1,1,0,0,0,0,0,0,0,0,0,2,0,1,0,0,0,0,0,0,0,0,0,0,0,0,0,0,0,0,0,0,0,0,0,0,0,1,0,0,0,0,0,0,0,0,0,1,0,0,0,0,0,0,0,0,0,0,0,0,0,0,0,0,1,0,0,0,0,287.0,Pseudomonas aeruginosa,Bacteria
116290,,5301863,CHEMBL1695184,Antimicrobial activity against ampD::lox gene-deficient Pseudomonas aeruginosa PAO1 harboring dacB gene by broth microdilution method in presence of 0.5 mM NagZ inhibitor PUGNAc,F,BAO_0002146,BAO_0000218,organism-based format,C[C@H]1[C@H](NC(=O)/C(=N\OC(C)(C)C(=O)O)c2csc(N)n2)C(=O)N1S(=O)(=O)O,CHEMBL1687765,Antimicrob Agents Chemother,2010.0,CHEMBL158,AZTREONAM,CHEMBL158,0,http://www.openphacts.org/units/MicrogramPerMilliliter,1337814,=,1,1,=,MIC,ug.mL-1,32.0,CHEMBL348,Pseudomonas aeruginosa,Pseudomonas aeruginosa,287.0,,MIC,ug ml-1,UO_0000274,32.0,CHEMBL158,C[C@H]1[C@H](NC(=O)/C(=N\OC(C)(C)C(=O)O)c2csc(N)n2)C(=O)N1S(=O)(=O)O,12.562141912320484,12.562141912320484,0.0349535856009066,-4.756268639419342,0.174788224513646,20.5,435.44000000000017,418.30400000000014,435.051854504,154,0,0.3620751467724121,-0.4782270320177159,0.4782270320177159,0.3620751467724121,1.4642857142857142,2.071428571428572,2.5,32.24529764273617,10.00401161573638,2.513331128805475,-2.416338874010568,2.230948535260857,-2.707807208919476,7.836563836647012,-0.1608446168429468,2.971847309732629,2.2592762983237704,953.8851353067348,21.43879310982592,14.8114553779692,16.444448539824652,12.752743308167698,7.578995896792942,9.855612118054724,6.221230582074894,8.399971119282888,3.730567932227123,5.414072402778615,2.1128455580549623,3.54351374163482,-2.78,690205.5939907836,21.519292322605008,7.325918985638601,4.204134383579708,162.59031069995737,20.994572059745856,11.735768823996422,10.843243482610037,5.601050810983688,11.814359458703011,16.27347016397548,14.141824241834009,14.083731696315263,8.417796984328938,11.336785877934735,5.15571272675054,20.771211599071872,5.380062770465915,6.041840829147961,37.29827438881211,50.26785898322327,0.0,14.605983116249774,5.15571272675054,38.455944068351485,5.733667477162185,11.073990765314376,0.0,0.0,11.050456081168516,5.131558479839333,0.0,11.336785877934735,68.54635098380861,29.525365011975733,0.0,26.46513959392033,10.535775497216456,0.0,0.0,0.0,201.58,51.4842470947288,22.801408536544404,0.0,15.130702465984026,0.0,11.336785877934735,26.151274369537788,0.0,0.0,15.456479851704078,20.23053332942989,31.44978820569469,0.9796905422586336,44.39737831563419,16.334751159546904,3.256457088644816,-3.375611656986792,-2.3123389733980013,0.0,3.692820624691566,-4.756268639419342,0.4615384615384615,28,5,13,0,1,1,0,1,1,10,4,15,7,0,1,1,2,-1.172499999999998,95.65050000000004,1,0,0,1,0,1,0,0,1,1,3,2,0,0,0,3,1,1,0,0,0,0,0,0,0,0,0,2,0,1,0,0,0,0,0,0,0,0,0,0,0,0,0,0,0,0,0,0,0,0,0,0,0,1,0,0,0,0,0,0,0,0,0,1,0,0,0,0,0,0,0,0,0,0,0,0,0,0,0,0,1,0,0,0,0,287.0,Pseudomonas aeruginosa,Bacteria
116290,,5301863,CHEMBL1695184,Antimicrobial activity against ampD::lox gene-deficient Pseudomonas aeruginosa PAO1 harboring dacB gene by broth microdilution method in presence of 0.5 mM NagZ inhibitor PUGNAc,F,BAO_0002146,BAO_0000218,organism-based format,C[C@H]1[C@H](NC(=O)/C(=N\OC(C)(C)C(=O)O)c2csc(N)n2)C(=O)N1S(=O)(=O)O,CHEMBL1687765,Antimicrob Agents Chemother,2010.0,CHEMBL158,AZTREONAM,CHEMBL158,0,http://www.openphacts.org/units/MicrogramPerMilliliter,1337814,=,1,1,=,MIC,ug.mL-1,32.0,CHEMBL348,Pseudomonas aeruginosa,Pseudomonas aeruginosa,287.0,,MIC,ug ml-1,UO_0000274,32.0,CHEMBL158,C[C@H]1[C@H](NC(=O)/C(=N\OC(C)(C)C(=O)O)c2csc(N)n2)C(=O)N1S(=O)(=O)O,12.562141912320484,12.562141912320484,0.0349535856009066,-4.756268639419342,0.174788224513646,20.5,435.44000000000017,418.30400000000014,435.051854504,154,0,0.3620751467724121,-0.4782270320177159,0.4782270320177159,0.3620751467724121,1.4642857142857142,2.071428571428572,2.5,32.24529764273617,10.00401161573638,2.513331128805475,-2.416338874010568,2.230948535260857,-2.707807208919476,7.836563836647012,-0.1608446168429468,2.971847309732629,2.2592762983237704,953.8851353067348,21.43879310982592,14.8114553779692,16.444448539824652,12.752743308167698,7.578995896792942,9.855612118054724,6.221230582074894,8.399971119282888,3.730567932227123,5.414072402778615,2.1128455580549623,3.54351374163482,-2.78,690205.5939907836,21.519292322605008,7.325918985638601,4.204134383579708,162.59031069995737,20.994572059745856,11.735768823996422,10.843243482610037,5.601050810983688,11.814359458703011,16.27347016397548,14.141824241834009,14.083731696315263,8.417796984328938,11.336785877934735,5.15571272675054,20.771211599071872,5.380062770465915,6.041840829147961,37.29827438881211,50.26785898322327,0.0,14.605983116249774,5.15571272675054,38.455944068351485,5.733667477162185,11.073990765314376,0.0,0.0,11.050456081168516,5.131558479839333,0.0,11.336785877934735,68.54635098380861,29.525365011975733,0.0,26.46513959392033,10.535775497216456,0.0,0.0,0.0,201.58,51.4842470947288,22.801408536544404,0.0,15.130702465984026,0.0,11.336785877934735,26.151274369537788,0.0,0.0,15.456479851704078,20.23053332942989,31.44978820569469,0.9796905422586336,44.39737831563419,16.334751159546904,3.256457088644816,-3.375611656986792,-2.3123389733980013,0.0,3.692820624691566,-4.756268639419342,0.4615384615384615,28,5,13,0,1,1,0,1,1,10,4,15,7,0,1,1,2,-1.172499999999998,95.65050000000004,1,0,0,1,0,1,0,0,1,1,3,2,0,0,0,3,1,1,0,0,0,0,0,0,0,0,0,2,0,1,0,0,0,0,0,0,0,0,0,0,0,0,0,0,0,0,0,0,0,0,0,0,0,1,0,0,0,0,0,0,0,0,0,1,0,0,0,0,0,0,0,0,0,0,0,0,0,0,0,0,1,0,0,0,0,287.0,Pseudomonas aeruginosa,Bacteria
116290,,5301863,CHEMBL1695184,Antimicrobial activity against ampD::lox gene-deficient Pseudomonas aeruginosa PAO1 harboring dacB gene by broth microdilution method in presence of 0.5 mM NagZ inhibitor PUGNAc,F,BAO_0002146,BAO_0000218,organism-based format,C[C@H]1[C@H](NC(=O)/C(=N\OC(C)(C)C(=O)O)c2csc(N)n2)C(=O)N1S(=O)(=O)O,CHEMBL1687765,Antimicrob Agents Chemother,2010.0,CHEMBL158,AZTREONAM,CHEMBL158,0,http://www.openphacts.org/units/MicrogramPerMilliliter,1337814,=,1,1,=,MIC,ug.mL-1,32.0,CHEMBL348,Pseudomonas aeruginosa,Pseudomonas aeruginosa,287.0,,MIC,ug ml-1,UO_0000274,32.0,CHEMBL158,C[C@H]1[C@H](NC(=O)/C(=N\OC(C)(C)C(=O)O)c2csc(N)n2)C(=O)N1S(=O)(=O)O,12.562141912320484,12.562141912320484,0.0349535856009066,-4.756268639419342,0.174788224513646,20.5,435.44000000000017,418.30400000000014,435.051854504,154,0,0.3620751467724121,-0.4782270320177159,0.4782270320177159,0.3620751467724121,1.4642857142857142,2.071428571428572,2.5,32.24529764273617,10.00401161573638,2.513331128805475,-2.416338874010568,2.230948535260857,-2.707807208919476,7.836563836647012,-0.1608446168429468,2.971847309732629,2.2592762983237704,953.8851353067348,21.43879310982592,14.8114553779692,16.444448539824652,12.752743308167698,7.578995896792942,9.855612118054724,6.221230582074894,8.399971119282888,3.730567932227123,5.414072402778615,2.1128455580549623,3.54351374163482,-2.78,690205.5939907836,21.519292322605008,7.325918985638601,4.204134383579708,162.59031069995737,20.994572059745856,11.735768823996422,10.843243482610037,5.601050810983688,11.814359458703011,16.27347016397548,14.141824241834009,14.083731696315263,8.417796984328938,11.336785877934735,5.15571272675054,20.771211599071872,5.380062770465915,6.041840829147961,37.29827438881211,50.26785898322327,0.0,14.605983116249774,5.15571272675054,38.455944068351485,5.733667477162185,11.073990765314376,0.0,0.0,11.050456081168516,5.131558479839333,0.0,11.336785877934735,68.54635098380861,29.525365011975733,0.0,26.46513959392033,10.535775497216456,0.0,0.0,0.0,201.58,51.4842470947288,22.801408536544404,0.0,15.130702465984026,0.0,11.336785877934735,26.151274369537788,0.0,0.0,15.456479851704078,20.23053332942989,31.44978820569469,0.9796905422586336,44.39737831563419,16.334751159546904,3.256457088644816,-3.375611656986792,-2.3123389733980013,0.0,3.692820624691566,-4.756268639419342,0.4615384615384615,28,5,13,0,1,1,0,1,1,10,4,15,7,0,1,1,2,-1.172499999999998,95.65050000000004,1,0,0,1,0,1,0,0,1,1,3,2,0,0,0,3,1,1,0,0,0,0,0,0,0,0,0,2,0,1,0,0,0,0,0,0,0,0,0,0,0,0,0,0,0,0,0,0,0,0,0,0,0,1,0,0,0,0,0,0,0,0,0,1,0,0,0,0,0,0,0,0,0,0,0,0,0,0,0,0,1,0,0,0,0,287.0,Pseudomonas aeruginosa,Bacteria
116291,,5301864,CHEMBL1695185,Antimicrobial activity against Pseudomonas aeruginosa PAO1 by broth microdilution method in presence of 5 mM NagZ inhibitor PUGNAc,F,BAO_0002146,BAO_0000218,organism-based format,C[C@H]1[C@H](NC(=O)/C(=N\OC(C)(C)C(=O)O)c2csc(N)n2)C(=O)N1S(=O)(=O)O,CHEMBL1687765,Antimicrob Agents Chemother,2010.0,CHEMBL158,AZTREONAM,CHEMBL158,0,http://www.openphacts.org/units/MicrogramPerMilliliter,1337814,=,1,1,=,MIC,ug.mL-1,3.0,CHEMBL348,Pseudomonas aeruginosa,Pseudomonas aeruginosa,287.0,,MIC,ug ml-1,UO_0000274,3.0,CHEMBL158,C[C@H]1[C@H](NC(=O)/C(=N\OC(C)(C)C(=O)O)c2csc(N)n2)C(=O)N1S(=O)(=O)O,12.562141912320484,12.562141912320484,0.0349535856009066,-4.756268639419342,0.174788224513646,20.5,435.44000000000017,418.30400000000014,435.051854504,154,0,0.3620751467724121,-0.4782270320177159,0.4782270320177159,0.3620751467724121,1.4642857142857142,2.071428571428572,2.5,32.24529764273617,10.00401161573638,2.513331128805475,-2.416338874010568,2.230948535260857,-2.707807208919476,7.836563836647012,-0.1608446168429468,2.971847309732629,2.2592762983237704,953.8851353067348,21.43879310982592,14.8114553779692,16.444448539824652,12.752743308167698,7.578995896792942,9.855612118054724,6.221230582074894,8.399971119282888,3.730567932227123,5.414072402778615,2.1128455580549623,3.54351374163482,-2.78,690205.5939907836,21.519292322605008,7.325918985638601,4.204134383579708,162.59031069995737,20.994572059745856,11.735768823996422,10.843243482610037,5.601050810983688,11.814359458703011,16.27347016397548,14.141824241834009,14.083731696315263,8.417796984328938,11.336785877934735,5.15571272675054,20.771211599071872,5.380062770465915,6.041840829147961,37.29827438881211,50.26785898322327,0.0,14.605983116249774,5.15571272675054,38.455944068351485,5.733667477162185,11.073990765314376,0.0,0.0,11.050456081168516,5.131558479839333,0.0,11.336785877934735,68.54635098380861,29.525365011975733,0.0,26.46513959392033,10.535775497216456,0.0,0.0,0.0,201.58,51.4842470947288,22.801408536544404,0.0,15.130702465984026,0.0,11.336785877934735,26.151274369537788,0.0,0.0,15.456479851704078,20.23053332942989,31.44978820569469,0.9796905422586336,44.39737831563419,16.334751159546904,3.256457088644816,-3.375611656986792,-2.3123389733980013,0.0,3.692820624691566,-4.756268639419342,0.4615384615384615,28,5,13,0,1,1,0,1,1,10,4,15,7,0,1,1,2,-1.172499999999998,95.65050000000004,1,0,0,1,0,1,0,0,1,1,3,2,0,0,0,3,1,1,0,0,0,0,0,0,0,0,0,2,0,1,0,0,0,0,0,0,0,0,0,0,0,0,0,0,0,0,0,0,0,0,0,0,0,1,0,0,0,0,0,0,0,0,0,1,0,0,0,0,0,0,0,0,0,0,0,0,0,0,0,0,1,0,0,0,0,287.0,Pseudomonas aeruginosa,Bacteria
116291,,5301864,CHEMBL1695185,Antimicrobial activity against Pseudomonas aeruginosa PAO1 by broth microdilution method in presence of 5 mM NagZ inhibitor PUGNAc,F,BAO_0002146,BAO_0000218,organism-based format,C[C@H]1[C@H](NC(=O)/C(=N\OC(C)(C)C(=O)O)c2csc(N)n2)C(=O)N1S(=O)(=O)O,CHEMBL1687765,Antimicrob Agents Chemother,2010.0,CHEMBL158,AZTREONAM,CHEMBL158,0,http://www.openphacts.org/units/MicrogramPerMilliliter,1337814,=,1,1,=,MIC,ug.mL-1,3.0,CHEMBL348,Pseudomonas aeruginosa,Pseudomonas aeruginosa,287.0,,MIC,ug ml-1,UO_0000274,3.0,CHEMBL158,C[C@H]1[C@H](NC(=O)/C(=N\OC(C)(C)C(=O)O)c2csc(N)n2)C(=O)N1S(=O)(=O)O,12.562141912320484,12.562141912320484,0.0349535856009066,-4.756268639419342,0.174788224513646,20.5,435.44000000000017,418.30400000000014,435.051854504,154,0,0.3620751467724121,-0.4782270320177159,0.4782270320177159,0.3620751467724121,1.4642857142857142,2.071428571428572,2.5,32.24529764273617,10.00401161573638,2.513331128805475,-2.416338874010568,2.230948535260857,-2.707807208919476,7.836563836647012,-0.1608446168429468,2.971847309732629,2.2592762983237704,953.8851353067348,21.43879310982592,14.8114553779692,16.444448539824652,12.752743308167698,7.578995896792942,9.855612118054724,6.221230582074894,8.399971119282888,3.730567932227123,5.414072402778615,2.1128455580549623,3.54351374163482,-2.78,690205.5939907836,21.519292322605008,7.325918985638601,4.204134383579708,162.59031069995737,20.994572059745856,11.735768823996422,10.843243482610037,5.601050810983688,11.814359458703011,16.27347016397548,14.141824241834009,14.083731696315263,8.417796984328938,11.336785877934735,5.15571272675054,20.771211599071872,5.380062770465915,6.041840829147961,37.29827438881211,50.26785898322327,0.0,14.605983116249774,5.15571272675054,38.455944068351485,5.733667477162185,11.073990765314376,0.0,0.0,11.050456081168516,5.131558479839333,0.0,11.336785877934735,68.54635098380861,29.525365011975733,0.0,26.46513959392033,10.535775497216456,0.0,0.0,0.0,201.58,51.4842470947288,22.801408536544404,0.0,15.130702465984026,0.0,11.336785877934735,26.151274369537788,0.0,0.0,15.456479851704078,20.23053332942989,31.44978820569469,0.9796905422586336,44.39737831563419,16.334751159546904,3.256457088644816,-3.375611656986792,-2.3123389733980013,0.0,3.692820624691566,-4.756268639419342,0.4615384615384615,28,5,13,0,1,1,0,1,1,10,4,15,7,0,1,1,2,-1.172499999999998,95.65050000000004,1,0,0,1,0,1,0,0,1,1,3,2,0,0,0,3,1,1,0,0,0,0,0,0,0,0,0,2,0,1,0,0,0,0,0,0,0,0,0,0,0,0,0,0,0,0,0,0,0,0,0,0,0,1,0,0,0,0,0,0,0,0,0,1,0,0,0,0,0,0,0,0,0,0,0,0,0,0,0,0,1,0,0,0,0,287.0,Pseudomonas aeruginosa,Bacteria
116291,,5301864,CHEMBL1695185,Antimicrobial activity against Pseudomonas aeruginosa PAO1 by broth microdilution method in presence of 5 mM NagZ inhibitor PUGNAc,F,BAO_0002146,BAO_0000218,organism-based format,C[C@H]1[C@H](NC(=O)/C(=N\OC(C)(C)C(=O)O)c2csc(N)n2)C(=O)N1S(=O)(=O)O,CHEMBL1687765,Antimicrob Agents Chemother,2010.0,CHEMBL158,AZTREONAM,CHEMBL158,0,http://www.openphacts.org/units/MicrogramPerMilliliter,1337814,=,1,1,=,MIC,ug.mL-1,3.0,CHEMBL348,Pseudomonas aeruginosa,Pseudomonas aeruginosa,287.0,,MIC,ug ml-1,UO_0000274,3.0,CHEMBL158,C[C@H]1[C@H](NC(=O)/C(=N\OC(C)(C)C(=O)O)c2csc(N)n2)C(=O)N1S(=O)(=O)O,12.562141912320484,12.562141912320484,0.0349535856009066,-4.756268639419342,0.174788224513646,20.5,435.44000000000017,418.30400000000014,435.051854504,154,0,0.3620751467724121,-0.4782270320177159,0.4782270320177159,0.3620751467724121,1.4642857142857142,2.071428571428572,2.5,32.24529764273617,10.00401161573638,2.513331128805475,-2.416338874010568,2.230948535260857,-2.707807208919476,7.836563836647012,-0.1608446168429468,2.971847309732629,2.2592762983237704,953.8851353067348,21.43879310982592,14.8114553779692,16.444448539824652,12.752743308167698,7.578995896792942,9.855612118054724,6.221230582074894,8.399971119282888,3.730567932227123,5.414072402778615,2.1128455580549623,3.54351374163482,-2.78,690205.5939907836,21.519292322605008,7.325918985638601,4.204134383579708,162.59031069995737,20.994572059745856,11.735768823996422,10.843243482610037,5.601050810983688,11.814359458703011,16.27347016397548,14.141824241834009,14.083731696315263,8.417796984328938,11.336785877934735,5.15571272675054,20.771211599071872,5.380062770465915,6.041840829147961,37.29827438881211,50.26785898322327,0.0,14.605983116249774,5.15571272675054,38.455944068351485,5.733667477162185,11.073990765314376,0.0,0.0,11.050456081168516,5.131558479839333,0.0,11.336785877934735,68.54635098380861,29.525365011975733,0.0,26.46513959392033,10.535775497216456,0.0,0.0,0.0,201.58,51.4842470947288,22.801408536544404,0.0,15.130702465984026,0.0,11.336785877934735,26.151274369537788,0.0,0.0,15.456479851704078,20.23053332942989,31.44978820569469,0.9796905422586336,44.39737831563419,16.334751159546904,3.256457088644816,-3.375611656986792,-2.3123389733980013,0.0,3.692820624691566,-4.756268639419342,0.4615384615384615,28,5,13,0,1,1,0,1,1,10,4,15,7,0,1,1,2,-1.172499999999998,95.65050000000004,1,0,0,1,0,1,0,0,1,1,3,2,0,0,0,3,1,1,0,0,0,0,0,0,0,0,0,2,0,1,0,0,0,0,0,0,0,0,0,0,0,0,0,0,0,0,0,0,0,0,0,0,0,1,0,0,0,0,0,0,0,0,0,1,0,0,0,0,0,0,0,0,0,0,0,0,0,0,0,0,1,0,0,0,0,287.0,Pseudomonas aeruginosa,Bacteria
116292,,5301865,CHEMBL1695186,Antimicrobial activity against ampD::lox gene-deficient Pseudomonas aeruginosa PAO1 by broth microdilution method in presence of 5 mM NagZ inhibitor PUGNAc,F,BAO_0002146,BAO_0000218,organism-based format,C[C@H]1[C@H](NC(=O)/C(=N\OC(C)(C)C(=O)O)c2csc(N)n2)C(=O)N1S(=O)(=O)O,CHEMBL1687765,Antimicrob Agents Chemother,2010.0,CHEMBL158,AZTREONAM,CHEMBL158,0,http://www.openphacts.org/units/MicrogramPerMilliliter,1337814,=,1,1,=,MIC,ug.mL-1,3.0,CHEMBL348,Pseudomonas aeruginosa,Pseudomonas aeruginosa,287.0,,MIC,ug ml-1,UO_0000274,3.0,CHEMBL158,C[C@H]1[C@H](NC(=O)/C(=N\OC(C)(C)C(=O)O)c2csc(N)n2)C(=O)N1S(=O)(=O)O,12.562141912320484,12.562141912320484,0.0349535856009066,-4.756268639419342,0.174788224513646,20.5,435.44000000000017,418.30400000000014,435.051854504,154,0,0.3620751467724121,-0.4782270320177159,0.4782270320177159,0.3620751467724121,1.4642857142857142,2.071428571428572,2.5,32.24529764273617,10.00401161573638,2.513331128805475,-2.416338874010568,2.230948535260857,-2.707807208919476,7.836563836647012,-0.1608446168429468,2.971847309732629,2.2592762983237704,953.8851353067348,21.43879310982592,14.8114553779692,16.444448539824652,12.752743308167698,7.578995896792942,9.855612118054724,6.221230582074894,8.399971119282888,3.730567932227123,5.414072402778615,2.1128455580549623,3.54351374163482,-2.78,690205.5939907836,21.519292322605008,7.325918985638601,4.204134383579708,162.59031069995737,20.994572059745856,11.735768823996422,10.843243482610037,5.601050810983688,11.814359458703011,16.27347016397548,14.141824241834009,14.083731696315263,8.417796984328938,11.336785877934735,5.15571272675054,20.771211599071872,5.380062770465915,6.041840829147961,37.29827438881211,50.26785898322327,0.0,14.605983116249774,5.15571272675054,38.455944068351485,5.733667477162185,11.073990765314376,0.0,0.0,11.050456081168516,5.131558479839333,0.0,11.336785877934735,68.54635098380861,29.525365011975733,0.0,26.46513959392033,10.535775497216456,0.0,0.0,0.0,201.58,51.4842470947288,22.801408536544404,0.0,15.130702465984026,0.0,11.336785877934735,26.151274369537788,0.0,0.0,15.456479851704078,20.23053332942989,31.44978820569469,0.9796905422586336,44.39737831563419,16.334751159546904,3.256457088644816,-3.375611656986792,-2.3123389733980013,0.0,3.692820624691566,-4.756268639419342,0.4615384615384615,28,5,13,0,1,1,0,1,1,10,4,15,7,0,1,1,2,-1.172499999999998,95.65050000000004,1,0,0,1,0,1,0,0,1,1,3,2,0,0,0,3,1,1,0,0,0,0,0,0,0,0,0,2,0,1,0,0,0,0,0,0,0,0,0,0,0,0,0,0,0,0,0,0,0,0,0,0,0,1,0,0,0,0,0,0,0,0,0,1,0,0,0,0,0,0,0,0,0,0,0,0,0,0,0,0,1,0,0,0,0,287.0,Pseudomonas aeruginosa,Bacteria
116292,,5301865,CHEMBL1695186,Antimicrobial activity against ampD::lox gene-deficient Pseudomonas aeruginosa PAO1 by broth microdilution method in presence of 5 mM NagZ inhibitor PUGNAc,F,BAO_0002146,BAO_0000218,organism-based format,C[C@H]1[C@H](NC(=O)/C(=N\OC(C)(C)C(=O)O)c2csc(N)n2)C(=O)N1S(=O)(=O)O,CHEMBL1687765,Antimicrob Agents Chemother,2010.0,CHEMBL158,AZTREONAM,CHEMBL158,0,http://www.openphacts.org/units/MicrogramPerMilliliter,1337814,=,1,1,=,MIC,ug.mL-1,3.0,CHEMBL348,Pseudomonas aeruginosa,Pseudomonas aeruginosa,287.0,,MIC,ug ml-1,UO_0000274,3.0,CHEMBL158,C[C@H]1[C@H](NC(=O)/C(=N\OC(C)(C)C(=O)O)c2csc(N)n2)C(=O)N1S(=O)(=O)O,12.562141912320484,12.562141912320484,0.0349535856009066,-4.756268639419342,0.174788224513646,20.5,435.44000000000017,418.30400000000014,435.051854504,154,0,0.3620751467724121,-0.4782270320177159,0.4782270320177159,0.3620751467724121,1.4642857142857142,2.071428571428572,2.5,32.24529764273617,10.00401161573638,2.513331128805475,-2.416338874010568,2.230948535260857,-2.707807208919476,7.836563836647012,-0.1608446168429468,2.971847309732629,2.2592762983237704,953.8851353067348,21.43879310982592,14.8114553779692,16.444448539824652,12.752743308167698,7.578995896792942,9.855612118054724,6.221230582074894,8.399971119282888,3.730567932227123,5.414072402778615,2.1128455580549623,3.54351374163482,-2.78,690205.5939907836,21.519292322605008,7.325918985638601,4.204134383579708,162.59031069995737,20.994572059745856,11.735768823996422,10.843243482610037,5.601050810983688,11.814359458703011,16.27347016397548,14.141824241834009,14.083731696315263,8.417796984328938,11.336785877934735,5.15571272675054,20.771211599071872,5.380062770465915,6.041840829147961,37.29827438881211,50.26785898322327,0.0,14.605983116249774,5.15571272675054,38.455944068351485,5.733667477162185,11.073990765314376,0.0,0.0,11.050456081168516,5.131558479839333,0.0,11.336785877934735,68.54635098380861,29.525365011975733,0.0,26.46513959392033,10.535775497216456,0.0,0.0,0.0,201.58,51.4842470947288,22.801408536544404,0.0,15.130702465984026,0.0,11.336785877934735,26.151274369537788,0.0,0.0,15.456479851704078,20.23053332942989,31.44978820569469,0.9796905422586336,44.39737831563419,16.334751159546904,3.256457088644816,-3.375611656986792,-2.3123389733980013,0.0,3.692820624691566,-4.756268639419342,0.4615384615384615,28,5,13,0,1,1,0,1,1,10,4,15,7,0,1,1,2,-1.172499999999998,95.65050000000004,1,0,0,1,0,1,0,0,1,1,3,2,0,0,0,3,1,1,0,0,0,0,0,0,0,0,0,2,0,1,0,0,0,0,0,0,0,0,0,0,0,0,0,0,0,0,0,0,0,0,0,0,0,1,0,0,0,0,0,0,0,0,0,1,0,0,0,0,0,0,0,0,0,0,0,0,0,0,0,0,1,0,0,0,0,287.0,Pseudomonas aeruginosa,Bacteria
116292,,5301865,CHEMBL1695186,Antimicrobial activity against ampD::lox gene-deficient Pseudomonas aeruginosa PAO1 by broth microdilution method in presence of 5 mM NagZ inhibitor PUGNAc,F,BAO_0002146,BAO_0000218,organism-based format,C[C@H]1[C@H](NC(=O)/C(=N\OC(C)(C)C(=O)O)c2csc(N)n2)C(=O)N1S(=O)(=O)O,CHEMBL1687765,Antimicrob Agents Chemother,2010.0,CHEMBL158,AZTREONAM,CHEMBL158,0,http://www.openphacts.org/units/MicrogramPerMilliliter,1337814,=,1,1,=,MIC,ug.mL-1,3.0,CHEMBL348,Pseudomonas aeruginosa,Pseudomonas aeruginosa,287.0,,MIC,ug ml-1,UO_0000274,3.0,CHEMBL158,C[C@H]1[C@H](NC(=O)/C(=N\OC(C)(C)C(=O)O)c2csc(N)n2)C(=O)N1S(=O)(=O)O,12.562141912320484,12.562141912320484,0.0349535856009066,-4.756268639419342,0.174788224513646,20.5,435.44000000000017,418.30400000000014,435.051854504,154,0,0.3620751467724121,-0.4782270320177159,0.4782270320177159,0.3620751467724121,1.4642857142857142,2.071428571428572,2.5,32.24529764273617,10.00401161573638,2.513331128805475,-2.416338874010568,2.230948535260857,-2.707807208919476,7.836563836647012,-0.1608446168429468,2.971847309732629,2.2592762983237704,953.8851353067348,21.43879310982592,14.8114553779692,16.444448539824652,12.752743308167698,7.578995896792942,9.855612118054724,6.221230582074894,8.399971119282888,3.730567932227123,5.414072402778615,2.1128455580549623,3.54351374163482,-2.78,690205.5939907836,21.519292322605008,7.325918985638601,4.204134383579708,162.59031069995737,20.994572059745856,11.735768823996422,10.843243482610037,5.601050810983688,11.814359458703011,16.27347016397548,14.141824241834009,14.083731696315263,8.417796984328938,11.336785877934735,5.15571272675054,20.771211599071872,5.380062770465915,6.041840829147961,37.29827438881211,50.26785898322327,0.0,14.605983116249774,5.15571272675054,38.455944068351485,5.733667477162185,11.073990765314376,0.0,0.0,11.050456081168516,5.131558479839333,0.0,11.336785877934735,68.54635098380861,29.525365011975733,0.0,26.46513959392033,10.535775497216456,0.0,0.0,0.0,201.58,51.4842470947288,22.801408536544404,0.0,15.130702465984026,0.0,11.336785877934735,26.151274369537788,0.0,0.0,15.456479851704078,20.23053332942989,31.44978820569469,0.9796905422586336,44.39737831563419,16.334751159546904,3.256457088644816,-3.375611656986792,-2.3123389733980013,0.0,3.692820624691566,-4.756268639419342,0.4615384615384615,28,5,13,0,1,1,0,1,1,10,4,15,7,0,1,1,2,-1.172499999999998,95.65050000000004,1,0,0,1,0,1,0,0,1,1,3,2,0,0,0,3,1,1,0,0,0,0,0,0,0,0,0,2,0,1,0,0,0,0,0,0,0,0,0,0,0,0,0,0,0,0,0,0,0,0,0,0,0,1,0,0,0,0,0,0,0,0,0,1,0,0,0,0,0,0,0,0,0,0,0,0,0,0,0,0,1,0,0,0,0,287.0,Pseudomonas aeruginosa,Bacteria
116293,,5301866,CHEMBL1695187,Antimicrobial activity against dacB::lox gene-deficient Pseudomonas aeruginosa PAO1 by broth microdilution method in presence of 5 mM NagZ inhibitor PUGNAc,F,BAO_0002146,BAO_0000218,organism-based format,C[C@H]1[C@H](NC(=O)/C(=N\OC(C)(C)C(=O)O)c2csc(N)n2)C(=O)N1S(=O)(=O)O,CHEMBL1687765,Antimicrob Agents Chemother,2010.0,CHEMBL158,AZTREONAM,CHEMBL158,0,http://www.openphacts.org/units/MicrogramPerMilliliter,1337814,=,1,1,=,MIC,ug.mL-1,3.0,CHEMBL348,Pseudomonas aeruginosa,Pseudomonas aeruginosa,287.0,,MIC,ug ml-1,UO_0000274,3.0,CHEMBL158,C[C@H]1[C@H](NC(=O)/C(=N\OC(C)(C)C(=O)O)c2csc(N)n2)C(=O)N1S(=O)(=O)O,12.562141912320484,12.562141912320484,0.0349535856009066,-4.756268639419342,0.174788224513646,20.5,435.44000000000017,418.30400000000014,435.051854504,154,0,0.3620751467724121,-0.4782270320177159,0.4782270320177159,0.3620751467724121,1.4642857142857142,2.071428571428572,2.5,32.24529764273617,10.00401161573638,2.513331128805475,-2.416338874010568,2.230948535260857,-2.707807208919476,7.836563836647012,-0.1608446168429468,2.971847309732629,2.2592762983237704,953.8851353067348,21.43879310982592,14.8114553779692,16.444448539824652,12.752743308167698,7.578995896792942,9.855612118054724,6.221230582074894,8.399971119282888,3.730567932227123,5.414072402778615,2.1128455580549623,3.54351374163482,-2.78,690205.5939907836,21.519292322605008,7.325918985638601,4.204134383579708,162.59031069995737,20.994572059745856,11.735768823996422,10.843243482610037,5.601050810983688,11.814359458703011,16.27347016397548,14.141824241834009,14.083731696315263,8.417796984328938,11.336785877934735,5.15571272675054,20.771211599071872,5.380062770465915,6.041840829147961,37.29827438881211,50.26785898322327,0.0,14.605983116249774,5.15571272675054,38.455944068351485,5.733667477162185,11.073990765314376,0.0,0.0,11.050456081168516,5.131558479839333,0.0,11.336785877934735,68.54635098380861,29.525365011975733,0.0,26.46513959392033,10.535775497216456,0.0,0.0,0.0,201.58,51.4842470947288,22.801408536544404,0.0,15.130702465984026,0.0,11.336785877934735,26.151274369537788,0.0,0.0,15.456479851704078,20.23053332942989,31.44978820569469,0.9796905422586336,44.39737831563419,16.334751159546904,3.256457088644816,-3.375611656986792,-2.3123389733980013,0.0,3.692820624691566,-4.756268639419342,0.4615384615384615,28,5,13,0,1,1,0,1,1,10,4,15,7,0,1,1,2,-1.172499999999998,95.65050000000004,1,0,0,1,0,1,0,0,1,1,3,2,0,0,0,3,1,1,0,0,0,0,0,0,0,0,0,2,0,1,0,0,0,0,0,0,0,0,0,0,0,0,0,0,0,0,0,0,0,0,0,0,0,1,0,0,0,0,0,0,0,0,0,1,0,0,0,0,0,0,0,0,0,0,0,0,0,0,0,0,1,0,0,0,0,287.0,Pseudomonas aeruginosa,Bacteria
116293,,5301866,CHEMBL1695187,Antimicrobial activity against dacB::lox gene-deficient Pseudomonas aeruginosa PAO1 by broth microdilution method in presence of 5 mM NagZ inhibitor PUGNAc,F,BAO_0002146,BAO_0000218,organism-based format,C[C@H]1[C@H](NC(=O)/C(=N\OC(C)(C)C(=O)O)c2csc(N)n2)C(=O)N1S(=O)(=O)O,CHEMBL1687765,Antimicrob Agents Chemother,2010.0,CHEMBL158,AZTREONAM,CHEMBL158,0,http://www.openphacts.org/units/MicrogramPerMilliliter,1337814,=,1,1,=,MIC,ug.mL-1,3.0,CHEMBL348,Pseudomonas aeruginosa,Pseudomonas aeruginosa,287.0,,MIC,ug ml-1,UO_0000274,3.0,CHEMBL158,C[C@H]1[C@H](NC(=O)/C(=N\OC(C)(C)C(=O)O)c2csc(N)n2)C(=O)N1S(=O)(=O)O,12.562141912320484,12.562141912320484,0.0349535856009066,-4.756268639419342,0.174788224513646,20.5,435.44000000000017,418.30400000000014,435.051854504,154,0,0.3620751467724121,-0.4782270320177159,0.4782270320177159,0.3620751467724121,1.4642857142857142,2.071428571428572,2.5,32.24529764273617,10.00401161573638,2.513331128805475,-2.416338874010568,2.230948535260857,-2.707807208919476,7.836563836647012,-0.1608446168429468,2.971847309732629,2.2592762983237704,953.8851353067348,21.43879310982592,14.8114553779692,16.444448539824652,12.752743308167698,7.578995896792942,9.855612118054724,6.221230582074894,8.399971119282888,3.730567932227123,5.414072402778615,2.1128455580549623,3.54351374163482,-2.78,690205.5939907836,21.519292322605008,7.325918985638601,4.204134383579708,162.59031069995737,20.994572059745856,11.735768823996422,10.843243482610037,5.601050810983688,11.814359458703011,16.27347016397548,14.141824241834009,14.083731696315263,8.417796984328938,11.336785877934735,5.15571272675054,20.771211599071872,5.380062770465915,6.041840829147961,37.29827438881211,50.26785898322327,0.0,14.605983116249774,5.15571272675054,38.455944068351485,5.733667477162185,11.073990765314376,0.0,0.0,11.050456081168516,5.131558479839333,0.0,11.336785877934735,68.54635098380861,29.525365011975733,0.0,26.46513959392033,10.535775497216456,0.0,0.0,0.0,201.58,51.4842470947288,22.801408536544404,0.0,15.130702465984026,0.0,11.336785877934735,26.151274369537788,0.0,0.0,15.456479851704078,20.23053332942989,31.44978820569469,0.9796905422586336,44.39737831563419,16.334751159546904,3.256457088644816,-3.375611656986792,-2.3123389733980013,0.0,3.692820624691566,-4.756268639419342,0.4615384615384615,28,5,13,0,1,1,0,1,1,10,4,15,7,0,1,1,2,-1.172499999999998,95.65050000000004,1,0,0,1,0,1,0,0,1,1,3,2,0,0,0,3,1,1,0,0,0,0,0,0,0,0,0,2,0,1,0,0,0,0,0,0,0,0,0,0,0,0,0,0,0,0,0,0,0,0,0,0,0,1,0,0,0,0,0,0,0,0,0,1,0,0,0,0,0,0,0,0,0,0,0,0,0,0,0,0,1,0,0,0,0,287.0,Pseudomonas aeruginosa,Bacteria
116293,,5301866,CHEMBL1695187,Antimicrobial activity against dacB::lox gene-deficient Pseudomonas aeruginosa PAO1 by broth microdilution method in presence of 5 mM NagZ inhibitor PUGNAc,F,BAO_0002146,BAO_0000218,organism-based format,C[C@H]1[C@H](NC(=O)/C(=N\OC(C)(C)C(=O)O)c2csc(N)n2)C(=O)N1S(=O)(=O)O,CHEMBL1687765,Antimicrob Agents Chemother,2010.0,CHEMBL158,AZTREONAM,CHEMBL158,0,http://www.openphacts.org/units/MicrogramPerMilliliter,1337814,=,1,1,=,MIC,ug.mL-1,3.0,CHEMBL348,Pseudomonas aeruginosa,Pseudomonas aeruginosa,287.0,,MIC,ug ml-1,UO_0000274,3.0,CHEMBL158,C[C@H]1[C@H](NC(=O)/C(=N\OC(C)(C)C(=O)O)c2csc(N)n2)C(=O)N1S(=O)(=O)O,12.562141912320484,12.562141912320484,0.0349535856009066,-4.756268639419342,0.174788224513646,20.5,435.44000000000017,418.30400000000014,435.051854504,154,0,0.3620751467724121,-0.4782270320177159,0.4782270320177159,0.3620751467724121,1.4642857142857142,2.071428571428572,2.5,32.24529764273617,10.00401161573638,2.513331128805475,-2.416338874010568,2.230948535260857,-2.707807208919476,7.836563836647012,-0.1608446168429468,2.971847309732629,2.2592762983237704,953.8851353067348,21.43879310982592,14.8114553779692,16.444448539824652,12.752743308167698,7.578995896792942,9.855612118054724,6.221230582074894,8.399971119282888,3.730567932227123,5.414072402778615,2.1128455580549623,3.54351374163482,-2.78,690205.5939907836,21.519292322605008,7.325918985638601,4.204134383579708,162.59031069995737,20.994572059745856,11.735768823996422,10.843243482610037,5.601050810983688,11.814359458703011,16.27347016397548,14.141824241834009,14.083731696315263,8.417796984328938,11.336785877934735,5.15571272675054,20.771211599071872,5.380062770465915,6.041840829147961,37.29827438881211,50.26785898322327,0.0,14.605983116249774,5.15571272675054,38.455944068351485,5.733667477162185,11.073990765314376,0.0,0.0,11.050456081168516,5.131558479839333,0.0,11.336785877934735,68.54635098380861,29.525365011975733,0.0,26.46513959392033,10.535775497216456,0.0,0.0,0.0,201.58,51.4842470947288,22.801408536544404,0.0,15.130702465984026,0.0,11.336785877934735,26.151274369537788,0.0,0.0,15.456479851704078,20.23053332942989,31.44978820569469,0.9796905422586336,44.39737831563419,16.334751159546904,3.256457088644816,-3.375611656986792,-2.3123389733980013,0.0,3.692820624691566,-4.756268639419342,0.4615384615384615,28,5,13,0,1,1,0,1,1,10,4,15,7,0,1,1,2,-1.172499999999998,95.65050000000004,1,0,0,1,0,1,0,0,1,1,3,2,0,0,0,3,1,1,0,0,0,0,0,0,0,0,0,2,0,1,0,0,0,0,0,0,0,0,0,0,0,0,0,0,0,0,0,0,0,0,0,0,0,1,0,0,0,0,0,0,0,0,0,1,0,0,0,0,0,0,0,0,0,0,0,0,0,0,0,0,1,0,0,0,0,287.0,Pseudomonas aeruginosa,Bacteria
116294,,5301867,CHEMBL1695188,Antimicrobial activity against ampD::lox gene-deficient Pseudomonas aeruginosa PAO1 harboring dacB gene by broth microdilution method in presence of 5 mM NagZ inhibitor PUGNAc,F,BAO_0002146,BAO_0000218,organism-based format,C[C@H]1[C@H](NC(=O)/C(=N\OC(C)(C)C(=O)O)c2csc(N)n2)C(=O)N1S(=O)(=O)O,CHEMBL1687765,Antimicrob Agents Chemother,2010.0,CHEMBL158,AZTREONAM,CHEMBL158,0,http://www.openphacts.org/units/MicrogramPerMilliliter,1337814,=,1,1,=,MIC,ug.mL-1,24.0,CHEMBL348,Pseudomonas aeruginosa,Pseudomonas aeruginosa,287.0,,MIC,ug ml-1,UO_0000274,24.0,CHEMBL158,C[C@H]1[C@H](NC(=O)/C(=N\OC(C)(C)C(=O)O)c2csc(N)n2)C(=O)N1S(=O)(=O)O,12.562141912320484,12.562141912320484,0.0349535856009066,-4.756268639419342,0.174788224513646,20.5,435.44000000000017,418.30400000000014,435.051854504,154,0,0.3620751467724121,-0.4782270320177159,0.4782270320177159,0.3620751467724121,1.4642857142857142,2.071428571428572,2.5,32.24529764273617,10.00401161573638,2.513331128805475,-2.416338874010568,2.230948535260857,-2.707807208919476,7.836563836647012,-0.1608446168429468,2.971847309732629,2.2592762983237704,953.8851353067348,21.43879310982592,14.8114553779692,16.444448539824652,12.752743308167698,7.578995896792942,9.855612118054724,6.221230582074894,8.399971119282888,3.730567932227123,5.414072402778615,2.1128455580549623,3.54351374163482,-2.78,690205.5939907836,21.519292322605008,7.325918985638601,4.204134383579708,162.59031069995737,20.994572059745856,11.735768823996422,10.843243482610037,5.601050810983688,11.814359458703011,16.27347016397548,14.141824241834009,14.083731696315263,8.417796984328938,11.336785877934735,5.15571272675054,20.771211599071872,5.380062770465915,6.041840829147961,37.29827438881211,50.26785898322327,0.0,14.605983116249774,5.15571272675054,38.455944068351485,5.733667477162185,11.073990765314376,0.0,0.0,11.050456081168516,5.131558479839333,0.0,11.336785877934735,68.54635098380861,29.525365011975733,0.0,26.46513959392033,10.535775497216456,0.0,0.0,0.0,201.58,51.4842470947288,22.801408536544404,0.0,15.130702465984026,0.0,11.336785877934735,26.151274369537788,0.0,0.0,15.456479851704078,20.23053332942989,31.44978820569469,0.9796905422586336,44.39737831563419,16.334751159546904,3.256457088644816,-3.375611656986792,-2.3123389733980013,0.0,3.692820624691566,-4.756268639419342,0.4615384615384615,28,5,13,0,1,1,0,1,1,10,4,15,7,0,1,1,2,-1.172499999999998,95.65050000000004,1,0,0,1,0,1,0,0,1,1,3,2,0,0,0,3,1,1,0,0,0,0,0,0,0,0,0,2,0,1,0,0,0,0,0,0,0,0,0,0,0,0,0,0,0,0,0,0,0,0,0,0,0,1,0,0,0,0,0,0,0,0,0,1,0,0,0,0,0,0,0,0,0,0,0,0,0,0,0,0,1,0,0,0,0,287.0,Pseudomonas aeruginosa,Bacteria
116294,,5301867,CHEMBL1695188,Antimicrobial activity against ampD::lox gene-deficient Pseudomonas aeruginosa PAO1 harboring dacB gene by broth microdilution method in presence of 5 mM NagZ inhibitor PUGNAc,F,BAO_0002146,BAO_0000218,organism-based format,C[C@H]1[C@H](NC(=O)/C(=N\OC(C)(C)C(=O)O)c2csc(N)n2)C(=O)N1S(=O)(=O)O,CHEMBL1687765,Antimicrob Agents Chemother,2010.0,CHEMBL158,AZTREONAM,CHEMBL158,0,http://www.openphacts.org/units/MicrogramPerMilliliter,1337814,=,1,1,=,MIC,ug.mL-1,24.0,CHEMBL348,Pseudomonas aeruginosa,Pseudomonas aeruginosa,287.0,,MIC,ug ml-1,UO_0000274,24.0,CHEMBL158,C[C@H]1[C@H](NC(=O)/C(=N\OC(C)(C)C(=O)O)c2csc(N)n2)C(=O)N1S(=O)(=O)O,12.562141912320484,12.562141912320484,0.0349535856009066,-4.756268639419342,0.174788224513646,20.5,435.44000000000017,418.30400000000014,435.051854504,154,0,0.3620751467724121,-0.4782270320177159,0.4782270320177159,0.3620751467724121,1.4642857142857142,2.071428571428572,2.5,32.24529764273617,10.00401161573638,2.513331128805475,-2.416338874010568,2.230948535260857,-2.707807208919476,7.836563836647012,-0.1608446168429468,2.971847309732629,2.2592762983237704,953.8851353067348,21.43879310982592,14.8114553779692,16.444448539824652,12.752743308167698,7.578995896792942,9.855612118054724,6.221230582074894,8.399971119282888,3.730567932227123,5.414072402778615,2.1128455580549623,3.54351374163482,-2.78,690205.5939907836,21.519292322605008,7.325918985638601,4.204134383579708,162.59031069995737,20.994572059745856,11.735768823996422,10.843243482610037,5.601050810983688,11.814359458703011,16.27347016397548,14.141824241834009,14.083731696315263,8.417796984328938,11.336785877934735,5.15571272675054,20.771211599071872,5.380062770465915,6.041840829147961,37.29827438881211,50.26785898322327,0.0,14.605983116249774,5.15571272675054,38.455944068351485,5.733667477162185,11.073990765314376,0.0,0.0,11.050456081168516,5.131558479839333,0.0,11.336785877934735,68.54635098380861,29.525365011975733,0.0,26.46513959392033,10.535775497216456,0.0,0.0,0.0,201.58,51.4842470947288,22.801408536544404,0.0,15.130702465984026,0.0,11.336785877934735,26.151274369537788,0.0,0.0,15.456479851704078,20.23053332942989,31.44978820569469,0.9796905422586336,44.39737831563419,16.334751159546904,3.256457088644816,-3.375611656986792,-2.3123389733980013,0.0,3.692820624691566,-4.756268639419342,0.4615384615384615,28,5,13,0,1,1,0,1,1,10,4,15,7,0,1,1,2,-1.172499999999998,95.65050000000004,1,0,0,1,0,1,0,0,1,1,3,2,0,0,0,3,1,1,0,0,0,0,0,0,0,0,0,2,0,1,0,0,0,0,0,0,0,0,0,0,0,0,0,0,0,0,0,0,0,0,0,0,0,1,0,0,0,0,0,0,0,0,0,1,0,0,0,0,0,0,0,0,0,0,0,0,0,0,0,0,1,0,0,0,0,287.0,Pseudomonas aeruginosa,Bacteria
116294,,5301867,CHEMBL1695188,Antimicrobial activity against ampD::lox gene-deficient Pseudomonas aeruginosa PAO1 harboring dacB gene by broth microdilution method in presence of 5 mM NagZ inhibitor PUGNAc,F,BAO_0002146,BAO_0000218,organism-based format,C[C@H]1[C@H](NC(=O)/C(=N\OC(C)(C)C(=O)O)c2csc(N)n2)C(=O)N1S(=O)(=O)O,CHEMBL1687765,Antimicrob Agents Chemother,2010.0,CHEMBL158,AZTREONAM,CHEMBL158,0,http://www.openphacts.org/units/MicrogramPerMilliliter,1337814,=,1,1,=,MIC,ug.mL-1,24.0,CHEMBL348,Pseudomonas aeruginosa,Pseudomonas aeruginosa,287.0,,MIC,ug ml-1,UO_0000274,24.0,CHEMBL158,C[C@H]1[C@H](NC(=O)/C(=N\OC(C)(C)C(=O)O)c2csc(N)n2)C(=O)N1S(=O)(=O)O,12.562141912320484,12.562141912320484,0.0349535856009066,-4.756268639419342,0.174788224513646,20.5,435.44000000000017,418.30400000000014,435.051854504,154,0,0.3620751467724121,-0.4782270320177159,0.4782270320177159,0.3620751467724121,1.4642857142857142,2.071428571428572,2.5,32.24529764273617,10.00401161573638,2.513331128805475,-2.416338874010568,2.230948535260857,-2.707807208919476,7.836563836647012,-0.1608446168429468,2.971847309732629,2.2592762983237704,953.8851353067348,21.43879310982592,14.8114553779692,16.444448539824652,12.752743308167698,7.578995896792942,9.855612118054724,6.221230582074894,8.399971119282888,3.730567932227123,5.414072402778615,2.1128455580549623,3.54351374163482,-2.78,690205.5939907836,21.519292322605008,7.325918985638601,4.204134383579708,162.59031069995737,20.994572059745856,11.735768823996422,10.843243482610037,5.601050810983688,11.814359458703011,16.27347016397548,14.141824241834009,14.083731696315263,8.417796984328938,11.336785877934735,5.15571272675054,20.771211599071872,5.380062770465915,6.041840829147961,37.29827438881211,50.26785898322327,0.0,14.605983116249774,5.15571272675054,38.455944068351485,5.733667477162185,11.073990765314376,0.0,0.0,11.050456081168516,5.131558479839333,0.0,11.336785877934735,68.54635098380861,29.525365011975733,0.0,26.46513959392033,10.535775497216456,0.0,0.0,0.0,201.58,51.4842470947288,22.801408536544404,0.0,15.130702465984026,0.0,11.336785877934735,26.151274369537788,0.0,0.0,15.456479851704078,20.23053332942989,31.44978820569469,0.9796905422586336,44.39737831563419,16.334751159546904,3.256457088644816,-3.375611656986792,-2.3123389733980013,0.0,3.692820624691566,-4.756268639419342,0.4615384615384615,28,5,13,0,1,1,0,1,1,10,4,15,7,0,1,1,2,-1.172499999999998,95.65050000000004,1,0,0,1,0,1,0,0,1,1,3,2,0,0,0,3,1,1,0,0,0,0,0,0,0,0,0,2,0,1,0,0,0,0,0,0,0,0,0,0,0,0,0,0,0,0,0,0,0,0,0,0,0,1,0,0,0,0,0,0,0,0,0,1,0,0,0,0,0,0,0,0,0,0,0,0,0,0,0,0,1,0,0,0,0,287.0,Pseudomonas aeruginosa,Bacteria
116295,,5302164,CHEMBL1693515,Antimicrobial activity against Escherichia coli DH5alpha carrying Pseudomonas aeruginosa strain PS 297 IMP-18-pLBII after 18 hrs by microdilution broth method,F,BAO_0002146,BAO_0000218,organism-based format,C[C@H]1[C@H](NC(=O)/C(=N\OC(C)(C)C(=O)O)c2csc(N)n2)C(=O)N1S(=O)(=O)O,CHEMBL1687833,Antimicrob Agents Chemother,2011.0,CHEMBL158,AZTREONAM,CHEMBL158,0,http://www.openphacts.org/units/MicrogramPerMilliliter,1338490,=,1,1,=,MIC,ug.mL-1,0.12,CHEMBL354,Escherichia coli,Escherichia coli,562.0,,MIC,ug ml-1,UO_0000274,0.12,CHEMBL158,C[C@H]1[C@H](NC(=O)/C(=N\OC(C)(C)C(=O)O)c2csc(N)n2)C(=O)N1S(=O)(=O)O,12.562141912320484,12.562141912320484,0.0349535856009066,-4.756268639419342,0.174788224513646,20.5,435.44000000000017,418.30400000000014,435.051854504,154,0,0.3620751467724121,-0.4782270320177159,0.4782270320177159,0.3620751467724121,1.4642857142857142,2.071428571428572,2.5,32.24529764273617,10.00401161573638,2.513331128805475,-2.416338874010568,2.230948535260857,-2.707807208919476,7.836563836647012,-0.1608446168429468,2.971847309732629,2.2592762983237704,953.8851353067348,21.43879310982592,14.8114553779692,16.444448539824652,12.752743308167698,7.578995896792942,9.855612118054724,6.221230582074894,8.399971119282888,3.730567932227123,5.414072402778615,2.1128455580549623,3.54351374163482,-2.78,690205.5939907836,21.519292322605008,7.325918985638601,4.204134383579708,162.59031069995737,20.994572059745856,11.735768823996422,10.843243482610037,5.601050810983688,11.814359458703011,16.27347016397548,14.141824241834009,14.083731696315263,8.417796984328938,11.336785877934735,5.15571272675054,20.771211599071872,5.380062770465915,6.041840829147961,37.29827438881211,50.26785898322327,0.0,14.605983116249774,5.15571272675054,38.455944068351485,5.733667477162185,11.073990765314376,0.0,0.0,11.050456081168516,5.131558479839333,0.0,11.336785877934735,68.54635098380861,29.525365011975733,0.0,26.46513959392033,10.535775497216456,0.0,0.0,0.0,201.58,51.4842470947288,22.801408536544404,0.0,15.130702465984026,0.0,11.336785877934735,26.151274369537788,0.0,0.0,15.456479851704078,20.23053332942989,31.44978820569469,0.9796905422586336,44.39737831563419,16.334751159546904,3.256457088644816,-3.375611656986792,-2.3123389733980013,0.0,3.692820624691566,-4.756268639419342,0.4615384615384615,28,5,13,0,1,1,0,1,1,10,4,15,7,0,1,1,2,-1.172499999999998,95.65050000000004,1,0,0,1,0,1,0,0,1,1,3,2,0,0,0,3,1,1,0,0,0,0,0,0,0,0,0,2,0,1,0,0,0,0,0,0,0,0,0,0,0,0,0,0,0,0,0,0,0,0,0,0,0,1,0,0,0,0,0,0,0,0,0,1,0,0,0,0,0,0,0,0,0,0,0,0,0,0,0,0,1,0,0,0,0,562.0,Escherichia coli,Bacteria
116295,,5302164,CHEMBL1693515,Antimicrobial activity against Escherichia coli DH5alpha carrying Pseudomonas aeruginosa strain PS 297 IMP-18-pLBII after 18 hrs by microdilution broth method,F,BAO_0002146,BAO_0000218,organism-based format,C[C@H]1[C@H](NC(=O)/C(=N\OC(C)(C)C(=O)O)c2csc(N)n2)C(=O)N1S(=O)(=O)O,CHEMBL1687833,Antimicrob Agents Chemother,2011.0,CHEMBL158,AZTREONAM,CHEMBL158,0,http://www.openphacts.org/units/MicrogramPerMilliliter,1338490,=,1,1,=,MIC,ug.mL-1,0.12,CHEMBL354,Escherichia coli,Escherichia coli,562.0,,MIC,ug ml-1,UO_0000274,0.12,CHEMBL158,C[C@H]1[C@H](NC(=O)/C(=N\OC(C)(C)C(=O)O)c2csc(N)n2)C(=O)N1S(=O)(=O)O,12.562141912320484,12.562141912320484,0.0349535856009066,-4.756268639419342,0.174788224513646,20.5,435.44000000000017,418.30400000000014,435.051854504,154,0,0.3620751467724121,-0.4782270320177159,0.4782270320177159,0.3620751467724121,1.4642857142857142,2.071428571428572,2.5,32.24529764273617,10.00401161573638,2.513331128805475,-2.416338874010568,2.230948535260857,-2.707807208919476,7.836563836647012,-0.1608446168429468,2.971847309732629,2.2592762983237704,953.8851353067348,21.43879310982592,14.8114553779692,16.444448539824652,12.752743308167698,7.578995896792942,9.855612118054724,6.221230582074894,8.399971119282888,3.730567932227123,5.414072402778615,2.1128455580549623,3.54351374163482,-2.78,690205.5939907836,21.519292322605008,7.325918985638601,4.204134383579708,162.59031069995737,20.994572059745856,11.735768823996422,10.843243482610037,5.601050810983688,11.814359458703011,16.27347016397548,14.141824241834009,14.083731696315263,8.417796984328938,11.336785877934735,5.15571272675054,20.771211599071872,5.380062770465915,6.041840829147961,37.29827438881211,50.26785898322327,0.0,14.605983116249774,5.15571272675054,38.455944068351485,5.733667477162185,11.073990765314376,0.0,0.0,11.050456081168516,5.131558479839333,0.0,11.336785877934735,68.54635098380861,29.525365011975733,0.0,26.46513959392033,10.535775497216456,0.0,0.0,0.0,201.58,51.4842470947288,22.801408536544404,0.0,15.130702465984026,0.0,11.336785877934735,26.151274369537788,0.0,0.0,15.456479851704078,20.23053332942989,31.44978820569469,0.9796905422586336,44.39737831563419,16.334751159546904,3.256457088644816,-3.375611656986792,-2.3123389733980013,0.0,3.692820624691566,-4.756268639419342,0.4615384615384615,28,5,13,0,1,1,0,1,1,10,4,15,7,0,1,1,2,-1.172499999999998,95.65050000000004,1,0,0,1,0,1,0,0,1,1,3,2,0,0,0,3,1,1,0,0,0,0,0,0,0,0,0,2,0,1,0,0,0,0,0,0,0,0,0,0,0,0,0,0,0,0,0,0,0,0,0,0,0,1,0,0,0,0,0,0,0,0,0,1,0,0,0,0,0,0,0,0,0,0,0,0,0,0,0,0,1,0,0,0,0,562.0,Escherichia coli,Bacteria
116295,,5302164,CHEMBL1693515,Antimicrobial activity against Escherichia coli DH5alpha carrying Pseudomonas aeruginosa strain PS 297 IMP-18-pLBII after 18 hrs by microdilution broth method,F,BAO_0002146,BAO_0000218,organism-based format,C[C@H]1[C@H](NC(=O)/C(=N\OC(C)(C)C(=O)O)c2csc(N)n2)C(=O)N1S(=O)(=O)O,CHEMBL1687833,Antimicrob Agents Chemother,2011.0,CHEMBL158,AZTREONAM,CHEMBL158,0,http://www.openphacts.org/units/MicrogramPerMilliliter,1338490,=,1,1,=,MIC,ug.mL-1,0.12,CHEMBL354,Escherichia coli,Escherichia coli,562.0,,MIC,ug ml-1,UO_0000274,0.12,CHEMBL158,C[C@H]1[C@H](NC(=O)/C(=N\OC(C)(C)C(=O)O)c2csc(N)n2)C(=O)N1S(=O)(=O)O,12.562141912320484,12.562141912320484,0.0349535856009066,-4.756268639419342,0.174788224513646,20.5,435.44000000000017,418.30400000000014,435.051854504,154,0,0.3620751467724121,-0.4782270320177159,0.4782270320177159,0.3620751467724121,1.4642857142857142,2.071428571428572,2.5,32.24529764273617,10.00401161573638,2.513331128805475,-2.416338874010568,2.230948535260857,-2.707807208919476,7.836563836647012,-0.1608446168429468,2.971847309732629,2.2592762983237704,953.8851353067348,21.43879310982592,14.8114553779692,16.444448539824652,12.752743308167698,7.578995896792942,9.855612118054724,6.221230582074894,8.399971119282888,3.730567932227123,5.414072402778615,2.1128455580549623,3.54351374163482,-2.78,690205.5939907836,21.519292322605008,7.325918985638601,4.204134383579708,162.59031069995737,20.994572059745856,11.735768823996422,10.843243482610037,5.601050810983688,11.814359458703011,16.27347016397548,14.141824241834009,14.083731696315263,8.417796984328938,11.336785877934735,5.15571272675054,20.771211599071872,5.380062770465915,6.041840829147961,37.29827438881211,50.26785898322327,0.0,14.605983116249774,5.15571272675054,38.455944068351485,5.733667477162185,11.073990765314376,0.0,0.0,11.050456081168516,5.131558479839333,0.0,11.336785877934735,68.54635098380861,29.525365011975733,0.0,26.46513959392033,10.535775497216456,0.0,0.0,0.0,201.58,51.4842470947288,22.801408536544404,0.0,15.130702465984026,0.0,11.336785877934735,26.151274369537788,0.0,0.0,15.456479851704078,20.23053332942989,31.44978820569469,0.9796905422586336,44.39737831563419,16.334751159546904,3.256457088644816,-3.375611656986792,-2.3123389733980013,0.0,3.692820624691566,-4.756268639419342,0.4615384615384615,28,5,13,0,1,1,0,1,1,10,4,15,7,0,1,1,2,-1.172499999999998,95.65050000000004,1,0,0,1,0,1,0,0,1,1,3,2,0,0,0,3,1,1,0,0,0,0,0,0,0,0,0,2,0,1,0,0,0,0,0,0,0,0,0,0,0,0,0,0,0,0,0,0,0,0,0,0,0,1,0,0,0,0,0,0,0,0,0,1,0,0,0,0,0,0,0,0,0,0,0,0,0,0,0,0,1,0,0,0,0,562.0,Escherichia coli,Bacteria
116295,,5302164,CHEMBL1693515,Antimicrobial activity against Escherichia coli DH5alpha carrying Pseudomonas aeruginosa strain PS 297 IMP-18-pLBII after 18 hrs by microdilution broth method,F,BAO_0002146,BAO_0000218,organism-based format,C[C@H]1[C@H](NC(=O)/C(=N\OC(C)(C)C(=O)O)c2csc(N)n2)C(=O)N1S(=O)(=O)O,CHEMBL1687833,Antimicrob Agents Chemother,2011.0,CHEMBL158,AZTREONAM,CHEMBL158,0,http://www.openphacts.org/units/MicrogramPerMilliliter,1338490,=,1,1,=,MIC,ug.mL-1,0.12,CHEMBL354,Escherichia coli,Escherichia coli,562.0,,MIC,ug ml-1,UO_0000274,0.12,CHEMBL158,C[C@H]1[C@H](NC(=O)/C(=N\OC(C)(C)C(=O)O)c2csc(N)n2)C(=O)N1S(=O)(=O)O,12.562141912320484,12.562141912320484,0.0349535856009066,-4.756268639419342,0.174788224513646,20.5,435.44000000000017,418.30400000000014,435.051854504,154,0,0.3620751467724121,-0.4782270320177159,0.4782270320177159,0.3620751467724121,1.4642857142857142,2.071428571428572,2.5,32.24529764273617,10.00401161573638,2.513331128805475,-2.416338874010568,2.230948535260857,-2.707807208919476,7.836563836647012,-0.1608446168429468,2.971847309732629,2.2592762983237704,953.8851353067348,21.43879310982592,14.8114553779692,16.444448539824652,12.752743308167698,7.578995896792942,9.855612118054724,6.221230582074894,8.399971119282888,3.730567932227123,5.414072402778615,2.1128455580549623,3.54351374163482,-2.78,690205.5939907836,21.519292322605008,7.325918985638601,4.204134383579708,162.59031069995737,20.994572059745856,11.735768823996422,10.843243482610037,5.601050810983688,11.814359458703011,16.27347016397548,14.141824241834009,14.083731696315263,8.417796984328938,11.336785877934735,5.15571272675054,20.771211599071872,5.380062770465915,6.041840829147961,37.29827438881211,50.26785898322327,0.0,14.605983116249774,5.15571272675054,38.455944068351485,5.733667477162185,11.073990765314376,0.0,0.0,11.050456081168516,5.131558479839333,0.0,11.336785877934735,68.54635098380861,29.525365011975733,0.0,26.46513959392033,10.535775497216456,0.0,0.0,0.0,201.58,51.4842470947288,22.801408536544404,0.0,15.130702465984026,0.0,11.336785877934735,26.151274369537788,0.0,0.0,15.456479851704078,20.23053332942989,31.44978820569469,0.9796905422586336,44.39737831563419,16.334751159546904,3.256457088644816,-3.375611656986792,-2.3123389733980013,0.0,3.692820624691566,-4.756268639419342,0.4615384615384615,28,5,13,0,1,1,0,1,1,10,4,15,7,0,1,1,2,-1.172499999999998,95.65050000000004,1,0,0,1,0,1,0,0,1,1,3,2,0,0,0,3,1,1,0,0,0,0,0,0,0,0,0,2,0,1,0,0,0,0,0,0,0,0,0,0,0,0,0,0,0,0,0,0,0,0,0,0,0,1,0,0,0,0,0,0,0,0,0,1,0,0,0,0,0,0,0,0,0,0,0,0,0,0,0,0,1,0,0,0,0,562.0,Escherichia coli,Bacteria
116296,,5302180,CHEMBL1693516,Antimicrobial activity against Escherichia coli DH5alpha carrying Pseudomonas aeruginosa strain PS 297 IMP-1-pLBII after 18 hrs by microdilution broth method,F,BAO_0002146,BAO_0000218,organism-based format,C[C@H]1[C@H](NC(=O)/C(=N\OC(C)(C)C(=O)O)c2csc(N)n2)C(=O)N1S(=O)(=O)O,CHEMBL1687833,Antimicrob Agents Chemother,2011.0,CHEMBL158,AZTREONAM,CHEMBL158,0,http://www.openphacts.org/units/MicrogramPerMilliliter,1338490,=,1,1,=,MIC,ug.mL-1,0.12,CHEMBL354,Escherichia coli,Escherichia coli,562.0,,MIC,ug ml-1,UO_0000274,0.12,CHEMBL158,C[C@H]1[C@H](NC(=O)/C(=N\OC(C)(C)C(=O)O)c2csc(N)n2)C(=O)N1S(=O)(=O)O,12.562141912320484,12.562141912320484,0.0349535856009066,-4.756268639419342,0.174788224513646,20.5,435.44000000000017,418.30400000000014,435.051854504,154,0,0.3620751467724121,-0.4782270320177159,0.4782270320177159,0.3620751467724121,1.4642857142857142,2.071428571428572,2.5,32.24529764273617,10.00401161573638,2.513331128805475,-2.416338874010568,2.230948535260857,-2.707807208919476,7.836563836647012,-0.1608446168429468,2.971847309732629,2.2592762983237704,953.8851353067348,21.43879310982592,14.8114553779692,16.444448539824652,12.752743308167698,7.578995896792942,9.855612118054724,6.221230582074894,8.399971119282888,3.730567932227123,5.414072402778615,2.1128455580549623,3.54351374163482,-2.78,690205.5939907836,21.519292322605008,7.325918985638601,4.204134383579708,162.59031069995737,20.994572059745856,11.735768823996422,10.843243482610037,5.601050810983688,11.814359458703011,16.27347016397548,14.141824241834009,14.083731696315263,8.417796984328938,11.336785877934735,5.15571272675054,20.771211599071872,5.380062770465915,6.041840829147961,37.29827438881211,50.26785898322327,0.0,14.605983116249774,5.15571272675054,38.455944068351485,5.733667477162185,11.073990765314376,0.0,0.0,11.050456081168516,5.131558479839333,0.0,11.336785877934735,68.54635098380861,29.525365011975733,0.0,26.46513959392033,10.535775497216456,0.0,0.0,0.0,201.58,51.4842470947288,22.801408536544404,0.0,15.130702465984026,0.0,11.336785877934735,26.151274369537788,0.0,0.0,15.456479851704078,20.23053332942989,31.44978820569469,0.9796905422586336,44.39737831563419,16.334751159546904,3.256457088644816,-3.375611656986792,-2.3123389733980013,0.0,3.692820624691566,-4.756268639419342,0.4615384615384615,28,5,13,0,1,1,0,1,1,10,4,15,7,0,1,1,2,-1.172499999999998,95.65050000000004,1,0,0,1,0,1,0,0,1,1,3,2,0,0,0,3,1,1,0,0,0,0,0,0,0,0,0,2,0,1,0,0,0,0,0,0,0,0,0,0,0,0,0,0,0,0,0,0,0,0,0,0,0,1,0,0,0,0,0,0,0,0,0,1,0,0,0,0,0,0,0,0,0,0,0,0,0,0,0,0,1,0,0,0,0,562.0,Escherichia coli,Bacteria
116296,,5302180,CHEMBL1693516,Antimicrobial activity against Escherichia coli DH5alpha carrying Pseudomonas aeruginosa strain PS 297 IMP-1-pLBII after 18 hrs by microdilution broth method,F,BAO_0002146,BAO_0000218,organism-based format,C[C@H]1[C@H](NC(=O)/C(=N\OC(C)(C)C(=O)O)c2csc(N)n2)C(=O)N1S(=O)(=O)O,CHEMBL1687833,Antimicrob Agents Chemother,2011.0,CHEMBL158,AZTREONAM,CHEMBL158,0,http://www.openphacts.org/units/MicrogramPerMilliliter,1338490,=,1,1,=,MIC,ug.mL-1,0.12,CHEMBL354,Escherichia coli,Escherichia coli,562.0,,MIC,ug ml-1,UO_0000274,0.12,CHEMBL158,C[C@H]1[C@H](NC(=O)/C(=N\OC(C)(C)C(=O)O)c2csc(N)n2)C(=O)N1S(=O)(=O)O,12.562141912320484,12.562141912320484,0.0349535856009066,-4.756268639419342,0.174788224513646,20.5,435.44000000000017,418.30400000000014,435.051854504,154,0,0.3620751467724121,-0.4782270320177159,0.4782270320177159,0.3620751467724121,1.4642857142857142,2.071428571428572,2.5,32.24529764273617,10.00401161573638,2.513331128805475,-2.416338874010568,2.230948535260857,-2.707807208919476,7.836563836647012,-0.1608446168429468,2.971847309732629,2.2592762983237704,953.8851353067348,21.43879310982592,14.8114553779692,16.444448539824652,12.752743308167698,7.578995896792942,9.855612118054724,6.221230582074894,8.399971119282888,3.730567932227123,5.414072402778615,2.1128455580549623,3.54351374163482,-2.78,690205.5939907836,21.519292322605008,7.325918985638601,4.204134383579708,162.59031069995737,20.994572059745856,11.735768823996422,10.843243482610037,5.601050810983688,11.814359458703011,16.27347016397548,14.141824241834009,14.083731696315263,8.417796984328938,11.336785877934735,5.15571272675054,20.771211599071872,5.380062770465915,6.041840829147961,37.29827438881211,50.26785898322327,0.0,14.605983116249774,5.15571272675054,38.455944068351485,5.733667477162185,11.073990765314376,0.0,0.0,11.050456081168516,5.131558479839333,0.0,11.336785877934735,68.54635098380861,29.525365011975733,0.0,26.46513959392033,10.535775497216456,0.0,0.0,0.0,201.58,51.4842470947288,22.801408536544404,0.0,15.130702465984026,0.0,11.336785877934735,26.151274369537788,0.0,0.0,15.456479851704078,20.23053332942989,31.44978820569469,0.9796905422586336,44.39737831563419,16.334751159546904,3.256457088644816,-3.375611656986792,-2.3123389733980013,0.0,3.692820624691566,-4.756268639419342,0.4615384615384615,28,5,13,0,1,1,0,1,1,10,4,15,7,0,1,1,2,-1.172499999999998,95.65050000000004,1,0,0,1,0,1,0,0,1,1,3,2,0,0,0,3,1,1,0,0,0,0,0,0,0,0,0,2,0,1,0,0,0,0,0,0,0,0,0,0,0,0,0,0,0,0,0,0,0,0,0,0,0,1,0,0,0,0,0,0,0,0,0,1,0,0,0,0,0,0,0,0,0,0,0,0,0,0,0,0,1,0,0,0,0,562.0,Escherichia coli,Bacteria
116296,,5302180,CHEMBL1693516,Antimicrobial activity against Escherichia coli DH5alpha carrying Pseudomonas aeruginosa strain PS 297 IMP-1-pLBII after 18 hrs by microdilution broth method,F,BAO_0002146,BAO_0000218,organism-based format,C[C@H]1[C@H](NC(=O)/C(=N\OC(C)(C)C(=O)O)c2csc(N)n2)C(=O)N1S(=O)(=O)O,CHEMBL1687833,Antimicrob Agents Chemother,2011.0,CHEMBL158,AZTREONAM,CHEMBL158,0,http://www.openphacts.org/units/MicrogramPerMilliliter,1338490,=,1,1,=,MIC,ug.mL-1,0.12,CHEMBL354,Escherichia coli,Escherichia coli,562.0,,MIC,ug ml-1,UO_0000274,0.12,CHEMBL158,C[C@H]1[C@H](NC(=O)/C(=N\OC(C)(C)C(=O)O)c2csc(N)n2)C(=O)N1S(=O)(=O)O,12.562141912320484,12.562141912320484,0.0349535856009066,-4.756268639419342,0.174788224513646,20.5,435.44000000000017,418.30400000000014,435.051854504,154,0,0.3620751467724121,-0.4782270320177159,0.4782270320177159,0.3620751467724121,1.4642857142857142,2.071428571428572,2.5,32.24529764273617,10.00401161573638,2.513331128805475,-2.416338874010568,2.230948535260857,-2.707807208919476,7.836563836647012,-0.1608446168429468,2.971847309732629,2.2592762983237704,953.8851353067348,21.43879310982592,14.8114553779692,16.444448539824652,12.752743308167698,7.578995896792942,9.855612118054724,6.221230582074894,8.399971119282888,3.730567932227123,5.414072402778615,2.1128455580549623,3.54351374163482,-2.78,690205.5939907836,21.519292322605008,7.325918985638601,4.204134383579708,162.59031069995737,20.994572059745856,11.735768823996422,10.843243482610037,5.601050810983688,11.814359458703011,16.27347016397548,14.141824241834009,14.083731696315263,8.417796984328938,11.336785877934735,5.15571272675054,20.771211599071872,5.380062770465915,6.041840829147961,37.29827438881211,50.26785898322327,0.0,14.605983116249774,5.15571272675054,38.455944068351485,5.733667477162185,11.073990765314376,0.0,0.0,11.050456081168516,5.131558479839333,0.0,11.336785877934735,68.54635098380861,29.525365011975733,0.0,26.46513959392033,10.535775497216456,0.0,0.0,0.0,201.58,51.4842470947288,22.801408536544404,0.0,15.130702465984026,0.0,11.336785877934735,26.151274369537788,0.0,0.0,15.456479851704078,20.23053332942989,31.44978820569469,0.9796905422586336,44.39737831563419,16.334751159546904,3.256457088644816,-3.375611656986792,-2.3123389733980013,0.0,3.692820624691566,-4.756268639419342,0.4615384615384615,28,5,13,0,1,1,0,1,1,10,4,15,7,0,1,1,2,-1.172499999999998,95.65050000000004,1,0,0,1,0,1,0,0,1,1,3,2,0,0,0,3,1,1,0,0,0,0,0,0,0,0,0,2,0,1,0,0,0,0,0,0,0,0,0,0,0,0,0,0,0,0,0,0,0,0,0,0,0,1,0,0,0,0,0,0,0,0,0,1,0,0,0,0,0,0,0,0,0,0,0,0,0,0,0,0,1,0,0,0,0,562.0,Escherichia coli,Bacteria
116296,,5302180,CHEMBL1693516,Antimicrobial activity against Escherichia coli DH5alpha carrying Pseudomonas aeruginosa strain PS 297 IMP-1-pLBII after 18 hrs by microdilution broth method,F,BAO_0002146,BAO_0000218,organism-based format,C[C@H]1[C@H](NC(=O)/C(=N\OC(C)(C)C(=O)O)c2csc(N)n2)C(=O)N1S(=O)(=O)O,CHEMBL1687833,Antimicrob Agents Chemother,2011.0,CHEMBL158,AZTREONAM,CHEMBL158,0,http://www.openphacts.org/units/MicrogramPerMilliliter,1338490,=,1,1,=,MIC,ug.mL-1,0.12,CHEMBL354,Escherichia coli,Escherichia coli,562.0,,MIC,ug ml-1,UO_0000274,0.12,CHEMBL158,C[C@H]1[C@H](NC(=O)/C(=N\OC(C)(C)C(=O)O)c2csc(N)n2)C(=O)N1S(=O)(=O)O,12.562141912320484,12.562141912320484,0.0349535856009066,-4.756268639419342,0.174788224513646,20.5,435.44000000000017,418.30400000000014,435.051854504,154,0,0.3620751467724121,-0.4782270320177159,0.4782270320177159,0.3620751467724121,1.4642857142857142,2.071428571428572,2.5,32.24529764273617,10.00401161573638,2.513331128805475,-2.416338874010568,2.230948535260857,-2.707807208919476,7.836563836647012,-0.1608446168429468,2.971847309732629,2.2592762983237704,953.8851353067348,21.43879310982592,14.8114553779692,16.444448539824652,12.752743308167698,7.578995896792942,9.855612118054724,6.221230582074894,8.399971119282888,3.730567932227123,5.414072402778615,2.1128455580549623,3.54351374163482,-2.78,690205.5939907836,21.519292322605008,7.325918985638601,4.204134383579708,162.59031069995737,20.994572059745856,11.735768823996422,10.843243482610037,5.601050810983688,11.814359458703011,16.27347016397548,14.141824241834009,14.083731696315263,8.417796984328938,11.336785877934735,5.15571272675054,20.771211599071872,5.380062770465915,6.041840829147961,37.29827438881211,50.26785898322327,0.0,14.605983116249774,5.15571272675054,38.455944068351485,5.733667477162185,11.073990765314376,0.0,0.0,11.050456081168516,5.131558479839333,0.0,11.336785877934735,68.54635098380861,29.525365011975733,0.0,26.46513959392033,10.535775497216456,0.0,0.0,0.0,201.58,51.4842470947288,22.801408536544404,0.0,15.130702465984026,0.0,11.336785877934735,26.151274369537788,0.0,0.0,15.456479851704078,20.23053332942989,31.44978820569469,0.9796905422586336,44.39737831563419,16.334751159546904,3.256457088644816,-3.375611656986792,-2.3123389733980013,0.0,3.692820624691566,-4.756268639419342,0.4615384615384615,28,5,13,0,1,1,0,1,1,10,4,15,7,0,1,1,2,-1.172499999999998,95.65050000000004,1,0,0,1,0,1,0,0,1,1,3,2,0,0,0,3,1,1,0,0,0,0,0,0,0,0,0,2,0,1,0,0,0,0,0,0,0,0,0,0,0,0,0,0,0,0,0,0,0,0,0,0,0,1,0,0,0,0,0,0,0,0,0,1,0,0,0,0,0,0,0,0,0,0,0,0,0,0,0,0,1,0,0,0,0,562.0,Escherichia coli,Bacteria
116297,,5302196,CHEMBL1693517,Antimicrobial activity against Escherichia coli DH5alpha carrying empty pBC-SK after 18 hrs by microdilution broth method,F,BAO_0002146,BAO_0000218,organism-based format,C[C@H]1[C@H](NC(=O)/C(=N\OC(C)(C)C(=O)O)c2csc(N)n2)C(=O)N1S(=O)(=O)O,CHEMBL1687833,Antimicrob Agents Chemother,2011.0,CHEMBL158,AZTREONAM,CHEMBL158,0,http://www.openphacts.org/units/MicrogramPerMilliliter,1338490,=,1,1,=,MIC,ug.mL-1,0.12,CHEMBL354,Escherichia coli,Escherichia coli,562.0,,MIC,ug ml-1,UO_0000274,0.12,CHEMBL158,C[C@H]1[C@H](NC(=O)/C(=N\OC(C)(C)C(=O)O)c2csc(N)n2)C(=O)N1S(=O)(=O)O,12.562141912320484,12.562141912320484,0.0349535856009066,-4.756268639419342,0.174788224513646,20.5,435.44000000000017,418.30400000000014,435.051854504,154,0,0.3620751467724121,-0.4782270320177159,0.4782270320177159,0.3620751467724121,1.4642857142857142,2.071428571428572,2.5,32.24529764273617,10.00401161573638,2.513331128805475,-2.416338874010568,2.230948535260857,-2.707807208919476,7.836563836647012,-0.1608446168429468,2.971847309732629,2.2592762983237704,953.8851353067348,21.43879310982592,14.8114553779692,16.444448539824652,12.752743308167698,7.578995896792942,9.855612118054724,6.221230582074894,8.399971119282888,3.730567932227123,5.414072402778615,2.1128455580549623,3.54351374163482,-2.78,690205.5939907836,21.519292322605008,7.325918985638601,4.204134383579708,162.59031069995737,20.994572059745856,11.735768823996422,10.843243482610037,5.601050810983688,11.814359458703011,16.27347016397548,14.141824241834009,14.083731696315263,8.417796984328938,11.336785877934735,5.15571272675054,20.771211599071872,5.380062770465915,6.041840829147961,37.29827438881211,50.26785898322327,0.0,14.605983116249774,5.15571272675054,38.455944068351485,5.733667477162185,11.073990765314376,0.0,0.0,11.050456081168516,5.131558479839333,0.0,11.336785877934735,68.54635098380861,29.525365011975733,0.0,26.46513959392033,10.535775497216456,0.0,0.0,0.0,201.58,51.4842470947288,22.801408536544404,0.0,15.130702465984026,0.0,11.336785877934735,26.151274369537788,0.0,0.0,15.456479851704078,20.23053332942989,31.44978820569469,0.9796905422586336,44.39737831563419,16.334751159546904,3.256457088644816,-3.375611656986792,-2.3123389733980013,0.0,3.692820624691566,-4.756268639419342,0.4615384615384615,28,5,13,0,1,1,0,1,1,10,4,15,7,0,1,1,2,-1.172499999999998,95.65050000000004,1,0,0,1,0,1,0,0,1,1,3,2,0,0,0,3,1,1,0,0,0,0,0,0,0,0,0,2,0,1,0,0,0,0,0,0,0,0,0,0,0,0,0,0,0,0,0,0,0,0,0,0,0,1,0,0,0,0,0,0,0,0,0,1,0,0,0,0,0,0,0,0,0,0,0,0,0,0,0,0,1,0,0,0,0,562.0,Escherichia coli,Bacteria
116297,,5302196,CHEMBL1693517,Antimicrobial activity against Escherichia coli DH5alpha carrying empty pBC-SK after 18 hrs by microdilution broth method,F,BAO_0002146,BAO_0000218,organism-based format,C[C@H]1[C@H](NC(=O)/C(=N\OC(C)(C)C(=O)O)c2csc(N)n2)C(=O)N1S(=O)(=O)O,CHEMBL1687833,Antimicrob Agents Chemother,2011.0,CHEMBL158,AZTREONAM,CHEMBL158,0,http://www.openphacts.org/units/MicrogramPerMilliliter,1338490,=,1,1,=,MIC,ug.mL-1,0.12,CHEMBL354,Escherichia coli,Escherichia coli,562.0,,MIC,ug ml-1,UO_0000274,0.12,CHEMBL158,C[C@H]1[C@H](NC(=O)/C(=N\OC(C)(C)C(=O)O)c2csc(N)n2)C(=O)N1S(=O)(=O)O,12.562141912320484,12.562141912320484,0.0349535856009066,-4.756268639419342,0.174788224513646,20.5,435.44000000000017,418.30400000000014,435.051854504,154,0,0.3620751467724121,-0.4782270320177159,0.4782270320177159,0.3620751467724121,1.4642857142857142,2.071428571428572,2.5,32.24529764273617,10.00401161573638,2.513331128805475,-2.416338874010568,2.230948535260857,-2.707807208919476,7.836563836647012,-0.1608446168429468,2.971847309732629,2.2592762983237704,953.8851353067348,21.43879310982592,14.8114553779692,16.444448539824652,12.752743308167698,7.578995896792942,9.855612118054724,6.221230582074894,8.399971119282888,3.730567932227123,5.414072402778615,2.1128455580549623,3.54351374163482,-2.78,690205.5939907836,21.519292322605008,7.325918985638601,4.204134383579708,162.59031069995737,20.994572059745856,11.735768823996422,10.843243482610037,5.601050810983688,11.814359458703011,16.27347016397548,14.141824241834009,14.083731696315263,8.417796984328938,11.336785877934735,5.15571272675054,20.771211599071872,5.380062770465915,6.041840829147961,37.29827438881211,50.26785898322327,0.0,14.605983116249774,5.15571272675054,38.455944068351485,5.733667477162185,11.073990765314376,0.0,0.0,11.050456081168516,5.131558479839333,0.0,11.336785877934735,68.54635098380861,29.525365011975733,0.0,26.46513959392033,10.535775497216456,0.0,0.0,0.0,201.58,51.4842470947288,22.801408536544404,0.0,15.130702465984026,0.0,11.336785877934735,26.151274369537788,0.0,0.0,15.456479851704078,20.23053332942989,31.44978820569469,0.9796905422586336,44.39737831563419,16.334751159546904,3.256457088644816,-3.375611656986792,-2.3123389733980013,0.0,3.692820624691566,-4.756268639419342,0.4615384615384615,28,5,13,0,1,1,0,1,1,10,4,15,7,0,1,1,2,-1.172499999999998,95.65050000000004,1,0,0,1,0,1,0,0,1,1,3,2,0,0,0,3,1,1,0,0,0,0,0,0,0,0,0,2,0,1,0,0,0,0,0,0,0,0,0,0,0,0,0,0,0,0,0,0,0,0,0,0,0,1,0,0,0,0,0,0,0,0,0,1,0,0,0,0,0,0,0,0,0,0,0,0,0,0,0,0,1,0,0,0,0,562.0,Escherichia coli,Bacteria
116297,,5302196,CHEMBL1693517,Antimicrobial activity against Escherichia coli DH5alpha carrying empty pBC-SK after 18 hrs by microdilution broth method,F,BAO_0002146,BAO_0000218,organism-based format,C[C@H]1[C@H](NC(=O)/C(=N\OC(C)(C)C(=O)O)c2csc(N)n2)C(=O)N1S(=O)(=O)O,CHEMBL1687833,Antimicrob Agents Chemother,2011.0,CHEMBL158,AZTREONAM,CHEMBL158,0,http://www.openphacts.org/units/MicrogramPerMilliliter,1338490,=,1,1,=,MIC,ug.mL-1,0.12,CHEMBL354,Escherichia coli,Escherichia coli,562.0,,MIC,ug ml-1,UO_0000274,0.12,CHEMBL158,C[C@H]1[C@H](NC(=O)/C(=N\OC(C)(C)C(=O)O)c2csc(N)n2)C(=O)N1S(=O)(=O)O,12.562141912320484,12.562141912320484,0.0349535856009066,-4.756268639419342,0.174788224513646,20.5,435.44000000000017,418.30400000000014,435.051854504,154,0,0.3620751467724121,-0.4782270320177159,0.4782270320177159,0.3620751467724121,1.4642857142857142,2.071428571428572,2.5,32.24529764273617,10.00401161573638,2.513331128805475,-2.416338874010568,2.230948535260857,-2.707807208919476,7.836563836647012,-0.1608446168429468,2.971847309732629,2.2592762983237704,953.8851353067348,21.43879310982592,14.8114553779692,16.444448539824652,12.752743308167698,7.578995896792942,9.855612118054724,6.221230582074894,8.399971119282888,3.730567932227123,5.414072402778615,2.1128455580549623,3.54351374163482,-2.78,690205.5939907836,21.519292322605008,7.325918985638601,4.204134383579708,162.59031069995737,20.994572059745856,11.735768823996422,10.843243482610037,5.601050810983688,11.814359458703011,16.27347016397548,14.141824241834009,14.083731696315263,8.417796984328938,11.336785877934735,5.15571272675054,20.771211599071872,5.380062770465915,6.041840829147961,37.29827438881211,50.26785898322327,0.0,14.605983116249774,5.15571272675054,38.455944068351485,5.733667477162185,11.073990765314376,0.0,0.0,11.050456081168516,5.131558479839333,0.0,11.336785877934735,68.54635098380861,29.525365011975733,0.0,26.46513959392033,10.535775497216456,0.0,0.0,0.0,201.58,51.4842470947288,22.801408536544404,0.0,15.130702465984026,0.0,11.336785877934735,26.151274369537788,0.0,0.0,15.456479851704078,20.23053332942989,31.44978820569469,0.9796905422586336,44.39737831563419,16.334751159546904,3.256457088644816,-3.375611656986792,-2.3123389733980013,0.0,3.692820624691566,-4.756268639419342,0.4615384615384615,28,5,13,0,1,1,0,1,1,10,4,15,7,0,1,1,2,-1.172499999999998,95.65050000000004,1,0,0,1,0,1,0,0,1,1,3,2,0,0,0,3,1,1,0,0,0,0,0,0,0,0,0,2,0,1,0,0,0,0,0,0,0,0,0,0,0,0,0,0,0,0,0,0,0,0,0,0,0,1,0,0,0,0,0,0,0,0,0,1,0,0,0,0,0,0,0,0,0,0,0,0,0,0,0,0,1,0,0,0,0,562.0,Escherichia coli,Bacteria
116297,,5302196,CHEMBL1693517,Antimicrobial activity against Escherichia coli DH5alpha carrying empty pBC-SK after 18 hrs by microdilution broth method,F,BAO_0002146,BAO_0000218,organism-based format,C[C@H]1[C@H](NC(=O)/C(=N\OC(C)(C)C(=O)O)c2csc(N)n2)C(=O)N1S(=O)(=O)O,CHEMBL1687833,Antimicrob Agents Chemother,2011.0,CHEMBL158,AZTREONAM,CHEMBL158,0,http://www.openphacts.org/units/MicrogramPerMilliliter,1338490,=,1,1,=,MIC,ug.mL-1,0.12,CHEMBL354,Escherichia coli,Escherichia coli,562.0,,MIC,ug ml-1,UO_0000274,0.12,CHEMBL158,C[C@H]1[C@H](NC(=O)/C(=N\OC(C)(C)C(=O)O)c2csc(N)n2)C(=O)N1S(=O)(=O)O,12.562141912320484,12.562141912320484,0.0349535856009066,-4.756268639419342,0.174788224513646,20.5,435.44000000000017,418.30400000000014,435.051854504,154,0,0.3620751467724121,-0.4782270320177159,0.4782270320177159,0.3620751467724121,1.4642857142857142,2.071428571428572,2.5,32.24529764273617,10.00401161573638,2.513331128805475,-2.416338874010568,2.230948535260857,-2.707807208919476,7.836563836647012,-0.1608446168429468,2.971847309732629,2.2592762983237704,953.8851353067348,21.43879310982592,14.8114553779692,16.444448539824652,12.752743308167698,7.578995896792942,9.855612118054724,6.221230582074894,8.399971119282888,3.730567932227123,5.414072402778615,2.1128455580549623,3.54351374163482,-2.78,690205.5939907836,21.519292322605008,7.325918985638601,4.204134383579708,162.59031069995737,20.994572059745856,11.735768823996422,10.843243482610037,5.601050810983688,11.814359458703011,16.27347016397548,14.141824241834009,14.083731696315263,8.417796984328938,11.336785877934735,5.15571272675054,20.771211599071872,5.380062770465915,6.041840829147961,37.29827438881211,50.26785898322327,0.0,14.605983116249774,5.15571272675054,38.455944068351485,5.733667477162185,11.073990765314376,0.0,0.0,11.050456081168516,5.131558479839333,0.0,11.336785877934735,68.54635098380861,29.525365011975733,0.0,26.46513959392033,10.535775497216456,0.0,0.0,0.0,201.58,51.4842470947288,22.801408536544404,0.0,15.130702465984026,0.0,11.336785877934735,26.151274369537788,0.0,0.0,15.456479851704078,20.23053332942989,31.44978820569469,0.9796905422586336,44.39737831563419,16.334751159546904,3.256457088644816,-3.375611656986792,-2.3123389733980013,0.0,3.692820624691566,-4.756268639419342,0.4615384615384615,28,5,13,0,1,1,0,1,1,10,4,15,7,0,1,1,2,-1.172499999999998,95.65050000000004,1,0,0,1,0,1,0,0,1,1,3,2,0,0,0,3,1,1,0,0,0,0,0,0,0,0,0,2,0,1,0,0,0,0,0,0,0,0,0,0,0,0,0,0,0,0,0,0,0,0,0,0,0,1,0,0,0,0,0,0,0,0,0,1,0,0,0,0,0,0,0,0,0,0,0,0,0,0,0,0,1,0,0,0,0,562.0,Escherichia coli,Bacteria
116298,,5304420,CHEMBL1694564,Antibacterial activity against Escherichia coli AS226 carrying pBSD-H2 after 18 hrs by broth microdilution method,F,BAO_0002146,BAO_0000218,organism-based format,C[C@H]1[C@H](NC(=O)/C(=N\OC(C)(C)C(=O)O)c2csc(N)n2)C(=O)N1S(=O)(=O)O,CHEMBL1687837,Antimicrob Agents Chemother,2011.0,CHEMBL158,AZTREONAM,CHEMBL158,0,http://www.openphacts.org/units/MicrogramPerMilliliter,1338506,=,1,1,=,MIC,ug.mL-1,64.0,CHEMBL354,Escherichia coli,Escherichia coli,562.0,,MIC,ug ml-1,UO_0000274,64.0,CHEMBL158,C[C@H]1[C@H](NC(=O)/C(=N\OC(C)(C)C(=O)O)c2csc(N)n2)C(=O)N1S(=O)(=O)O,12.562141912320484,12.562141912320484,0.0349535856009066,-4.756268639419342,0.174788224513646,20.5,435.44000000000017,418.30400000000014,435.051854504,154,0,0.3620751467724121,-0.4782270320177159,0.4782270320177159,0.3620751467724121,1.4642857142857142,2.071428571428572,2.5,32.24529764273617,10.00401161573638,2.513331128805475,-2.416338874010568,2.230948535260857,-2.707807208919476,7.836563836647012,-0.1608446168429468,2.971847309732629,2.2592762983237704,953.8851353067348,21.43879310982592,14.8114553779692,16.444448539824652,12.752743308167698,7.578995896792942,9.855612118054724,6.221230582074894,8.399971119282888,3.730567932227123,5.414072402778615,2.1128455580549623,3.54351374163482,-2.78,690205.5939907836,21.519292322605008,7.325918985638601,4.204134383579708,162.59031069995737,20.994572059745856,11.735768823996422,10.843243482610037,5.601050810983688,11.814359458703011,16.27347016397548,14.141824241834009,14.083731696315263,8.417796984328938,11.336785877934735,5.15571272675054,20.771211599071872,5.380062770465915,6.041840829147961,37.29827438881211,50.26785898322327,0.0,14.605983116249774,5.15571272675054,38.455944068351485,5.733667477162185,11.073990765314376,0.0,0.0,11.050456081168516,5.131558479839333,0.0,11.336785877934735,68.54635098380861,29.525365011975733,0.0,26.46513959392033,10.535775497216456,0.0,0.0,0.0,201.58,51.4842470947288,22.801408536544404,0.0,15.130702465984026,0.0,11.336785877934735,26.151274369537788,0.0,0.0,15.456479851704078,20.23053332942989,31.44978820569469,0.9796905422586336,44.39737831563419,16.334751159546904,3.256457088644816,-3.375611656986792,-2.3123389733980013,0.0,3.692820624691566,-4.756268639419342,0.4615384615384615,28,5,13,0,1,1,0,1,1,10,4,15,7,0,1,1,2,-1.172499999999998,95.65050000000004,1,0,0,1,0,1,0,0,1,1,3,2,0,0,0,3,1,1,0,0,0,0,0,0,0,0,0,2,0,1,0,0,0,0,0,0,0,0,0,0,0,0,0,0,0,0,0,0,0,0,0,0,0,1,0,0,0,0,0,0,0,0,0,1,0,0,0,0,0,0,0,0,0,0,0,0,0,0,0,0,1,0,0,0,0,562.0,Escherichia coli,Bacteria
116298,,5304420,CHEMBL1694564,Antibacterial activity against Escherichia coli AS226 carrying pBSD-H2 after 18 hrs by broth microdilution method,F,BAO_0002146,BAO_0000218,organism-based format,C[C@H]1[C@H](NC(=O)/C(=N\OC(C)(C)C(=O)O)c2csc(N)n2)C(=O)N1S(=O)(=O)O,CHEMBL1687837,Antimicrob Agents Chemother,2011.0,CHEMBL158,AZTREONAM,CHEMBL158,0,http://www.openphacts.org/units/MicrogramPerMilliliter,1338506,=,1,1,=,MIC,ug.mL-1,64.0,CHEMBL354,Escherichia coli,Escherichia coli,562.0,,MIC,ug ml-1,UO_0000274,64.0,CHEMBL158,C[C@H]1[C@H](NC(=O)/C(=N\OC(C)(C)C(=O)O)c2csc(N)n2)C(=O)N1S(=O)(=O)O,12.562141912320484,12.562141912320484,0.0349535856009066,-4.756268639419342,0.174788224513646,20.5,435.44000000000017,418.30400000000014,435.051854504,154,0,0.3620751467724121,-0.4782270320177159,0.4782270320177159,0.3620751467724121,1.4642857142857142,2.071428571428572,2.5,32.24529764273617,10.00401161573638,2.513331128805475,-2.416338874010568,2.230948535260857,-2.707807208919476,7.836563836647012,-0.1608446168429468,2.971847309732629,2.2592762983237704,953.8851353067348,21.43879310982592,14.8114553779692,16.444448539824652,12.752743308167698,7.578995896792942,9.855612118054724,6.221230582074894,8.399971119282888,3.730567932227123,5.414072402778615,2.1128455580549623,3.54351374163482,-2.78,690205.5939907836,21.519292322605008,7.325918985638601,4.204134383579708,162.59031069995737,20.994572059745856,11.735768823996422,10.843243482610037,5.601050810983688,11.814359458703011,16.27347016397548,14.141824241834009,14.083731696315263,8.417796984328938,11.336785877934735,5.15571272675054,20.771211599071872,5.380062770465915,6.041840829147961,37.29827438881211,50.26785898322327,0.0,14.605983116249774,5.15571272675054,38.455944068351485,5.733667477162185,11.073990765314376,0.0,0.0,11.050456081168516,5.131558479839333,0.0,11.336785877934735,68.54635098380861,29.525365011975733,0.0,26.46513959392033,10.535775497216456,0.0,0.0,0.0,201.58,51.4842470947288,22.801408536544404,0.0,15.130702465984026,0.0,11.336785877934735,26.151274369537788,0.0,0.0,15.456479851704078,20.23053332942989,31.44978820569469,0.9796905422586336,44.39737831563419,16.334751159546904,3.256457088644816,-3.375611656986792,-2.3123389733980013,0.0,3.692820624691566,-4.756268639419342,0.4615384615384615,28,5,13,0,1,1,0,1,1,10,4,15,7,0,1,1,2,-1.172499999999998,95.65050000000004,1,0,0,1,0,1,0,0,1,1,3,2,0,0,0,3,1,1,0,0,0,0,0,0,0,0,0,2,0,1,0,0,0,0,0,0,0,0,0,0,0,0,0,0,0,0,0,0,0,0,0,0,0,1,0,0,0,0,0,0,0,0,0,1,0,0,0,0,0,0,0,0,0,0,0,0,0,0,0,0,1,0,0,0,0,562.0,Escherichia coli,Bacteria
116298,,5304420,CHEMBL1694564,Antibacterial activity against Escherichia coli AS226 carrying pBSD-H2 after 18 hrs by broth microdilution method,F,BAO_0002146,BAO_0000218,organism-based format,C[C@H]1[C@H](NC(=O)/C(=N\OC(C)(C)C(=O)O)c2csc(N)n2)C(=O)N1S(=O)(=O)O,CHEMBL1687837,Antimicrob Agents Chemother,2011.0,CHEMBL158,AZTREONAM,CHEMBL158,0,http://www.openphacts.org/units/MicrogramPerMilliliter,1338506,=,1,1,=,MIC,ug.mL-1,64.0,CHEMBL354,Escherichia coli,Escherichia coli,562.0,,MIC,ug ml-1,UO_0000274,64.0,CHEMBL158,C[C@H]1[C@H](NC(=O)/C(=N\OC(C)(C)C(=O)O)c2csc(N)n2)C(=O)N1S(=O)(=O)O,12.562141912320484,12.562141912320484,0.0349535856009066,-4.756268639419342,0.174788224513646,20.5,435.44000000000017,418.30400000000014,435.051854504,154,0,0.3620751467724121,-0.4782270320177159,0.4782270320177159,0.3620751467724121,1.4642857142857142,2.071428571428572,2.5,32.24529764273617,10.00401161573638,2.513331128805475,-2.416338874010568,2.230948535260857,-2.707807208919476,7.836563836647012,-0.1608446168429468,2.971847309732629,2.2592762983237704,953.8851353067348,21.43879310982592,14.8114553779692,16.444448539824652,12.752743308167698,7.578995896792942,9.855612118054724,6.221230582074894,8.399971119282888,3.730567932227123,5.414072402778615,2.1128455580549623,3.54351374163482,-2.78,690205.5939907836,21.519292322605008,7.325918985638601,4.204134383579708,162.59031069995737,20.994572059745856,11.735768823996422,10.843243482610037,5.601050810983688,11.814359458703011,16.27347016397548,14.141824241834009,14.083731696315263,8.417796984328938,11.336785877934735,5.15571272675054,20.771211599071872,5.380062770465915,6.041840829147961,37.29827438881211,50.26785898322327,0.0,14.605983116249774,5.15571272675054,38.455944068351485,5.733667477162185,11.073990765314376,0.0,0.0,11.050456081168516,5.131558479839333,0.0,11.336785877934735,68.54635098380861,29.525365011975733,0.0,26.46513959392033,10.535775497216456,0.0,0.0,0.0,201.58,51.4842470947288,22.801408536544404,0.0,15.130702465984026,0.0,11.336785877934735,26.151274369537788,0.0,0.0,15.456479851704078,20.23053332942989,31.44978820569469,0.9796905422586336,44.39737831563419,16.334751159546904,3.256457088644816,-3.375611656986792,-2.3123389733980013,0.0,3.692820624691566,-4.756268639419342,0.4615384615384615,28,5,13,0,1,1,0,1,1,10,4,15,7,0,1,1,2,-1.172499999999998,95.65050000000004,1,0,0,1,0,1,0,0,1,1,3,2,0,0,0,3,1,1,0,0,0,0,0,0,0,0,0,2,0,1,0,0,0,0,0,0,0,0,0,0,0,0,0,0,0,0,0,0,0,0,0,0,0,1,0,0,0,0,0,0,0,0,0,1,0,0,0,0,0,0,0,0,0,0,0,0,0,0,0,0,1,0,0,0,0,562.0,Escherichia coli,Bacteria
116298,,5304420,CHEMBL1694564,Antibacterial activity against Escherichia coli AS226 carrying pBSD-H2 after 18 hrs by broth microdilution method,F,BAO_0002146,BAO_0000218,organism-based format,C[C@H]1[C@H](NC(=O)/C(=N\OC(C)(C)C(=O)O)c2csc(N)n2)C(=O)N1S(=O)(=O)O,CHEMBL1687837,Antimicrob Agents Chemother,2011.0,CHEMBL158,AZTREONAM,CHEMBL158,0,http://www.openphacts.org/units/MicrogramPerMilliliter,1338506,=,1,1,=,MIC,ug.mL-1,64.0,CHEMBL354,Escherichia coli,Escherichia coli,562.0,,MIC,ug ml-1,UO_0000274,64.0,CHEMBL158,C[C@H]1[C@H](NC(=O)/C(=N\OC(C)(C)C(=O)O)c2csc(N)n2)C(=O)N1S(=O)(=O)O,12.562141912320484,12.562141912320484,0.0349535856009066,-4.756268639419342,0.174788224513646,20.5,435.44000000000017,418.30400000000014,435.051854504,154,0,0.3620751467724121,-0.4782270320177159,0.4782270320177159,0.3620751467724121,1.4642857142857142,2.071428571428572,2.5,32.24529764273617,10.00401161573638,2.513331128805475,-2.416338874010568,2.230948535260857,-2.707807208919476,7.836563836647012,-0.1608446168429468,2.971847309732629,2.2592762983237704,953.8851353067348,21.43879310982592,14.8114553779692,16.444448539824652,12.752743308167698,7.578995896792942,9.855612118054724,6.221230582074894,8.399971119282888,3.730567932227123,5.414072402778615,2.1128455580549623,3.54351374163482,-2.78,690205.5939907836,21.519292322605008,7.325918985638601,4.204134383579708,162.59031069995737,20.994572059745856,11.735768823996422,10.843243482610037,5.601050810983688,11.814359458703011,16.27347016397548,14.141824241834009,14.083731696315263,8.417796984328938,11.336785877934735,5.15571272675054,20.771211599071872,5.380062770465915,6.041840829147961,37.29827438881211,50.26785898322327,0.0,14.605983116249774,5.15571272675054,38.455944068351485,5.733667477162185,11.073990765314376,0.0,0.0,11.050456081168516,5.131558479839333,0.0,11.336785877934735,68.54635098380861,29.525365011975733,0.0,26.46513959392033,10.535775497216456,0.0,0.0,0.0,201.58,51.4842470947288,22.801408536544404,0.0,15.130702465984026,0.0,11.336785877934735,26.151274369537788,0.0,0.0,15.456479851704078,20.23053332942989,31.44978820569469,0.9796905422586336,44.39737831563419,16.334751159546904,3.256457088644816,-3.375611656986792,-2.3123389733980013,0.0,3.692820624691566,-4.756268639419342,0.4615384615384615,28,5,13,0,1,1,0,1,1,10,4,15,7,0,1,1,2,-1.172499999999998,95.65050000000004,1,0,0,1,0,1,0,0,1,1,3,2,0,0,0,3,1,1,0,0,0,0,0,0,0,0,0,2,0,1,0,0,0,0,0,0,0,0,0,0,0,0,0,0,0,0,0,0,0,0,0,0,0,1,0,0,0,0,0,0,0,0,0,1,0,0,0,0,0,0,0,0,0,0,0,0,0,0,0,0,1,0,0,0,0,562.0,Escherichia coli,Bacteria
116299,,5304421,CHEMBL1694565,Antibacterial activity against Escherichia coli AS226 carrying pBSDN104A mutant after 18 hrs by broth microdilution method,F,BAO_0002146,BAO_0000218,organism-based format,C[C@H]1[C@H](NC(=O)/C(=N\OC(C)(C)C(=O)O)c2csc(N)n2)C(=O)N1S(=O)(=O)O,CHEMBL1687837,Antimicrob Agents Chemother,2011.0,CHEMBL158,AZTREONAM,CHEMBL158,0,http://www.openphacts.org/units/MicrogramPerMilliliter,1338506,=,1,1,=,MIC,ug.mL-1,8.0,CHEMBL354,Escherichia coli,Escherichia coli,562.0,,MIC,ug ml-1,UO_0000274,8.0,CHEMBL158,C[C@H]1[C@H](NC(=O)/C(=N\OC(C)(C)C(=O)O)c2csc(N)n2)C(=O)N1S(=O)(=O)O,12.562141912320484,12.562141912320484,0.0349535856009066,-4.756268639419342,0.174788224513646,20.5,435.44000000000017,418.30400000000014,435.051854504,154,0,0.3620751467724121,-0.4782270320177159,0.4782270320177159,0.3620751467724121,1.4642857142857142,2.071428571428572,2.5,32.24529764273617,10.00401161573638,2.513331128805475,-2.416338874010568,2.230948535260857,-2.707807208919476,7.836563836647012,-0.1608446168429468,2.971847309732629,2.2592762983237704,953.8851353067348,21.43879310982592,14.8114553779692,16.444448539824652,12.752743308167698,7.578995896792942,9.855612118054724,6.221230582074894,8.399971119282888,3.730567932227123,5.414072402778615,2.1128455580549623,3.54351374163482,-2.78,690205.5939907836,21.519292322605008,7.325918985638601,4.204134383579708,162.59031069995737,20.994572059745856,11.735768823996422,10.843243482610037,5.601050810983688,11.814359458703011,16.27347016397548,14.141824241834009,14.083731696315263,8.417796984328938,11.336785877934735,5.15571272675054,20.771211599071872,5.380062770465915,6.041840829147961,37.29827438881211,50.26785898322327,0.0,14.605983116249774,5.15571272675054,38.455944068351485,5.733667477162185,11.073990765314376,0.0,0.0,11.050456081168516,5.131558479839333,0.0,11.336785877934735,68.54635098380861,29.525365011975733,0.0,26.46513959392033,10.535775497216456,0.0,0.0,0.0,201.58,51.4842470947288,22.801408536544404,0.0,15.130702465984026,0.0,11.336785877934735,26.151274369537788,0.0,0.0,15.456479851704078,20.23053332942989,31.44978820569469,0.9796905422586336,44.39737831563419,16.334751159546904,3.256457088644816,-3.375611656986792,-2.3123389733980013,0.0,3.692820624691566,-4.756268639419342,0.4615384615384615,28,5,13,0,1,1,0,1,1,10,4,15,7,0,1,1,2,-1.172499999999998,95.65050000000004,1,0,0,1,0,1,0,0,1,1,3,2,0,0,0,3,1,1,0,0,0,0,0,0,0,0,0,2,0,1,0,0,0,0,0,0,0,0,0,0,0,0,0,0,0,0,0,0,0,0,0,0,0,1,0,0,0,0,0,0,0,0,0,1,0,0,0,0,0,0,0,0,0,0,0,0,0,0,0,0,1,0,0,0,0,562.0,Escherichia coli,Bacteria
116299,,5304421,CHEMBL1694565,Antibacterial activity against Escherichia coli AS226 carrying pBSDN104A mutant after 18 hrs by broth microdilution method,F,BAO_0002146,BAO_0000218,organism-based format,C[C@H]1[C@H](NC(=O)/C(=N\OC(C)(C)C(=O)O)c2csc(N)n2)C(=O)N1S(=O)(=O)O,CHEMBL1687837,Antimicrob Agents Chemother,2011.0,CHEMBL158,AZTREONAM,CHEMBL158,0,http://www.openphacts.org/units/MicrogramPerMilliliter,1338506,=,1,1,=,MIC,ug.mL-1,8.0,CHEMBL354,Escherichia coli,Escherichia coli,562.0,,MIC,ug ml-1,UO_0000274,8.0,CHEMBL158,C[C@H]1[C@H](NC(=O)/C(=N\OC(C)(C)C(=O)O)c2csc(N)n2)C(=O)N1S(=O)(=O)O,12.562141912320484,12.562141912320484,0.0349535856009066,-4.756268639419342,0.174788224513646,20.5,435.44000000000017,418.30400000000014,435.051854504,154,0,0.3620751467724121,-0.4782270320177159,0.4782270320177159,0.3620751467724121,1.4642857142857142,2.071428571428572,2.5,32.24529764273617,10.00401161573638,2.513331128805475,-2.416338874010568,2.230948535260857,-2.707807208919476,7.836563836647012,-0.1608446168429468,2.971847309732629,2.2592762983237704,953.8851353067348,21.43879310982592,14.8114553779692,16.444448539824652,12.752743308167698,7.578995896792942,9.855612118054724,6.221230582074894,8.399971119282888,3.730567932227123,5.414072402778615,2.1128455580549623,3.54351374163482,-2.78,690205.5939907836,21.519292322605008,7.325918985638601,4.204134383579708,162.59031069995737,20.994572059745856,11.735768823996422,10.843243482610037,5.601050810983688,11.814359458703011,16.27347016397548,14.141824241834009,14.083731696315263,8.417796984328938,11.336785877934735,5.15571272675054,20.771211599071872,5.380062770465915,6.041840829147961,37.29827438881211,50.26785898322327,0.0,14.605983116249774,5.15571272675054,38.455944068351485,5.733667477162185,11.073990765314376,0.0,0.0,11.050456081168516,5.131558479839333,0.0,11.336785877934735,68.54635098380861,29.525365011975733,0.0,26.46513959392033,10.535775497216456,0.0,0.0,0.0,201.58,51.4842470947288,22.801408536544404,0.0,15.130702465984026,0.0,11.336785877934735,26.151274369537788,0.0,0.0,15.456479851704078,20.23053332942989,31.44978820569469,0.9796905422586336,44.39737831563419,16.334751159546904,3.256457088644816,-3.375611656986792,-2.3123389733980013,0.0,3.692820624691566,-4.756268639419342,0.4615384615384615,28,5,13,0,1,1,0,1,1,10,4,15,7,0,1,1,2,-1.172499999999998,95.65050000000004,1,0,0,1,0,1,0,0,1,1,3,2,0,0,0,3,1,1,0,0,0,0,0,0,0,0,0,2,0,1,0,0,0,0,0,0,0,0,0,0,0,0,0,0,0,0,0,0,0,0,0,0,0,1,0,0,0,0,0,0,0,0,0,1,0,0,0,0,0,0,0,0,0,0,0,0,0,0,0,0,1,0,0,0,0,562.0,Escherichia coli,Bacteria
116299,,5304421,CHEMBL1694565,Antibacterial activity against Escherichia coli AS226 carrying pBSDN104A mutant after 18 hrs by broth microdilution method,F,BAO_0002146,BAO_0000218,organism-based format,C[C@H]1[C@H](NC(=O)/C(=N\OC(C)(C)C(=O)O)c2csc(N)n2)C(=O)N1S(=O)(=O)O,CHEMBL1687837,Antimicrob Agents Chemother,2011.0,CHEMBL158,AZTREONAM,CHEMBL158,0,http://www.openphacts.org/units/MicrogramPerMilliliter,1338506,=,1,1,=,MIC,ug.mL-1,8.0,CHEMBL354,Escherichia coli,Escherichia coli,562.0,,MIC,ug ml-1,UO_0000274,8.0,CHEMBL158,C[C@H]1[C@H](NC(=O)/C(=N\OC(C)(C)C(=O)O)c2csc(N)n2)C(=O)N1S(=O)(=O)O,12.562141912320484,12.562141912320484,0.0349535856009066,-4.756268639419342,0.174788224513646,20.5,435.44000000000017,418.30400000000014,435.051854504,154,0,0.3620751467724121,-0.4782270320177159,0.4782270320177159,0.3620751467724121,1.4642857142857142,2.071428571428572,2.5,32.24529764273617,10.00401161573638,2.513331128805475,-2.416338874010568,2.230948535260857,-2.707807208919476,7.836563836647012,-0.1608446168429468,2.971847309732629,2.2592762983237704,953.8851353067348,21.43879310982592,14.8114553779692,16.444448539824652,12.752743308167698,7.578995896792942,9.855612118054724,6.221230582074894,8.399971119282888,3.730567932227123,5.414072402778615,2.1128455580549623,3.54351374163482,-2.78,690205.5939907836,21.519292322605008,7.325918985638601,4.204134383579708,162.59031069995737,20.994572059745856,11.735768823996422,10.843243482610037,5.601050810983688,11.814359458703011,16.27347016397548,14.141824241834009,14.083731696315263,8.417796984328938,11.336785877934735,5.15571272675054,20.771211599071872,5.380062770465915,6.041840829147961,37.29827438881211,50.26785898322327,0.0,14.605983116249774,5.15571272675054,38.455944068351485,5.733667477162185,11.073990765314376,0.0,0.0,11.050456081168516,5.131558479839333,0.0,11.336785877934735,68.54635098380861,29.525365011975733,0.0,26.46513959392033,10.535775497216456,0.0,0.0,0.0,201.58,51.4842470947288,22.801408536544404,0.0,15.130702465984026,0.0,11.336785877934735,26.151274369537788,0.0,0.0,15.456479851704078,20.23053332942989,31.44978820569469,0.9796905422586336,44.39737831563419,16.334751159546904,3.256457088644816,-3.375611656986792,-2.3123389733980013,0.0,3.692820624691566,-4.756268639419342,0.4615384615384615,28,5,13,0,1,1,0,1,1,10,4,15,7,0,1,1,2,-1.172499999999998,95.65050000000004,1,0,0,1,0,1,0,0,1,1,3,2,0,0,0,3,1,1,0,0,0,0,0,0,0,0,0,2,0,1,0,0,0,0,0,0,0,0,0,0,0,0,0,0,0,0,0,0,0,0,0,0,0,1,0,0,0,0,0,0,0,0,0,1,0,0,0,0,0,0,0,0,0,0,0,0,0,0,0,0,1,0,0,0,0,562.0,Escherichia coli,Bacteria
116299,,5304421,CHEMBL1694565,Antibacterial activity against Escherichia coli AS226 carrying pBSDN104A mutant after 18 hrs by broth microdilution method,F,BAO_0002146,BAO_0000218,organism-based format,C[C@H]1[C@H](NC(=O)/C(=N\OC(C)(C)C(=O)O)c2csc(N)n2)C(=O)N1S(=O)(=O)O,CHEMBL1687837,Antimicrob Agents Chemother,2011.0,CHEMBL158,AZTREONAM,CHEMBL158,0,http://www.openphacts.org/units/MicrogramPerMilliliter,1338506,=,1,1,=,MIC,ug.mL-1,8.0,CHEMBL354,Escherichia coli,Escherichia coli,562.0,,MIC,ug ml-1,UO_0000274,8.0,CHEMBL158,C[C@H]1[C@H](NC(=O)/C(=N\OC(C)(C)C(=O)O)c2csc(N)n2)C(=O)N1S(=O)(=O)O,12.562141912320484,12.562141912320484,0.0349535856009066,-4.756268639419342,0.174788224513646,20.5,435.44000000000017,418.30400000000014,435.051854504,154,0,0.3620751467724121,-0.4782270320177159,0.4782270320177159,0.3620751467724121,1.4642857142857142,2.071428571428572,2.5,32.24529764273617,10.00401161573638,2.513331128805475,-2.416338874010568,2.230948535260857,-2.707807208919476,7.836563836647012,-0.1608446168429468,2.971847309732629,2.2592762983237704,953.8851353067348,21.43879310982592,14.8114553779692,16.444448539824652,12.752743308167698,7.578995896792942,9.855612118054724,6.221230582074894,8.399971119282888,3.730567932227123,5.414072402778615,2.1128455580549623,3.54351374163482,-2.78,690205.5939907836,21.519292322605008,7.325918985638601,4.204134383579708,162.59031069995737,20.994572059745856,11.735768823996422,10.843243482610037,5.601050810983688,11.814359458703011,16.27347016397548,14.141824241834009,14.083731696315263,8.417796984328938,11.336785877934735,5.15571272675054,20.771211599071872,5.380062770465915,6.041840829147961,37.29827438881211,50.26785898322327,0.0,14.605983116249774,5.15571272675054,38.455944068351485,5.733667477162185,11.073990765314376,0.0,0.0,11.050456081168516,5.131558479839333,0.0,11.336785877934735,68.54635098380861,29.525365011975733,0.0,26.46513959392033,10.535775497216456,0.0,0.0,0.0,201.58,51.4842470947288,22.801408536544404,0.0,15.130702465984026,0.0,11.336785877934735,26.151274369537788,0.0,0.0,15.456479851704078,20.23053332942989,31.44978820569469,0.9796905422586336,44.39737831563419,16.334751159546904,3.256457088644816,-3.375611656986792,-2.3123389733980013,0.0,3.692820624691566,-4.756268639419342,0.4615384615384615,28,5,13,0,1,1,0,1,1,10,4,15,7,0,1,1,2,-1.172499999999998,95.65050000000004,1,0,0,1,0,1,0,0,1,1,3,2,0,0,0,3,1,1,0,0,0,0,0,0,0,0,0,2,0,1,0,0,0,0,0,0,0,0,0,0,0,0,0,0,0,0,0,0,0,0,0,0,0,1,0,0,0,0,0,0,0,0,0,1,0,0,0,0,0,0,0,0,0,0,0,0,0,0,0,0,1,0,0,0,0,562.0,Escherichia coli,Bacteria
116300,,5304422,CHEMBL1694566,Antibacterial activity against Escherichia coli AS226 carrying pBSDN104D mutant after 18 hrs by broth microdilution method,F,BAO_0002146,BAO_0000218,organism-based format,C[C@H]1[C@H](NC(=O)/C(=N\OC(C)(C)C(=O)O)c2csc(N)n2)C(=O)N1S(=O)(=O)O,CHEMBL1687837,Antimicrob Agents Chemother,2011.0,CHEMBL158,AZTREONAM,CHEMBL158,0,http://www.openphacts.org/units/MicrogramPerMilliliter,1338506,=,1,1,=,MIC,ug.mL-1,1.0,CHEMBL354,Escherichia coli,Escherichia coli,562.0,,MIC,ug ml-1,UO_0000274,1.0,CHEMBL158,C[C@H]1[C@H](NC(=O)/C(=N\OC(C)(C)C(=O)O)c2csc(N)n2)C(=O)N1S(=O)(=O)O,12.562141912320484,12.562141912320484,0.0349535856009066,-4.756268639419342,0.174788224513646,20.5,435.44000000000017,418.30400000000014,435.051854504,154,0,0.3620751467724121,-0.4782270320177159,0.4782270320177159,0.3620751467724121,1.4642857142857142,2.071428571428572,2.5,32.24529764273617,10.00401161573638,2.513331128805475,-2.416338874010568,2.230948535260857,-2.707807208919476,7.836563836647012,-0.1608446168429468,2.971847309732629,2.2592762983237704,953.8851353067348,21.43879310982592,14.8114553779692,16.444448539824652,12.752743308167698,7.578995896792942,9.855612118054724,6.221230582074894,8.399971119282888,3.730567932227123,5.414072402778615,2.1128455580549623,3.54351374163482,-2.78,690205.5939907836,21.519292322605008,7.325918985638601,4.204134383579708,162.59031069995737,20.994572059745856,11.735768823996422,10.843243482610037,5.601050810983688,11.814359458703011,16.27347016397548,14.141824241834009,14.083731696315263,8.417796984328938,11.336785877934735,5.15571272675054,20.771211599071872,5.380062770465915,6.041840829147961,37.29827438881211,50.26785898322327,0.0,14.605983116249774,5.15571272675054,38.455944068351485,5.733667477162185,11.073990765314376,0.0,0.0,11.050456081168516,5.131558479839333,0.0,11.336785877934735,68.54635098380861,29.525365011975733,0.0,26.46513959392033,10.535775497216456,0.0,0.0,0.0,201.58,51.4842470947288,22.801408536544404,0.0,15.130702465984026,0.0,11.336785877934735,26.151274369537788,0.0,0.0,15.456479851704078,20.23053332942989,31.44978820569469,0.9796905422586336,44.39737831563419,16.334751159546904,3.256457088644816,-3.375611656986792,-2.3123389733980013,0.0,3.692820624691566,-4.756268639419342,0.4615384615384615,28,5,13,0,1,1,0,1,1,10,4,15,7,0,1,1,2,-1.172499999999998,95.65050000000004,1,0,0,1,0,1,0,0,1,1,3,2,0,0,0,3,1,1,0,0,0,0,0,0,0,0,0,2,0,1,0,0,0,0,0,0,0,0,0,0,0,0,0,0,0,0,0,0,0,0,0,0,0,1,0,0,0,0,0,0,0,0,0,1,0,0,0,0,0,0,0,0,0,0,0,0,0,0,0,0,1,0,0,0,0,562.0,Escherichia coli,Bacteria
116300,,5304422,CHEMBL1694566,Antibacterial activity against Escherichia coli AS226 carrying pBSDN104D mutant after 18 hrs by broth microdilution method,F,BAO_0002146,BAO_0000218,organism-based format,C[C@H]1[C@H](NC(=O)/C(=N\OC(C)(C)C(=O)O)c2csc(N)n2)C(=O)N1S(=O)(=O)O,CHEMBL1687837,Antimicrob Agents Chemother,2011.0,CHEMBL158,AZTREONAM,CHEMBL158,0,http://www.openphacts.org/units/MicrogramPerMilliliter,1338506,=,1,1,=,MIC,ug.mL-1,1.0,CHEMBL354,Escherichia coli,Escherichia coli,562.0,,MIC,ug ml-1,UO_0000274,1.0,CHEMBL158,C[C@H]1[C@H](NC(=O)/C(=N\OC(C)(C)C(=O)O)c2csc(N)n2)C(=O)N1S(=O)(=O)O,12.562141912320484,12.562141912320484,0.0349535856009066,-4.756268639419342,0.174788224513646,20.5,435.44000000000017,418.30400000000014,435.051854504,154,0,0.3620751467724121,-0.4782270320177159,0.4782270320177159,0.3620751467724121,1.4642857142857142,2.071428571428572,2.5,32.24529764273617,10.00401161573638,2.513331128805475,-2.416338874010568,2.230948535260857,-2.707807208919476,7.836563836647012,-0.1608446168429468,2.971847309732629,2.2592762983237704,953.8851353067348,21.43879310982592,14.8114553779692,16.444448539824652,12.752743308167698,7.578995896792942,9.855612118054724,6.221230582074894,8.399971119282888,3.730567932227123,5.414072402778615,2.1128455580549623,3.54351374163482,-2.78,690205.5939907836,21.519292322605008,7.325918985638601,4.204134383579708,162.59031069995737,20.994572059745856,11.735768823996422,10.843243482610037,5.601050810983688,11.814359458703011,16.27347016397548,14.141824241834009,14.083731696315263,8.417796984328938,11.336785877934735,5.15571272675054,20.771211599071872,5.380062770465915,6.041840829147961,37.29827438881211,50.26785898322327,0.0,14.605983116249774,5.15571272675054,38.455944068351485,5.733667477162185,11.073990765314376,0.0,0.0,11.050456081168516,5.131558479839333,0.0,11.336785877934735,68.54635098380861,29.525365011975733,0.0,26.46513959392033,10.535775497216456,0.0,0.0,0.0,201.58,51.4842470947288,22.801408536544404,0.0,15.130702465984026,0.0,11.336785877934735,26.151274369537788,0.0,0.0,15.456479851704078,20.23053332942989,31.44978820569469,0.9796905422586336,44.39737831563419,16.334751159546904,3.256457088644816,-3.375611656986792,-2.3123389733980013,0.0,3.692820624691566,-4.756268639419342,0.4615384615384615,28,5,13,0,1,1,0,1,1,10,4,15,7,0,1,1,2,-1.172499999999998,95.65050000000004,1,0,0,1,0,1,0,0,1,1,3,2,0,0,0,3,1,1,0,0,0,0,0,0,0,0,0,2,0,1,0,0,0,0,0,0,0,0,0,0,0,0,0,0,0,0,0,0,0,0,0,0,0,1,0,0,0,0,0,0,0,0,0,1,0,0,0,0,0,0,0,0,0,0,0,0,0,0,0,0,1,0,0,0,0,562.0,Escherichia coli,Bacteria
116300,,5304422,CHEMBL1694566,Antibacterial activity against Escherichia coli AS226 carrying pBSDN104D mutant after 18 hrs by broth microdilution method,F,BAO_0002146,BAO_0000218,organism-based format,C[C@H]1[C@H](NC(=O)/C(=N\OC(C)(C)C(=O)O)c2csc(N)n2)C(=O)N1S(=O)(=O)O,CHEMBL1687837,Antimicrob Agents Chemother,2011.0,CHEMBL158,AZTREONAM,CHEMBL158,0,http://www.openphacts.org/units/MicrogramPerMilliliter,1338506,=,1,1,=,MIC,ug.mL-1,1.0,CHEMBL354,Escherichia coli,Escherichia coli,562.0,,MIC,ug ml-1,UO_0000274,1.0,CHEMBL158,C[C@H]1[C@H](NC(=O)/C(=N\OC(C)(C)C(=O)O)c2csc(N)n2)C(=O)N1S(=O)(=O)O,12.562141912320484,12.562141912320484,0.0349535856009066,-4.756268639419342,0.174788224513646,20.5,435.44000000000017,418.30400000000014,435.051854504,154,0,0.3620751467724121,-0.4782270320177159,0.4782270320177159,0.3620751467724121,1.4642857142857142,2.071428571428572,2.5,32.24529764273617,10.00401161573638,2.513331128805475,-2.416338874010568,2.230948535260857,-2.707807208919476,7.836563836647012,-0.1608446168429468,2.971847309732629,2.2592762983237704,953.8851353067348,21.43879310982592,14.8114553779692,16.444448539824652,12.752743308167698,7.578995896792942,9.855612118054724,6.221230582074894,8.399971119282888,3.730567932227123,5.414072402778615,2.1128455580549623,3.54351374163482,-2.78,690205.5939907836,21.519292322605008,7.325918985638601,4.204134383579708,162.59031069995737,20.994572059745856,11.735768823996422,10.843243482610037,5.601050810983688,11.814359458703011,16.27347016397548,14.141824241834009,14.083731696315263,8.417796984328938,11.336785877934735,5.15571272675054,20.771211599071872,5.380062770465915,6.041840829147961,37.29827438881211,50.26785898322327,0.0,14.605983116249774,5.15571272675054,38.455944068351485,5.733667477162185,11.073990765314376,0.0,0.0,11.050456081168516,5.131558479839333,0.0,11.336785877934735,68.54635098380861,29.525365011975733,0.0,26.46513959392033,10.535775497216456,0.0,0.0,0.0,201.58,51.4842470947288,22.801408536544404,0.0,15.130702465984026,0.0,11.336785877934735,26.151274369537788,0.0,0.0,15.456479851704078,20.23053332942989,31.44978820569469,0.9796905422586336,44.39737831563419,16.334751159546904,3.256457088644816,-3.375611656986792,-2.3123389733980013,0.0,3.692820624691566,-4.756268639419342,0.4615384615384615,28,5,13,0,1,1,0,1,1,10,4,15,7,0,1,1,2,-1.172499999999998,95.65050000000004,1,0,0,1,0,1,0,0,1,1,3,2,0,0,0,3,1,1,0,0,0,0,0,0,0,0,0,2,0,1,0,0,0,0,0,0,0,0,0,0,0,0,0,0,0,0,0,0,0,0,0,0,0,1,0,0,0,0,0,0,0,0,0,1,0,0,0,0,0,0,0,0,0,0,0,0,0,0,0,0,1,0,0,0,0,562.0,Escherichia coli,Bacteria
116300,,5304422,CHEMBL1694566,Antibacterial activity against Escherichia coli AS226 carrying pBSDN104D mutant after 18 hrs by broth microdilution method,F,BAO_0002146,BAO_0000218,organism-based format,C[C@H]1[C@H](NC(=O)/C(=N\OC(C)(C)C(=O)O)c2csc(N)n2)C(=O)N1S(=O)(=O)O,CHEMBL1687837,Antimicrob Agents Chemother,2011.0,CHEMBL158,AZTREONAM,CHEMBL158,0,http://www.openphacts.org/units/MicrogramPerMilliliter,1338506,=,1,1,=,MIC,ug.mL-1,1.0,CHEMBL354,Escherichia coli,Escherichia coli,562.0,,MIC,ug ml-1,UO_0000274,1.0,CHEMBL158,C[C@H]1[C@H](NC(=O)/C(=N\OC(C)(C)C(=O)O)c2csc(N)n2)C(=O)N1S(=O)(=O)O,12.562141912320484,12.562141912320484,0.0349535856009066,-4.756268639419342,0.174788224513646,20.5,435.44000000000017,418.30400000000014,435.051854504,154,0,0.3620751467724121,-0.4782270320177159,0.4782270320177159,0.3620751467724121,1.4642857142857142,2.071428571428572,2.5,32.24529764273617,10.00401161573638,2.513331128805475,-2.416338874010568,2.230948535260857,-2.707807208919476,7.836563836647012,-0.1608446168429468,2.971847309732629,2.2592762983237704,953.8851353067348,21.43879310982592,14.8114553779692,16.444448539824652,12.752743308167698,7.578995896792942,9.855612118054724,6.221230582074894,8.399971119282888,3.730567932227123,5.414072402778615,2.1128455580549623,3.54351374163482,-2.78,690205.5939907836,21.519292322605008,7.325918985638601,4.204134383579708,162.59031069995737,20.994572059745856,11.735768823996422,10.843243482610037,5.601050810983688,11.814359458703011,16.27347016397548,14.141824241834009,14.083731696315263,8.417796984328938,11.336785877934735,5.15571272675054,20.771211599071872,5.380062770465915,6.041840829147961,37.29827438881211,50.26785898322327,0.0,14.605983116249774,5.15571272675054,38.455944068351485,5.733667477162185,11.073990765314376,0.0,0.0,11.050456081168516,5.131558479839333,0.0,11.336785877934735,68.54635098380861,29.525365011975733,0.0,26.46513959392033,10.535775497216456,0.0,0.0,0.0,201.58,51.4842470947288,22.801408536544404,0.0,15.130702465984026,0.0,11.336785877934735,26.151274369537788,0.0,0.0,15.456479851704078,20.23053332942989,31.44978820569469,0.9796905422586336,44.39737831563419,16.334751159546904,3.256457088644816,-3.375611656986792,-2.3123389733980013,0.0,3.692820624691566,-4.756268639419342,0.4615384615384615,28,5,13,0,1,1,0,1,1,10,4,15,7,0,1,1,2,-1.172499999999998,95.65050000000004,1,0,0,1,0,1,0,0,1,1,3,2,0,0,0,3,1,1,0,0,0,0,0,0,0,0,0,2,0,1,0,0,0,0,0,0,0,0,0,0,0,0,0,0,0,0,0,0,0,0,0,0,0,1,0,0,0,0,0,0,0,0,0,1,0,0,0,0,0,0,0,0,0,0,0,0,0,0,0,0,1,0,0,0,0,562.0,Escherichia coli,Bacteria
116301,,5304423,CHEMBL1694567,Antibacterial activity against Escherichia coli AS226 carrying pBSDS237A mutant after 18 hrs by broth microdilution method,F,BAO_0002146,BAO_0000218,organism-based format,C[C@H]1[C@H](NC(=O)/C(=N\OC(C)(C)C(=O)O)c2csc(N)n2)C(=O)N1S(=O)(=O)O,CHEMBL1687837,Antimicrob Agents Chemother,2011.0,CHEMBL158,AZTREONAM,CHEMBL158,0,http://www.openphacts.org/units/MicrogramPerMilliliter,1338506,=,1,1,=,MIC,ug.mL-1,128.0,CHEMBL354,Escherichia coli,Escherichia coli,562.0,,MIC,ug ml-1,UO_0000274,128.0,CHEMBL158,C[C@H]1[C@H](NC(=O)/C(=N\OC(C)(C)C(=O)O)c2csc(N)n2)C(=O)N1S(=O)(=O)O,12.562141912320484,12.562141912320484,0.0349535856009066,-4.756268639419342,0.174788224513646,20.5,435.44000000000017,418.30400000000014,435.051854504,154,0,0.3620751467724121,-0.4782270320177159,0.4782270320177159,0.3620751467724121,1.4642857142857142,2.071428571428572,2.5,32.24529764273617,10.00401161573638,2.513331128805475,-2.416338874010568,2.230948535260857,-2.707807208919476,7.836563836647012,-0.1608446168429468,2.971847309732629,2.2592762983237704,953.8851353067348,21.43879310982592,14.8114553779692,16.444448539824652,12.752743308167698,7.578995896792942,9.855612118054724,6.221230582074894,8.399971119282888,3.730567932227123,5.414072402778615,2.1128455580549623,3.54351374163482,-2.78,690205.5939907836,21.519292322605008,7.325918985638601,4.204134383579708,162.59031069995737,20.994572059745856,11.735768823996422,10.843243482610037,5.601050810983688,11.814359458703011,16.27347016397548,14.141824241834009,14.083731696315263,8.417796984328938,11.336785877934735,5.15571272675054,20.771211599071872,5.380062770465915,6.041840829147961,37.29827438881211,50.26785898322327,0.0,14.605983116249774,5.15571272675054,38.455944068351485,5.733667477162185,11.073990765314376,0.0,0.0,11.050456081168516,5.131558479839333,0.0,11.336785877934735,68.54635098380861,29.525365011975733,0.0,26.46513959392033,10.535775497216456,0.0,0.0,0.0,201.58,51.4842470947288,22.801408536544404,0.0,15.130702465984026,0.0,11.336785877934735,26.151274369537788,0.0,0.0,15.456479851704078,20.23053332942989,31.44978820569469,0.9796905422586336,44.39737831563419,16.334751159546904,3.256457088644816,-3.375611656986792,-2.3123389733980013,0.0,3.692820624691566,-4.756268639419342,0.4615384615384615,28,5,13,0,1,1,0,1,1,10,4,15,7,0,1,1,2,-1.172499999999998,95.65050000000004,1,0,0,1,0,1,0,0,1,1,3,2,0,0,0,3,1,1,0,0,0,0,0,0,0,0,0,2,0,1,0,0,0,0,0,0,0,0,0,0,0,0,0,0,0,0,0,0,0,0,0,0,0,1,0,0,0,0,0,0,0,0,0,1,0,0,0,0,0,0,0,0,0,0,0,0,0,0,0,0,1,0,0,0,0,562.0,Escherichia coli,Bacteria
116301,,5304423,CHEMBL1694567,Antibacterial activity against Escherichia coli AS226 carrying pBSDS237A mutant after 18 hrs by broth microdilution method,F,BAO_0002146,BAO_0000218,organism-based format,C[C@H]1[C@H](NC(=O)/C(=N\OC(C)(C)C(=O)O)c2csc(N)n2)C(=O)N1S(=O)(=O)O,CHEMBL1687837,Antimicrob Agents Chemother,2011.0,CHEMBL158,AZTREONAM,CHEMBL158,0,http://www.openphacts.org/units/MicrogramPerMilliliter,1338506,=,1,1,=,MIC,ug.mL-1,128.0,CHEMBL354,Escherichia coli,Escherichia coli,562.0,,MIC,ug ml-1,UO_0000274,128.0,CHEMBL158,C[C@H]1[C@H](NC(=O)/C(=N\OC(C)(C)C(=O)O)c2csc(N)n2)C(=O)N1S(=O)(=O)O,12.562141912320484,12.562141912320484,0.0349535856009066,-4.756268639419342,0.174788224513646,20.5,435.44000000000017,418.30400000000014,435.051854504,154,0,0.3620751467724121,-0.4782270320177159,0.4782270320177159,0.3620751467724121,1.4642857142857142,2.071428571428572,2.5,32.24529764273617,10.00401161573638,2.513331128805475,-2.416338874010568,2.230948535260857,-2.707807208919476,7.836563836647012,-0.1608446168429468,2.971847309732629,2.2592762983237704,953.8851353067348,21.43879310982592,14.8114553779692,16.444448539824652,12.752743308167698,7.578995896792942,9.855612118054724,6.221230582074894,8.399971119282888,3.730567932227123,5.414072402778615,2.1128455580549623,3.54351374163482,-2.78,690205.5939907836,21.519292322605008,7.325918985638601,4.204134383579708,162.59031069995737,20.994572059745856,11.735768823996422,10.843243482610037,5.601050810983688,11.814359458703011,16.27347016397548,14.141824241834009,14.083731696315263,8.417796984328938,11.336785877934735,5.15571272675054,20.771211599071872,5.380062770465915,6.041840829147961,37.29827438881211,50.26785898322327,0.0,14.605983116249774,5.15571272675054,38.455944068351485,5.733667477162185,11.073990765314376,0.0,0.0,11.050456081168516,5.131558479839333,0.0,11.336785877934735,68.54635098380861,29.525365011975733,0.0,26.46513959392033,10.535775497216456,0.0,0.0,0.0,201.58,51.4842470947288,22.801408536544404,0.0,15.130702465984026,0.0,11.336785877934735,26.151274369537788,0.0,0.0,15.456479851704078,20.23053332942989,31.44978820569469,0.9796905422586336,44.39737831563419,16.334751159546904,3.256457088644816,-3.375611656986792,-2.3123389733980013,0.0,3.692820624691566,-4.756268639419342,0.4615384615384615,28,5,13,0,1,1,0,1,1,10,4,15,7,0,1,1,2,-1.172499999999998,95.65050000000004,1,0,0,1,0,1,0,0,1,1,3,2,0,0,0,3,1,1,0,0,0,0,0,0,0,0,0,2,0,1,0,0,0,0,0,0,0,0,0,0,0,0,0,0,0,0,0,0,0,0,0,0,0,1,0,0,0,0,0,0,0,0,0,1,0,0,0,0,0,0,0,0,0,0,0,0,0,0,0,0,1,0,0,0,0,562.0,Escherichia coli,Bacteria
116301,,5304423,CHEMBL1694567,Antibacterial activity against Escherichia coli AS226 carrying pBSDS237A mutant after 18 hrs by broth microdilution method,F,BAO_0002146,BAO_0000218,organism-based format,C[C@H]1[C@H](NC(=O)/C(=N\OC(C)(C)C(=O)O)c2csc(N)n2)C(=O)N1S(=O)(=O)O,CHEMBL1687837,Antimicrob Agents Chemother,2011.0,CHEMBL158,AZTREONAM,CHEMBL158,0,http://www.openphacts.org/units/MicrogramPerMilliliter,1338506,=,1,1,=,MIC,ug.mL-1,128.0,CHEMBL354,Escherichia coli,Escherichia coli,562.0,,MIC,ug ml-1,UO_0000274,128.0,CHEMBL158,C[C@H]1[C@H](NC(=O)/C(=N\OC(C)(C)C(=O)O)c2csc(N)n2)C(=O)N1S(=O)(=O)O,12.562141912320484,12.562141912320484,0.0349535856009066,-4.756268639419342,0.174788224513646,20.5,435.44000000000017,418.30400000000014,435.051854504,154,0,0.3620751467724121,-0.4782270320177159,0.4782270320177159,0.3620751467724121,1.4642857142857142,2.071428571428572,2.5,32.24529764273617,10.00401161573638,2.513331128805475,-2.416338874010568,2.230948535260857,-2.707807208919476,7.836563836647012,-0.1608446168429468,2.971847309732629,2.2592762983237704,953.8851353067348,21.43879310982592,14.8114553779692,16.444448539824652,12.752743308167698,7.578995896792942,9.855612118054724,6.221230582074894,8.399971119282888,3.730567932227123,5.414072402778615,2.1128455580549623,3.54351374163482,-2.78,690205.5939907836,21.519292322605008,7.325918985638601,4.204134383579708,162.59031069995737,20.994572059745856,11.735768823996422,10.843243482610037,5.601050810983688,11.814359458703011,16.27347016397548,14.141824241834009,14.083731696315263,8.417796984328938,11.336785877934735,5.15571272675054,20.771211599071872,5.380062770465915,6.041840829147961,37.29827438881211,50.26785898322327,0.0,14.605983116249774,5.15571272675054,38.455944068351485,5.733667477162185,11.073990765314376,0.0,0.0,11.050456081168516,5.131558479839333,0.0,11.336785877934735,68.54635098380861,29.525365011975733,0.0,26.46513959392033,10.535775497216456,0.0,0.0,0.0,201.58,51.4842470947288,22.801408536544404,0.0,15.130702465984026,0.0,11.336785877934735,26.151274369537788,0.0,0.0,15.456479851704078,20.23053332942989,31.44978820569469,0.9796905422586336,44.39737831563419,16.334751159546904,3.256457088644816,-3.375611656986792,-2.3123389733980013,0.0,3.692820624691566,-4.756268639419342,0.4615384615384615,28,5,13,0,1,1,0,1,1,10,4,15,7,0,1,1,2,-1.172499999999998,95.65050000000004,1,0,0,1,0,1,0,0,1,1,3,2,0,0,0,3,1,1,0,0,0,0,0,0,0,0,0,2,0,1,0,0,0,0,0,0,0,0,0,0,0,0,0,0,0,0,0,0,0,0,0,0,0,1,0,0,0,0,0,0,0,0,0,1,0,0,0,0,0,0,0,0,0,0,0,0,0,0,0,0,1,0,0,0,0,562.0,Escherichia coli,Bacteria
116301,,5304423,CHEMBL1694567,Antibacterial activity against Escherichia coli AS226 carrying pBSDS237A mutant after 18 hrs by broth microdilution method,F,BAO_0002146,BAO_0000218,organism-based format,C[C@H]1[C@H](NC(=O)/C(=N\OC(C)(C)C(=O)O)c2csc(N)n2)C(=O)N1S(=O)(=O)O,CHEMBL1687837,Antimicrob Agents Chemother,2011.0,CHEMBL158,AZTREONAM,CHEMBL158,0,http://www.openphacts.org/units/MicrogramPerMilliliter,1338506,=,1,1,=,MIC,ug.mL-1,128.0,CHEMBL354,Escherichia coli,Escherichia coli,562.0,,MIC,ug ml-1,UO_0000274,128.0,CHEMBL158,C[C@H]1[C@H](NC(=O)/C(=N\OC(C)(C)C(=O)O)c2csc(N)n2)C(=O)N1S(=O)(=O)O,12.562141912320484,12.562141912320484,0.0349535856009066,-4.756268639419342,0.174788224513646,20.5,435.44000000000017,418.30400000000014,435.051854504,154,0,0.3620751467724121,-0.4782270320177159,0.4782270320177159,0.3620751467724121,1.4642857142857142,2.071428571428572,2.5,32.24529764273617,10.00401161573638,2.513331128805475,-2.416338874010568,2.230948535260857,-2.707807208919476,7.836563836647012,-0.1608446168429468,2.971847309732629,2.2592762983237704,953.8851353067348,21.43879310982592,14.8114553779692,16.444448539824652,12.752743308167698,7.578995896792942,9.855612118054724,6.221230582074894,8.399971119282888,3.730567932227123,5.414072402778615,2.1128455580549623,3.54351374163482,-2.78,690205.5939907836,21.519292322605008,7.325918985638601,4.204134383579708,162.59031069995737,20.994572059745856,11.735768823996422,10.843243482610037,5.601050810983688,11.814359458703011,16.27347016397548,14.141824241834009,14.083731696315263,8.417796984328938,11.336785877934735,5.15571272675054,20.771211599071872,5.380062770465915,6.041840829147961,37.29827438881211,50.26785898322327,0.0,14.605983116249774,5.15571272675054,38.455944068351485,5.733667477162185,11.073990765314376,0.0,0.0,11.050456081168516,5.131558479839333,0.0,11.336785877934735,68.54635098380861,29.525365011975733,0.0,26.46513959392033,10.535775497216456,0.0,0.0,0.0,201.58,51.4842470947288,22.801408536544404,0.0,15.130702465984026,0.0,11.336785877934735,26.151274369537788,0.0,0.0,15.456479851704078,20.23053332942989,31.44978820569469,0.9796905422586336,44.39737831563419,16.334751159546904,3.256457088644816,-3.375611656986792,-2.3123389733980013,0.0,3.692820624691566,-4.756268639419342,0.4615384615384615,28,5,13,0,1,1,0,1,1,10,4,15,7,0,1,1,2,-1.172499999999998,95.65050000000004,1,0,0,1,0,1,0,0,1,1,3,2,0,0,0,3,1,1,0,0,0,0,0,0,0,0,0,2,0,1,0,0,0,0,0,0,0,0,0,0,0,0,0,0,0,0,0,0,0,0,0,0,0,1,0,0,0,0,0,0,0,0,0,1,0,0,0,0,0,0,0,0,0,0,0,0,0,0,0,0,1,0,0,0,0,562.0,Escherichia coli,Bacteria
116302,,5304424,CHEMBL1694568,Antibacterial activity against Escherichia coli AS226 carrying pBSDD240S mutant after 18 hrs by broth microdilution method,F,BAO_0002146,BAO_0000218,organism-based format,C[C@H]1[C@H](NC(=O)/C(=N\OC(C)(C)C(=O)O)c2csc(N)n2)C(=O)N1S(=O)(=O)O,CHEMBL1687837,Antimicrob Agents Chemother,2011.0,CHEMBL158,AZTREONAM,CHEMBL158,0,http://www.openphacts.org/units/MicrogramPerMilliliter,1338506,=,1,1,=,MIC,ug.mL-1,64.0,CHEMBL354,Escherichia coli,Escherichia coli,562.0,,MIC,ug ml-1,UO_0000274,64.0,CHEMBL158,C[C@H]1[C@H](NC(=O)/C(=N\OC(C)(C)C(=O)O)c2csc(N)n2)C(=O)N1S(=O)(=O)O,12.562141912320484,12.562141912320484,0.0349535856009066,-4.756268639419342,0.174788224513646,20.5,435.44000000000017,418.30400000000014,435.051854504,154,0,0.3620751467724121,-0.4782270320177159,0.4782270320177159,0.3620751467724121,1.4642857142857142,2.071428571428572,2.5,32.24529764273617,10.00401161573638,2.513331128805475,-2.416338874010568,2.230948535260857,-2.707807208919476,7.836563836647012,-0.1608446168429468,2.971847309732629,2.2592762983237704,953.8851353067348,21.43879310982592,14.8114553779692,16.444448539824652,12.752743308167698,7.578995896792942,9.855612118054724,6.221230582074894,8.399971119282888,3.730567932227123,5.414072402778615,2.1128455580549623,3.54351374163482,-2.78,690205.5939907836,21.519292322605008,7.325918985638601,4.204134383579708,162.59031069995737,20.994572059745856,11.735768823996422,10.843243482610037,5.601050810983688,11.814359458703011,16.27347016397548,14.141824241834009,14.083731696315263,8.417796984328938,11.336785877934735,5.15571272675054,20.771211599071872,5.380062770465915,6.041840829147961,37.29827438881211,50.26785898322327,0.0,14.605983116249774,5.15571272675054,38.455944068351485,5.733667477162185,11.073990765314376,0.0,0.0,11.050456081168516,5.131558479839333,0.0,11.336785877934735,68.54635098380861,29.525365011975733,0.0,26.46513959392033,10.535775497216456,0.0,0.0,0.0,201.58,51.4842470947288,22.801408536544404,0.0,15.130702465984026,0.0,11.336785877934735,26.151274369537788,0.0,0.0,15.456479851704078,20.23053332942989,31.44978820569469,0.9796905422586336,44.39737831563419,16.334751159546904,3.256457088644816,-3.375611656986792,-2.3123389733980013,0.0,3.692820624691566,-4.756268639419342,0.4615384615384615,28,5,13,0,1,1,0,1,1,10,4,15,7,0,1,1,2,-1.172499999999998,95.65050000000004,1,0,0,1,0,1,0,0,1,1,3,2,0,0,0,3,1,1,0,0,0,0,0,0,0,0,0,2,0,1,0,0,0,0,0,0,0,0,0,0,0,0,0,0,0,0,0,0,0,0,0,0,0,1,0,0,0,0,0,0,0,0,0,1,0,0,0,0,0,0,0,0,0,0,0,0,0,0,0,0,1,0,0,0,0,562.0,Escherichia coli,Bacteria
116302,,5304424,CHEMBL1694568,Antibacterial activity against Escherichia coli AS226 carrying pBSDD240S mutant after 18 hrs by broth microdilution method,F,BAO_0002146,BAO_0000218,organism-based format,C[C@H]1[C@H](NC(=O)/C(=N\OC(C)(C)C(=O)O)c2csc(N)n2)C(=O)N1S(=O)(=O)O,CHEMBL1687837,Antimicrob Agents Chemother,2011.0,CHEMBL158,AZTREONAM,CHEMBL158,0,http://www.openphacts.org/units/MicrogramPerMilliliter,1338506,=,1,1,=,MIC,ug.mL-1,64.0,CHEMBL354,Escherichia coli,Escherichia coli,562.0,,MIC,ug ml-1,UO_0000274,64.0,CHEMBL158,C[C@H]1[C@H](NC(=O)/C(=N\OC(C)(C)C(=O)O)c2csc(N)n2)C(=O)N1S(=O)(=O)O,12.562141912320484,12.562141912320484,0.0349535856009066,-4.756268639419342,0.174788224513646,20.5,435.44000000000017,418.30400000000014,435.051854504,154,0,0.3620751467724121,-0.4782270320177159,0.4782270320177159,0.3620751467724121,1.4642857142857142,2.071428571428572,2.5,32.24529764273617,10.00401161573638,2.513331128805475,-2.416338874010568,2.230948535260857,-2.707807208919476,7.836563836647012,-0.1608446168429468,2.971847309732629,2.2592762983237704,953.8851353067348,21.43879310982592,14.8114553779692,16.444448539824652,12.752743308167698,7.578995896792942,9.855612118054724,6.221230582074894,8.399971119282888,3.730567932227123,5.414072402778615,2.1128455580549623,3.54351374163482,-2.78,690205.5939907836,21.519292322605008,7.325918985638601,4.204134383579708,162.59031069995737,20.994572059745856,11.735768823996422,10.843243482610037,5.601050810983688,11.814359458703011,16.27347016397548,14.141824241834009,14.083731696315263,8.417796984328938,11.336785877934735,5.15571272675054,20.771211599071872,5.380062770465915,6.041840829147961,37.29827438881211,50.26785898322327,0.0,14.605983116249774,5.15571272675054,38.455944068351485,5.733667477162185,11.073990765314376,0.0,0.0,11.050456081168516,5.131558479839333,0.0,11.336785877934735,68.54635098380861,29.525365011975733,0.0,26.46513959392033,10.535775497216456,0.0,0.0,0.0,201.58,51.4842470947288,22.801408536544404,0.0,15.130702465984026,0.0,11.336785877934735,26.151274369537788,0.0,0.0,15.456479851704078,20.23053332942989,31.44978820569469,0.9796905422586336,44.39737831563419,16.334751159546904,3.256457088644816,-3.375611656986792,-2.3123389733980013,0.0,3.692820624691566,-4.756268639419342,0.4615384615384615,28,5,13,0,1,1,0,1,1,10,4,15,7,0,1,1,2,-1.172499999999998,95.65050000000004,1,0,0,1,0,1,0,0,1,1,3,2,0,0,0,3,1,1,0,0,0,0,0,0,0,0,0,2,0,1,0,0,0,0,0,0,0,0,0,0,0,0,0,0,0,0,0,0,0,0,0,0,0,1,0,0,0,0,0,0,0,0,0,1,0,0,0,0,0,0,0,0,0,0,0,0,0,0,0,0,1,0,0,0,0,562.0,Escherichia coli,Bacteria
116302,,5304424,CHEMBL1694568,Antibacterial activity against Escherichia coli AS226 carrying pBSDD240S mutant after 18 hrs by broth microdilution method,F,BAO_0002146,BAO_0000218,organism-based format,C[C@H]1[C@H](NC(=O)/C(=N\OC(C)(C)C(=O)O)c2csc(N)n2)C(=O)N1S(=O)(=O)O,CHEMBL1687837,Antimicrob Agents Chemother,2011.0,CHEMBL158,AZTREONAM,CHEMBL158,0,http://www.openphacts.org/units/MicrogramPerMilliliter,1338506,=,1,1,=,MIC,ug.mL-1,64.0,CHEMBL354,Escherichia coli,Escherichia coli,562.0,,MIC,ug ml-1,UO_0000274,64.0,CHEMBL158,C[C@H]1[C@H](NC(=O)/C(=N\OC(C)(C)C(=O)O)c2csc(N)n2)C(=O)N1S(=O)(=O)O,12.562141912320484,12.562141912320484,0.0349535856009066,-4.756268639419342,0.174788224513646,20.5,435.44000000000017,418.30400000000014,435.051854504,154,0,0.3620751467724121,-0.4782270320177159,0.4782270320177159,0.3620751467724121,1.4642857142857142,2.071428571428572,2.5,32.24529764273617,10.00401161573638,2.513331128805475,-2.416338874010568,2.230948535260857,-2.707807208919476,7.836563836647012,-0.1608446168429468,2.971847309732629,2.2592762983237704,953.8851353067348,21.43879310982592,14.8114553779692,16.444448539824652,12.752743308167698,7.578995896792942,9.855612118054724,6.221230582074894,8.399971119282888,3.730567932227123,5.414072402778615,2.1128455580549623,3.54351374163482,-2.78,690205.5939907836,21.519292322605008,7.325918985638601,4.204134383579708,162.59031069995737,20.994572059745856,11.735768823996422,10.843243482610037,5.601050810983688,11.814359458703011,16.27347016397548,14.141824241834009,14.083731696315263,8.417796984328938,11.336785877934735,5.15571272675054,20.771211599071872,5.380062770465915,6.041840829147961,37.29827438881211,50.26785898322327,0.0,14.605983116249774,5.15571272675054,38.455944068351485,5.733667477162185,11.073990765314376,0.0,0.0,11.050456081168516,5.131558479839333,0.0,11.336785877934735,68.54635098380861,29.525365011975733,0.0,26.46513959392033,10.535775497216456,0.0,0.0,0.0,201.58,51.4842470947288,22.801408536544404,0.0,15.130702465984026,0.0,11.336785877934735,26.151274369537788,0.0,0.0,15.456479851704078,20.23053332942989,31.44978820569469,0.9796905422586336,44.39737831563419,16.334751159546904,3.256457088644816,-3.375611656986792,-2.3123389733980013,0.0,3.692820624691566,-4.756268639419342,0.4615384615384615,28,5,13,0,1,1,0,1,1,10,4,15,7,0,1,1,2,-1.172499999999998,95.65050000000004,1,0,0,1,0,1,0,0,1,1,3,2,0,0,0,3,1,1,0,0,0,0,0,0,0,0,0,2,0,1,0,0,0,0,0,0,0,0,0,0,0,0,0,0,0,0,0,0,0,0,0,0,0,1,0,0,0,0,0,0,0,0,0,1,0,0,0,0,0,0,0,0,0,0,0,0,0,0,0,0,1,0,0,0,0,562.0,Escherichia coli,Bacteria
116302,,5304424,CHEMBL1694568,Antibacterial activity against Escherichia coli AS226 carrying pBSDD240S mutant after 18 hrs by broth microdilution method,F,BAO_0002146,BAO_0000218,organism-based format,C[C@H]1[C@H](NC(=O)/C(=N\OC(C)(C)C(=O)O)c2csc(N)n2)C(=O)N1S(=O)(=O)O,CHEMBL1687837,Antimicrob Agents Chemother,2011.0,CHEMBL158,AZTREONAM,CHEMBL158,0,http://www.openphacts.org/units/MicrogramPerMilliliter,1338506,=,1,1,=,MIC,ug.mL-1,64.0,CHEMBL354,Escherichia coli,Escherichia coli,562.0,,MIC,ug ml-1,UO_0000274,64.0,CHEMBL158,C[C@H]1[C@H](NC(=O)/C(=N\OC(C)(C)C(=O)O)c2csc(N)n2)C(=O)N1S(=O)(=O)O,12.562141912320484,12.562141912320484,0.0349535856009066,-4.756268639419342,0.174788224513646,20.5,435.44000000000017,418.30400000000014,435.051854504,154,0,0.3620751467724121,-0.4782270320177159,0.4782270320177159,0.3620751467724121,1.4642857142857142,2.071428571428572,2.5,32.24529764273617,10.00401161573638,2.513331128805475,-2.416338874010568,2.230948535260857,-2.707807208919476,7.836563836647012,-0.1608446168429468,2.971847309732629,2.2592762983237704,953.8851353067348,21.43879310982592,14.8114553779692,16.444448539824652,12.752743308167698,7.578995896792942,9.855612118054724,6.221230582074894,8.399971119282888,3.730567932227123,5.414072402778615,2.1128455580549623,3.54351374163482,-2.78,690205.5939907836,21.519292322605008,7.325918985638601,4.204134383579708,162.59031069995737,20.994572059745856,11.735768823996422,10.843243482610037,5.601050810983688,11.814359458703011,16.27347016397548,14.141824241834009,14.083731696315263,8.417796984328938,11.336785877934735,5.15571272675054,20.771211599071872,5.380062770465915,6.041840829147961,37.29827438881211,50.26785898322327,0.0,14.605983116249774,5.15571272675054,38.455944068351485,5.733667477162185,11.073990765314376,0.0,0.0,11.050456081168516,5.131558479839333,0.0,11.336785877934735,68.54635098380861,29.525365011975733,0.0,26.46513959392033,10.535775497216456,0.0,0.0,0.0,201.58,51.4842470947288,22.801408536544404,0.0,15.130702465984026,0.0,11.336785877934735,26.151274369537788,0.0,0.0,15.456479851704078,20.23053332942989,31.44978820569469,0.9796905422586336,44.39737831563419,16.334751159546904,3.256457088644816,-3.375611656986792,-2.3123389733980013,0.0,3.692820624691566,-4.756268639419342,0.4615384615384615,28,5,13,0,1,1,0,1,1,10,4,15,7,0,1,1,2,-1.172499999999998,95.65050000000004,1,0,0,1,0,1,0,0,1,1,3,2,0,0,0,3,1,1,0,0,0,0,0,0,0,0,0,2,0,1,0,0,0,0,0,0,0,0,0,0,0,0,0,0,0,0,0,0,0,0,0,0,0,1,0,0,0,0,0,0,0,0,0,1,0,0,0,0,0,0,0,0,0,0,0,0,0,0,0,0,1,0,0,0,0,562.0,Escherichia coli,Bacteria
116303,,5304425,CHEMBL1694569,Antibacterial activity against Escherichia coli AS226 carrying pBSDD240A mutant after 18 hrs by broth microdilution method,F,BAO_0002146,BAO_0000218,organism-based format,C[C@H]1[C@H](NC(=O)/C(=N\OC(C)(C)C(=O)O)c2csc(N)n2)C(=O)N1S(=O)(=O)O,CHEMBL1687837,Antimicrob Agents Chemother,2011.0,CHEMBL158,AZTREONAM,CHEMBL158,0,http://www.openphacts.org/units/MicrogramPerMilliliter,1338506,=,1,1,=,MIC,ug.mL-1,128.0,CHEMBL354,Escherichia coli,Escherichia coli,562.0,,MIC,ug ml-1,UO_0000274,128.0,CHEMBL158,C[C@H]1[C@H](NC(=O)/C(=N\OC(C)(C)C(=O)O)c2csc(N)n2)C(=O)N1S(=O)(=O)O,12.562141912320484,12.562141912320484,0.0349535856009066,-4.756268639419342,0.174788224513646,20.5,435.44000000000017,418.30400000000014,435.051854504,154,0,0.3620751467724121,-0.4782270320177159,0.4782270320177159,0.3620751467724121,1.4642857142857142,2.071428571428572,2.5,32.24529764273617,10.00401161573638,2.513331128805475,-2.416338874010568,2.230948535260857,-2.707807208919476,7.836563836647012,-0.1608446168429468,2.971847309732629,2.2592762983237704,953.8851353067348,21.43879310982592,14.8114553779692,16.444448539824652,12.752743308167698,7.578995896792942,9.855612118054724,6.221230582074894,8.399971119282888,3.730567932227123,5.414072402778615,2.1128455580549623,3.54351374163482,-2.78,690205.5939907836,21.519292322605008,7.325918985638601,4.204134383579708,162.59031069995737,20.994572059745856,11.735768823996422,10.843243482610037,5.601050810983688,11.814359458703011,16.27347016397548,14.141824241834009,14.083731696315263,8.417796984328938,11.336785877934735,5.15571272675054,20.771211599071872,5.380062770465915,6.041840829147961,37.29827438881211,50.26785898322327,0.0,14.605983116249774,5.15571272675054,38.455944068351485,5.733667477162185,11.073990765314376,0.0,0.0,11.050456081168516,5.131558479839333,0.0,11.336785877934735,68.54635098380861,29.525365011975733,0.0,26.46513959392033,10.535775497216456,0.0,0.0,0.0,201.58,51.4842470947288,22.801408536544404,0.0,15.130702465984026,0.0,11.336785877934735,26.151274369537788,0.0,0.0,15.456479851704078,20.23053332942989,31.44978820569469,0.9796905422586336,44.39737831563419,16.334751159546904,3.256457088644816,-3.375611656986792,-2.3123389733980013,0.0,3.692820624691566,-4.756268639419342,0.4615384615384615,28,5,13,0,1,1,0,1,1,10,4,15,7,0,1,1,2,-1.172499999999998,95.65050000000004,1,0,0,1,0,1,0,0,1,1,3,2,0,0,0,3,1,1,0,0,0,0,0,0,0,0,0,2,0,1,0,0,0,0,0,0,0,0,0,0,0,0,0,0,0,0,0,0,0,0,0,0,0,1,0,0,0,0,0,0,0,0,0,1,0,0,0,0,0,0,0,0,0,0,0,0,0,0,0,0,1,0,0,0,0,562.0,Escherichia coli,Bacteria
116303,,5304425,CHEMBL1694569,Antibacterial activity against Escherichia coli AS226 carrying pBSDD240A mutant after 18 hrs by broth microdilution method,F,BAO_0002146,BAO_0000218,organism-based format,C[C@H]1[C@H](NC(=O)/C(=N\OC(C)(C)C(=O)O)c2csc(N)n2)C(=O)N1S(=O)(=O)O,CHEMBL1687837,Antimicrob Agents Chemother,2011.0,CHEMBL158,AZTREONAM,CHEMBL158,0,http://www.openphacts.org/units/MicrogramPerMilliliter,1338506,=,1,1,=,MIC,ug.mL-1,128.0,CHEMBL354,Escherichia coli,Escherichia coli,562.0,,MIC,ug ml-1,UO_0000274,128.0,CHEMBL158,C[C@H]1[C@H](NC(=O)/C(=N\OC(C)(C)C(=O)O)c2csc(N)n2)C(=O)N1S(=O)(=O)O,12.562141912320484,12.562141912320484,0.0349535856009066,-4.756268639419342,0.174788224513646,20.5,435.44000000000017,418.30400000000014,435.051854504,154,0,0.3620751467724121,-0.4782270320177159,0.4782270320177159,0.3620751467724121,1.4642857142857142,2.071428571428572,2.5,32.24529764273617,10.00401161573638,2.513331128805475,-2.416338874010568,2.230948535260857,-2.707807208919476,7.836563836647012,-0.1608446168429468,2.971847309732629,2.2592762983237704,953.8851353067348,21.43879310982592,14.8114553779692,16.444448539824652,12.752743308167698,7.578995896792942,9.855612118054724,6.221230582074894,8.399971119282888,3.730567932227123,5.414072402778615,2.1128455580549623,3.54351374163482,-2.78,690205.5939907836,21.519292322605008,7.325918985638601,4.204134383579708,162.59031069995737,20.994572059745856,11.735768823996422,10.843243482610037,5.601050810983688,11.814359458703011,16.27347016397548,14.141824241834009,14.083731696315263,8.417796984328938,11.336785877934735,5.15571272675054,20.771211599071872,5.380062770465915,6.041840829147961,37.29827438881211,50.26785898322327,0.0,14.605983116249774,5.15571272675054,38.455944068351485,5.733667477162185,11.073990765314376,0.0,0.0,11.050456081168516,5.131558479839333,0.0,11.336785877934735,68.54635098380861,29.525365011975733,0.0,26.46513959392033,10.535775497216456,0.0,0.0,0.0,201.58,51.4842470947288,22.801408536544404,0.0,15.130702465984026,0.0,11.336785877934735,26.151274369537788,0.0,0.0,15.456479851704078,20.23053332942989,31.44978820569469,0.9796905422586336,44.39737831563419,16.334751159546904,3.256457088644816,-3.375611656986792,-2.3123389733980013,0.0,3.692820624691566,-4.756268639419342,0.4615384615384615,28,5,13,0,1,1,0,1,1,10,4,15,7,0,1,1,2,-1.172499999999998,95.65050000000004,1,0,0,1,0,1,0,0,1,1,3,2,0,0,0,3,1,1,0,0,0,0,0,0,0,0,0,2,0,1,0,0,0,0,0,0,0,0,0,0,0,0,0,0,0,0,0,0,0,0,0,0,0,1,0,0,0,0,0,0,0,0,0,1,0,0,0,0,0,0,0,0,0,0,0,0,0,0,0,0,1,0,0,0,0,562.0,Escherichia coli,Bacteria
116303,,5304425,CHEMBL1694569,Antibacterial activity against Escherichia coli AS226 carrying pBSDD240A mutant after 18 hrs by broth microdilution method,F,BAO_0002146,BAO_0000218,organism-based format,C[C@H]1[C@H](NC(=O)/C(=N\OC(C)(C)C(=O)O)c2csc(N)n2)C(=O)N1S(=O)(=O)O,CHEMBL1687837,Antimicrob Agents Chemother,2011.0,CHEMBL158,AZTREONAM,CHEMBL158,0,http://www.openphacts.org/units/MicrogramPerMilliliter,1338506,=,1,1,=,MIC,ug.mL-1,128.0,CHEMBL354,Escherichia coli,Escherichia coli,562.0,,MIC,ug ml-1,UO_0000274,128.0,CHEMBL158,C[C@H]1[C@H](NC(=O)/C(=N\OC(C)(C)C(=O)O)c2csc(N)n2)C(=O)N1S(=O)(=O)O,12.562141912320484,12.562141912320484,0.0349535856009066,-4.756268639419342,0.174788224513646,20.5,435.44000000000017,418.30400000000014,435.051854504,154,0,0.3620751467724121,-0.4782270320177159,0.4782270320177159,0.3620751467724121,1.4642857142857142,2.071428571428572,2.5,32.24529764273617,10.00401161573638,2.513331128805475,-2.416338874010568,2.230948535260857,-2.707807208919476,7.836563836647012,-0.1608446168429468,2.971847309732629,2.2592762983237704,953.8851353067348,21.43879310982592,14.8114553779692,16.444448539824652,12.752743308167698,7.578995896792942,9.855612118054724,6.221230582074894,8.399971119282888,3.730567932227123,5.414072402778615,2.1128455580549623,3.54351374163482,-2.78,690205.5939907836,21.519292322605008,7.325918985638601,4.204134383579708,162.59031069995737,20.994572059745856,11.735768823996422,10.843243482610037,5.601050810983688,11.814359458703011,16.27347016397548,14.141824241834009,14.083731696315263,8.417796984328938,11.336785877934735,5.15571272675054,20.771211599071872,5.380062770465915,6.041840829147961,37.29827438881211,50.26785898322327,0.0,14.605983116249774,5.15571272675054,38.455944068351485,5.733667477162185,11.073990765314376,0.0,0.0,11.050456081168516,5.131558479839333,0.0,11.336785877934735,68.54635098380861,29.525365011975733,0.0,26.46513959392033,10.535775497216456,0.0,0.0,0.0,201.58,51.4842470947288,22.801408536544404,0.0,15.130702465984026,0.0,11.336785877934735,26.151274369537788,0.0,0.0,15.456479851704078,20.23053332942989,31.44978820569469,0.9796905422586336,44.39737831563419,16.334751159546904,3.256457088644816,-3.375611656986792,-2.3123389733980013,0.0,3.692820624691566,-4.756268639419342,0.4615384615384615,28,5,13,0,1,1,0,1,1,10,4,15,7,0,1,1,2,-1.172499999999998,95.65050000000004,1,0,0,1,0,1,0,0,1,1,3,2,0,0,0,3,1,1,0,0,0,0,0,0,0,0,0,2,0,1,0,0,0,0,0,0,0,0,0,0,0,0,0,0,0,0,0,0,0,0,0,0,0,1,0,0,0,0,0,0,0,0,0,1,0,0,0,0,0,0,0,0,0,0,0,0,0,0,0,0,1,0,0,0,0,562.0,Escherichia coli,Bacteria
116303,,5304425,CHEMBL1694569,Antibacterial activity against Escherichia coli AS226 carrying pBSDD240A mutant after 18 hrs by broth microdilution method,F,BAO_0002146,BAO_0000218,organism-based format,C[C@H]1[C@H](NC(=O)/C(=N\OC(C)(C)C(=O)O)c2csc(N)n2)C(=O)N1S(=O)(=O)O,CHEMBL1687837,Antimicrob Agents Chemother,2011.0,CHEMBL158,AZTREONAM,CHEMBL158,0,http://www.openphacts.org/units/MicrogramPerMilliliter,1338506,=,1,1,=,MIC,ug.mL-1,128.0,CHEMBL354,Escherichia coli,Escherichia coli,562.0,,MIC,ug ml-1,UO_0000274,128.0,CHEMBL158,C[C@H]1[C@H](NC(=O)/C(=N\OC(C)(C)C(=O)O)c2csc(N)n2)C(=O)N1S(=O)(=O)O,12.562141912320484,12.562141912320484,0.0349535856009066,-4.756268639419342,0.174788224513646,20.5,435.44000000000017,418.30400000000014,435.051854504,154,0,0.3620751467724121,-0.4782270320177159,0.4782270320177159,0.3620751467724121,1.4642857142857142,2.071428571428572,2.5,32.24529764273617,10.00401161573638,2.513331128805475,-2.416338874010568,2.230948535260857,-2.707807208919476,7.836563836647012,-0.1608446168429468,2.971847309732629,2.2592762983237704,953.8851353067348,21.43879310982592,14.8114553779692,16.444448539824652,12.752743308167698,7.578995896792942,9.855612118054724,6.221230582074894,8.399971119282888,3.730567932227123,5.414072402778615,2.1128455580549623,3.54351374163482,-2.78,690205.5939907836,21.519292322605008,7.325918985638601,4.204134383579708,162.59031069995737,20.994572059745856,11.735768823996422,10.843243482610037,5.601050810983688,11.814359458703011,16.27347016397548,14.141824241834009,14.083731696315263,8.417796984328938,11.336785877934735,5.15571272675054,20.771211599071872,5.380062770465915,6.041840829147961,37.29827438881211,50.26785898322327,0.0,14.605983116249774,5.15571272675054,38.455944068351485,5.733667477162185,11.073990765314376,0.0,0.0,11.050456081168516,5.131558479839333,0.0,11.336785877934735,68.54635098380861,29.525365011975733,0.0,26.46513959392033,10.535775497216456,0.0,0.0,0.0,201.58,51.4842470947288,22.801408536544404,0.0,15.130702465984026,0.0,11.336785877934735,26.151274369537788,0.0,0.0,15.456479851704078,20.23053332942989,31.44978820569469,0.9796905422586336,44.39737831563419,16.334751159546904,3.256457088644816,-3.375611656986792,-2.3123389733980013,0.0,3.692820624691566,-4.756268639419342,0.4615384615384615,28,5,13,0,1,1,0,1,1,10,4,15,7,0,1,1,2,-1.172499999999998,95.65050000000004,1,0,0,1,0,1,0,0,1,1,3,2,0,0,0,3,1,1,0,0,0,0,0,0,0,0,0,2,0,1,0,0,0,0,0,0,0,0,0,0,0,0,0,0,0,0,0,0,0,0,0,0,0,1,0,0,0,0,0,0,0,0,0,1,0,0,0,0,0,0,0,0,0,0,0,0,0,0,0,0,1,0,0,0,0,562.0,Escherichia coli,Bacteria
116304,,5304426,CHEMBL1694570,Antibacterial activity against Escherichia coli AS226 carrying pBSDC69A mutant after 18 hrs by broth microdilution method,F,BAO_0002146,BAO_0000218,organism-based format,C[C@H]1[C@H](NC(=O)/C(=N\OC(C)(C)C(=O)O)c2csc(N)n2)C(=O)N1S(=O)(=O)O,CHEMBL1687837,Antimicrob Agents Chemother,2011.0,CHEMBL158,AZTREONAM,CHEMBL158,0,http://www.openphacts.org/units/MicrogramPerMilliliter,1338506,=,1,1,=,MIC,ug.mL-1,64.0,CHEMBL354,Escherichia coli,Escherichia coli,562.0,,MIC,ug ml-1,UO_0000274,64.0,CHEMBL158,C[C@H]1[C@H](NC(=O)/C(=N\OC(C)(C)C(=O)O)c2csc(N)n2)C(=O)N1S(=O)(=O)O,12.562141912320484,12.562141912320484,0.0349535856009066,-4.756268639419342,0.174788224513646,20.5,435.44000000000017,418.30400000000014,435.051854504,154,0,0.3620751467724121,-0.4782270320177159,0.4782270320177159,0.3620751467724121,1.4642857142857142,2.071428571428572,2.5,32.24529764273617,10.00401161573638,2.513331128805475,-2.416338874010568,2.230948535260857,-2.707807208919476,7.836563836647012,-0.1608446168429468,2.971847309732629,2.2592762983237704,953.8851353067348,21.43879310982592,14.8114553779692,16.444448539824652,12.752743308167698,7.578995896792942,9.855612118054724,6.221230582074894,8.399971119282888,3.730567932227123,5.414072402778615,2.1128455580549623,3.54351374163482,-2.78,690205.5939907836,21.519292322605008,7.325918985638601,4.204134383579708,162.59031069995737,20.994572059745856,11.735768823996422,10.843243482610037,5.601050810983688,11.814359458703011,16.27347016397548,14.141824241834009,14.083731696315263,8.417796984328938,11.336785877934735,5.15571272675054,20.771211599071872,5.380062770465915,6.041840829147961,37.29827438881211,50.26785898322327,0.0,14.605983116249774,5.15571272675054,38.455944068351485,5.733667477162185,11.073990765314376,0.0,0.0,11.050456081168516,5.131558479839333,0.0,11.336785877934735,68.54635098380861,29.525365011975733,0.0,26.46513959392033,10.535775497216456,0.0,0.0,0.0,201.58,51.4842470947288,22.801408536544404,0.0,15.130702465984026,0.0,11.336785877934735,26.151274369537788,0.0,0.0,15.456479851704078,20.23053332942989,31.44978820569469,0.9796905422586336,44.39737831563419,16.334751159546904,3.256457088644816,-3.375611656986792,-2.3123389733980013,0.0,3.692820624691566,-4.756268639419342,0.4615384615384615,28,5,13,0,1,1,0,1,1,10,4,15,7,0,1,1,2,-1.172499999999998,95.65050000000004,1,0,0,1,0,1,0,0,1,1,3,2,0,0,0,3,1,1,0,0,0,0,0,0,0,0,0,2,0,1,0,0,0,0,0,0,0,0,0,0,0,0,0,0,0,0,0,0,0,0,0,0,0,1,0,0,0,0,0,0,0,0,0,1,0,0,0,0,0,0,0,0,0,0,0,0,0,0,0,0,1,0,0,0,0,562.0,Escherichia coli,Bacteria
116304,,5304426,CHEMBL1694570,Antibacterial activity against Escherichia coli AS226 carrying pBSDC69A mutant after 18 hrs by broth microdilution method,F,BAO_0002146,BAO_0000218,organism-based format,C[C@H]1[C@H](NC(=O)/C(=N\OC(C)(C)C(=O)O)c2csc(N)n2)C(=O)N1S(=O)(=O)O,CHEMBL1687837,Antimicrob Agents Chemother,2011.0,CHEMBL158,AZTREONAM,CHEMBL158,0,http://www.openphacts.org/units/MicrogramPerMilliliter,1338506,=,1,1,=,MIC,ug.mL-1,64.0,CHEMBL354,Escherichia coli,Escherichia coli,562.0,,MIC,ug ml-1,UO_0000274,64.0,CHEMBL158,C[C@H]1[C@H](NC(=O)/C(=N\OC(C)(C)C(=O)O)c2csc(N)n2)C(=O)N1S(=O)(=O)O,12.562141912320484,12.562141912320484,0.0349535856009066,-4.756268639419342,0.174788224513646,20.5,435.44000000000017,418.30400000000014,435.051854504,154,0,0.3620751467724121,-0.4782270320177159,0.4782270320177159,0.3620751467724121,1.4642857142857142,2.071428571428572,2.5,32.24529764273617,10.00401161573638,2.513331128805475,-2.416338874010568,2.230948535260857,-2.707807208919476,7.836563836647012,-0.1608446168429468,2.971847309732629,2.2592762983237704,953.8851353067348,21.43879310982592,14.8114553779692,16.444448539824652,12.752743308167698,7.578995896792942,9.855612118054724,6.221230582074894,8.399971119282888,3.730567932227123,5.414072402778615,2.1128455580549623,3.54351374163482,-2.78,690205.5939907836,21.519292322605008,7.325918985638601,4.204134383579708,162.59031069995737,20.994572059745856,11.735768823996422,10.843243482610037,5.601050810983688,11.814359458703011,16.27347016397548,14.141824241834009,14.083731696315263,8.417796984328938,11.336785877934735,5.15571272675054,20.771211599071872,5.380062770465915,6.041840829147961,37.29827438881211,50.26785898322327,0.0,14.605983116249774,5.15571272675054,38.455944068351485,5.733667477162185,11.073990765314376,0.0,0.0,11.050456081168516,5.131558479839333,0.0,11.336785877934735,68.54635098380861,29.525365011975733,0.0,26.46513959392033,10.535775497216456,0.0,0.0,0.0,201.58,51.4842470947288,22.801408536544404,0.0,15.130702465984026,0.0,11.336785877934735,26.151274369537788,0.0,0.0,15.456479851704078,20.23053332942989,31.44978820569469,0.9796905422586336,44.39737831563419,16.334751159546904,3.256457088644816,-3.375611656986792,-2.3123389733980013,0.0,3.692820624691566,-4.756268639419342,0.4615384615384615,28,5,13,0,1,1,0,1,1,10,4,15,7,0,1,1,2,-1.172499999999998,95.65050000000004,1,0,0,1,0,1,0,0,1,1,3,2,0,0,0,3,1,1,0,0,0,0,0,0,0,0,0,2,0,1,0,0,0,0,0,0,0,0,0,0,0,0,0,0,0,0,0,0,0,0,0,0,0,1,0,0,0,0,0,0,0,0,0,1,0,0,0,0,0,0,0,0,0,0,0,0,0,0,0,0,1,0,0,0,0,562.0,Escherichia coli,Bacteria
116304,,5304426,CHEMBL1694570,Antibacterial activity against Escherichia coli AS226 carrying pBSDC69A mutant after 18 hrs by broth microdilution method,F,BAO_0002146,BAO_0000218,organism-based format,C[C@H]1[C@H](NC(=O)/C(=N\OC(C)(C)C(=O)O)c2csc(N)n2)C(=O)N1S(=O)(=O)O,CHEMBL1687837,Antimicrob Agents Chemother,2011.0,CHEMBL158,AZTREONAM,CHEMBL158,0,http://www.openphacts.org/units/MicrogramPerMilliliter,1338506,=,1,1,=,MIC,ug.mL-1,64.0,CHEMBL354,Escherichia coli,Escherichia coli,562.0,,MIC,ug ml-1,UO_0000274,64.0,CHEMBL158,C[C@H]1[C@H](NC(=O)/C(=N\OC(C)(C)C(=O)O)c2csc(N)n2)C(=O)N1S(=O)(=O)O,12.562141912320484,12.562141912320484,0.0349535856009066,-4.756268639419342,0.174788224513646,20.5,435.44000000000017,418.30400000000014,435.051854504,154,0,0.3620751467724121,-0.4782270320177159,0.4782270320177159,0.3620751467724121,1.4642857142857142,2.071428571428572,2.5,32.24529764273617,10.00401161573638,2.513331128805475,-2.416338874010568,2.230948535260857,-2.707807208919476,7.836563836647012,-0.1608446168429468,2.971847309732629,2.2592762983237704,953.8851353067348,21.43879310982592,14.8114553779692,16.444448539824652,12.752743308167698,7.578995896792942,9.855612118054724,6.221230582074894,8.399971119282888,3.730567932227123,5.414072402778615,2.1128455580549623,3.54351374163482,-2.78,690205.5939907836,21.519292322605008,7.325918985638601,4.204134383579708,162.59031069995737,20.994572059745856,11.735768823996422,10.843243482610037,5.601050810983688,11.814359458703011,16.27347016397548,14.141824241834009,14.083731696315263,8.417796984328938,11.336785877934735,5.15571272675054,20.771211599071872,5.380062770465915,6.041840829147961,37.29827438881211,50.26785898322327,0.0,14.605983116249774,5.15571272675054,38.455944068351485,5.733667477162185,11.073990765314376,0.0,0.0,11.050456081168516,5.131558479839333,0.0,11.336785877934735,68.54635098380861,29.525365011975733,0.0,26.46513959392033,10.535775497216456,0.0,0.0,0.0,201.58,51.4842470947288,22.801408536544404,0.0,15.130702465984026,0.0,11.336785877934735,26.151274369537788,0.0,0.0,15.456479851704078,20.23053332942989,31.44978820569469,0.9796905422586336,44.39737831563419,16.334751159546904,3.256457088644816,-3.375611656986792,-2.3123389733980013,0.0,3.692820624691566,-4.756268639419342,0.4615384615384615,28,5,13,0,1,1,0,1,1,10,4,15,7,0,1,1,2,-1.172499999999998,95.65050000000004,1,0,0,1,0,1,0,0,1,1,3,2,0,0,0,3,1,1,0,0,0,0,0,0,0,0,0,2,0,1,0,0,0,0,0,0,0,0,0,0,0,0,0,0,0,0,0,0,0,0,0,0,0,1,0,0,0,0,0,0,0,0,0,1,0,0,0,0,0,0,0,0,0,0,0,0,0,0,0,0,1,0,0,0,0,562.0,Escherichia coli,Bacteria
116304,,5304426,CHEMBL1694570,Antibacterial activity against Escherichia coli AS226 carrying pBSDC69A mutant after 18 hrs by broth microdilution method,F,BAO_0002146,BAO_0000218,organism-based format,C[C@H]1[C@H](NC(=O)/C(=N\OC(C)(C)C(=O)O)c2csc(N)n2)C(=O)N1S(=O)(=O)O,CHEMBL1687837,Antimicrob Agents Chemother,2011.0,CHEMBL158,AZTREONAM,CHEMBL158,0,http://www.openphacts.org/units/MicrogramPerMilliliter,1338506,=,1,1,=,MIC,ug.mL-1,64.0,CHEMBL354,Escherichia coli,Escherichia coli,562.0,,MIC,ug ml-1,UO_0000274,64.0,CHEMBL158,C[C@H]1[C@H](NC(=O)/C(=N\OC(C)(C)C(=O)O)c2csc(N)n2)C(=O)N1S(=O)(=O)O,12.562141912320484,12.562141912320484,0.0349535856009066,-4.756268639419342,0.174788224513646,20.5,435.44000000000017,418.30400000000014,435.051854504,154,0,0.3620751467724121,-0.4782270320177159,0.4782270320177159,0.3620751467724121,1.4642857142857142,2.071428571428572,2.5,32.24529764273617,10.00401161573638,2.513331128805475,-2.416338874010568,2.230948535260857,-2.707807208919476,7.836563836647012,-0.1608446168429468,2.971847309732629,2.2592762983237704,953.8851353067348,21.43879310982592,14.8114553779692,16.444448539824652,12.752743308167698,7.578995896792942,9.855612118054724,6.221230582074894,8.399971119282888,3.730567932227123,5.414072402778615,2.1128455580549623,3.54351374163482,-2.78,690205.5939907836,21.519292322605008,7.325918985638601,4.204134383579708,162.59031069995737,20.994572059745856,11.735768823996422,10.843243482610037,5.601050810983688,11.814359458703011,16.27347016397548,14.141824241834009,14.083731696315263,8.417796984328938,11.336785877934735,5.15571272675054,20.771211599071872,5.380062770465915,6.041840829147961,37.29827438881211,50.26785898322327,0.0,14.605983116249774,5.15571272675054,38.455944068351485,5.733667477162185,11.073990765314376,0.0,0.0,11.050456081168516,5.131558479839333,0.0,11.336785877934735,68.54635098380861,29.525365011975733,0.0,26.46513959392033,10.535775497216456,0.0,0.0,0.0,201.58,51.4842470947288,22.801408536544404,0.0,15.130702465984026,0.0,11.336785877934735,26.151274369537788,0.0,0.0,15.456479851704078,20.23053332942989,31.44978820569469,0.9796905422586336,44.39737831563419,16.334751159546904,3.256457088644816,-3.375611656986792,-2.3123389733980013,0.0,3.692820624691566,-4.756268639419342,0.4615384615384615,28,5,13,0,1,1,0,1,1,10,4,15,7,0,1,1,2,-1.172499999999998,95.65050000000004,1,0,0,1,0,1,0,0,1,1,3,2,0,0,0,3,1,1,0,0,0,0,0,0,0,0,0,2,0,1,0,0,0,0,0,0,0,0,0,0,0,0,0,0,0,0,0,0,0,0,0,0,0,1,0,0,0,0,0,0,0,0,0,1,0,0,0,0,0,0,0,0,0,0,0,0,0,0,0,0,1,0,0,0,0,562.0,Escherichia coli,Bacteria
116305,,5304427,CHEMBL1694571,Antibacterial activity against Escherichia coli AS226 carrying pBSDF160T mutant after 18 hrs by broth microdilution method,F,BAO_0002146,BAO_0000218,organism-based format,C[C@H]1[C@H](NC(=O)/C(=N\OC(C)(C)C(=O)O)c2csc(N)n2)C(=O)N1S(=O)(=O)O,CHEMBL1687837,Antimicrob Agents Chemother,2011.0,CHEMBL158,AZTREONAM,CHEMBL158,0,http://www.openphacts.org/units/MicrogramPerMilliliter,1338506,=,1,1,=,MIC,ug.mL-1,16.0,CHEMBL354,Escherichia coli,Escherichia coli,562.0,,MIC,ug ml-1,UO_0000274,16.0,CHEMBL158,C[C@H]1[C@H](NC(=O)/C(=N\OC(C)(C)C(=O)O)c2csc(N)n2)C(=O)N1S(=O)(=O)O,12.562141912320484,12.562141912320484,0.0349535856009066,-4.756268639419342,0.174788224513646,20.5,435.44000000000017,418.30400000000014,435.051854504,154,0,0.3620751467724121,-0.4782270320177159,0.4782270320177159,0.3620751467724121,1.4642857142857142,2.071428571428572,2.5,32.24529764273617,10.00401161573638,2.513331128805475,-2.416338874010568,2.230948535260857,-2.707807208919476,7.836563836647012,-0.1608446168429468,2.971847309732629,2.2592762983237704,953.8851353067348,21.43879310982592,14.8114553779692,16.444448539824652,12.752743308167698,7.578995896792942,9.855612118054724,6.221230582074894,8.399971119282888,3.730567932227123,5.414072402778615,2.1128455580549623,3.54351374163482,-2.78,690205.5939907836,21.519292322605008,7.325918985638601,4.204134383579708,162.59031069995737,20.994572059745856,11.735768823996422,10.843243482610037,5.601050810983688,11.814359458703011,16.27347016397548,14.141824241834009,14.083731696315263,8.417796984328938,11.336785877934735,5.15571272675054,20.771211599071872,5.380062770465915,6.041840829147961,37.29827438881211,50.26785898322327,0.0,14.605983116249774,5.15571272675054,38.455944068351485,5.733667477162185,11.073990765314376,0.0,0.0,11.050456081168516,5.131558479839333,0.0,11.336785877934735,68.54635098380861,29.525365011975733,0.0,26.46513959392033,10.535775497216456,0.0,0.0,0.0,201.58,51.4842470947288,22.801408536544404,0.0,15.130702465984026,0.0,11.336785877934735,26.151274369537788,0.0,0.0,15.456479851704078,20.23053332942989,31.44978820569469,0.9796905422586336,44.39737831563419,16.334751159546904,3.256457088644816,-3.375611656986792,-2.3123389733980013,0.0,3.692820624691566,-4.756268639419342,0.4615384615384615,28,5,13,0,1,1,0,1,1,10,4,15,7,0,1,1,2,-1.172499999999998,95.65050000000004,1,0,0,1,0,1,0,0,1,1,3,2,0,0,0,3,1,1,0,0,0,0,0,0,0,0,0,2,0,1,0,0,0,0,0,0,0,0,0,0,0,0,0,0,0,0,0,0,0,0,0,0,0,1,0,0,0,0,0,0,0,0,0,1,0,0,0,0,0,0,0,0,0,0,0,0,0,0,0,0,1,0,0,0,0,562.0,Escherichia coli,Bacteria
116305,,5304427,CHEMBL1694571,Antibacterial activity against Escherichia coli AS226 carrying pBSDF160T mutant after 18 hrs by broth microdilution method,F,BAO_0002146,BAO_0000218,organism-based format,C[C@H]1[C@H](NC(=O)/C(=N\OC(C)(C)C(=O)O)c2csc(N)n2)C(=O)N1S(=O)(=O)O,CHEMBL1687837,Antimicrob Agents Chemother,2011.0,CHEMBL158,AZTREONAM,CHEMBL158,0,http://www.openphacts.org/units/MicrogramPerMilliliter,1338506,=,1,1,=,MIC,ug.mL-1,16.0,CHEMBL354,Escherichia coli,Escherichia coli,562.0,,MIC,ug ml-1,UO_0000274,16.0,CHEMBL158,C[C@H]1[C@H](NC(=O)/C(=N\OC(C)(C)C(=O)O)c2csc(N)n2)C(=O)N1S(=O)(=O)O,12.562141912320484,12.562141912320484,0.0349535856009066,-4.756268639419342,0.174788224513646,20.5,435.44000000000017,418.30400000000014,435.051854504,154,0,0.3620751467724121,-0.4782270320177159,0.4782270320177159,0.3620751467724121,1.4642857142857142,2.071428571428572,2.5,32.24529764273617,10.00401161573638,2.513331128805475,-2.416338874010568,2.230948535260857,-2.707807208919476,7.836563836647012,-0.1608446168429468,2.971847309732629,2.2592762983237704,953.8851353067348,21.43879310982592,14.8114553779692,16.444448539824652,12.752743308167698,7.578995896792942,9.855612118054724,6.221230582074894,8.399971119282888,3.730567932227123,5.414072402778615,2.1128455580549623,3.54351374163482,-2.78,690205.5939907836,21.519292322605008,7.325918985638601,4.204134383579708,162.59031069995737,20.994572059745856,11.735768823996422,10.843243482610037,5.601050810983688,11.814359458703011,16.27347016397548,14.141824241834009,14.083731696315263,8.417796984328938,11.336785877934735,5.15571272675054,20.771211599071872,5.380062770465915,6.041840829147961,37.29827438881211,50.26785898322327,0.0,14.605983116249774,5.15571272675054,38.455944068351485,5.733667477162185,11.073990765314376,0.0,0.0,11.050456081168516,5.131558479839333,0.0,11.336785877934735,68.54635098380861,29.525365011975733,0.0,26.46513959392033,10.535775497216456,0.0,0.0,0.0,201.58,51.4842470947288,22.801408536544404,0.0,15.130702465984026,0.0,11.336785877934735,26.151274369537788,0.0,0.0,15.456479851704078,20.23053332942989,31.44978820569469,0.9796905422586336,44.39737831563419,16.334751159546904,3.256457088644816,-3.375611656986792,-2.3123389733980013,0.0,3.692820624691566,-4.756268639419342,0.4615384615384615,28,5,13,0,1,1,0,1,1,10,4,15,7,0,1,1,2,-1.172499999999998,95.65050000000004,1,0,0,1,0,1,0,0,1,1,3,2,0,0,0,3,1,1,0,0,0,0,0,0,0,0,0,2,0,1,0,0,0,0,0,0,0,0,0,0,0,0,0,0,0,0,0,0,0,0,0,0,0,1,0,0,0,0,0,0,0,0,0,1,0,0,0,0,0,0,0,0,0,0,0,0,0,0,0,0,1,0,0,0,0,562.0,Escherichia coli,Bacteria
116305,,5304427,CHEMBL1694571,Antibacterial activity against Escherichia coli AS226 carrying pBSDF160T mutant after 18 hrs by broth microdilution method,F,BAO_0002146,BAO_0000218,organism-based format,C[C@H]1[C@H](NC(=O)/C(=N\OC(C)(C)C(=O)O)c2csc(N)n2)C(=O)N1S(=O)(=O)O,CHEMBL1687837,Antimicrob Agents Chemother,2011.0,CHEMBL158,AZTREONAM,CHEMBL158,0,http://www.openphacts.org/units/MicrogramPerMilliliter,1338506,=,1,1,=,MIC,ug.mL-1,16.0,CHEMBL354,Escherichia coli,Escherichia coli,562.0,,MIC,ug ml-1,UO_0000274,16.0,CHEMBL158,C[C@H]1[C@H](NC(=O)/C(=N\OC(C)(C)C(=O)O)c2csc(N)n2)C(=O)N1S(=O)(=O)O,12.562141912320484,12.562141912320484,0.0349535856009066,-4.756268639419342,0.174788224513646,20.5,435.44000000000017,418.30400000000014,435.051854504,154,0,0.3620751467724121,-0.4782270320177159,0.4782270320177159,0.3620751467724121,1.4642857142857142,2.071428571428572,2.5,32.24529764273617,10.00401161573638,2.513331128805475,-2.416338874010568,2.230948535260857,-2.707807208919476,7.836563836647012,-0.1608446168429468,2.971847309732629,2.2592762983237704,953.8851353067348,21.43879310982592,14.8114553779692,16.444448539824652,12.752743308167698,7.578995896792942,9.855612118054724,6.221230582074894,8.399971119282888,3.730567932227123,5.414072402778615,2.1128455580549623,3.54351374163482,-2.78,690205.5939907836,21.519292322605008,7.325918985638601,4.204134383579708,162.59031069995737,20.994572059745856,11.735768823996422,10.843243482610037,5.601050810983688,11.814359458703011,16.27347016397548,14.141824241834009,14.083731696315263,8.417796984328938,11.336785877934735,5.15571272675054,20.771211599071872,5.380062770465915,6.041840829147961,37.29827438881211,50.26785898322327,0.0,14.605983116249774,5.15571272675054,38.455944068351485,5.733667477162185,11.073990765314376,0.0,0.0,11.050456081168516,5.131558479839333,0.0,11.336785877934735,68.54635098380861,29.525365011975733,0.0,26.46513959392033,10.535775497216456,0.0,0.0,0.0,201.58,51.4842470947288,22.801408536544404,0.0,15.130702465984026,0.0,11.336785877934735,26.151274369537788,0.0,0.0,15.456479851704078,20.23053332942989,31.44978820569469,0.9796905422586336,44.39737831563419,16.334751159546904,3.256457088644816,-3.375611656986792,-2.3123389733980013,0.0,3.692820624691566,-4.756268639419342,0.4615384615384615,28,5,13,0,1,1,0,1,1,10,4,15,7,0,1,1,2,-1.172499999999998,95.65050000000004,1,0,0,1,0,1,0,0,1,1,3,2,0,0,0,3,1,1,0,0,0,0,0,0,0,0,0,2,0,1,0,0,0,0,0,0,0,0,0,0,0,0,0,0,0,0,0,0,0,0,0,0,0,1,0,0,0,0,0,0,0,0,0,1,0,0,0,0,0,0,0,0,0,0,0,0,0,0,0,0,1,0,0,0,0,562.0,Escherichia coli,Bacteria
116305,,5304427,CHEMBL1694571,Antibacterial activity against Escherichia coli AS226 carrying pBSDF160T mutant after 18 hrs by broth microdilution method,F,BAO_0002146,BAO_0000218,organism-based format,C[C@H]1[C@H](NC(=O)/C(=N\OC(C)(C)C(=O)O)c2csc(N)n2)C(=O)N1S(=O)(=O)O,CHEMBL1687837,Antimicrob Agents Chemother,2011.0,CHEMBL158,AZTREONAM,CHEMBL158,0,http://www.openphacts.org/units/MicrogramPerMilliliter,1338506,=,1,1,=,MIC,ug.mL-1,16.0,CHEMBL354,Escherichia coli,Escherichia coli,562.0,,MIC,ug ml-1,UO_0000274,16.0,CHEMBL158,C[C@H]1[C@H](NC(=O)/C(=N\OC(C)(C)C(=O)O)c2csc(N)n2)C(=O)N1S(=O)(=O)O,12.562141912320484,12.562141912320484,0.0349535856009066,-4.756268639419342,0.174788224513646,20.5,435.44000000000017,418.30400000000014,435.051854504,154,0,0.3620751467724121,-0.4782270320177159,0.4782270320177159,0.3620751467724121,1.4642857142857142,2.071428571428572,2.5,32.24529764273617,10.00401161573638,2.513331128805475,-2.416338874010568,2.230948535260857,-2.707807208919476,7.836563836647012,-0.1608446168429468,2.971847309732629,2.2592762983237704,953.8851353067348,21.43879310982592,14.8114553779692,16.444448539824652,12.752743308167698,7.578995896792942,9.855612118054724,6.221230582074894,8.399971119282888,3.730567932227123,5.414072402778615,2.1128455580549623,3.54351374163482,-2.78,690205.5939907836,21.519292322605008,7.325918985638601,4.204134383579708,162.59031069995737,20.994572059745856,11.735768823996422,10.843243482610037,5.601050810983688,11.814359458703011,16.27347016397548,14.141824241834009,14.083731696315263,8.417796984328938,11.336785877934735,5.15571272675054,20.771211599071872,5.380062770465915,6.041840829147961,37.29827438881211,50.26785898322327,0.0,14.605983116249774,5.15571272675054,38.455944068351485,5.733667477162185,11.073990765314376,0.0,0.0,11.050456081168516,5.131558479839333,0.0,11.336785877934735,68.54635098380861,29.525365011975733,0.0,26.46513959392033,10.535775497216456,0.0,0.0,0.0,201.58,51.4842470947288,22.801408536544404,0.0,15.130702465984026,0.0,11.336785877934735,26.151274369537788,0.0,0.0,15.456479851704078,20.23053332942989,31.44978820569469,0.9796905422586336,44.39737831563419,16.334751159546904,3.256457088644816,-3.375611656986792,-2.3123389733980013,0.0,3.692820624691566,-4.756268639419342,0.4615384615384615,28,5,13,0,1,1,0,1,1,10,4,15,7,0,1,1,2,-1.172499999999998,95.65050000000004,1,0,0,1,0,1,0,0,1,1,3,2,0,0,0,3,1,1,0,0,0,0,0,0,0,0,0,2,0,1,0,0,0,0,0,0,0,0,0,0,0,0,0,0,0,0,0,0,0,0,0,0,0,1,0,0,0,0,0,0,0,0,0,1,0,0,0,0,0,0,0,0,0,0,0,0,0,0,0,0,1,0,0,0,0,562.0,Escherichia coli,Bacteria
116306,,5304428,CHEMBL1694572,Antibacterial activity against Escherichia coli AS226 carrying pBSD6 mutant after 18 hrs by broth microdilution method,F,BAO_0002146,BAO_0000218,organism-based format,C[C@H]1[C@H](NC(=O)/C(=N\OC(C)(C)C(=O)O)c2csc(N)n2)C(=O)N1S(=O)(=O)O,CHEMBL1687837,Antimicrob Agents Chemother,2011.0,CHEMBL158,AZTREONAM,CHEMBL158,0,http://www.openphacts.org/units/MicrogramPerMilliliter,1338506,=,1,1,=,MIC,ug.mL-1,2.0,CHEMBL354,Escherichia coli,Escherichia coli,562.0,,MIC,ug ml-1,UO_0000274,2.0,CHEMBL158,C[C@H]1[C@H](NC(=O)/C(=N\OC(C)(C)C(=O)O)c2csc(N)n2)C(=O)N1S(=O)(=O)O,12.562141912320484,12.562141912320484,0.0349535856009066,-4.756268639419342,0.174788224513646,20.5,435.44000000000017,418.30400000000014,435.051854504,154,0,0.3620751467724121,-0.4782270320177159,0.4782270320177159,0.3620751467724121,1.4642857142857142,2.071428571428572,2.5,32.24529764273617,10.00401161573638,2.513331128805475,-2.416338874010568,2.230948535260857,-2.707807208919476,7.836563836647012,-0.1608446168429468,2.971847309732629,2.2592762983237704,953.8851353067348,21.43879310982592,14.8114553779692,16.444448539824652,12.752743308167698,7.578995896792942,9.855612118054724,6.221230582074894,8.399971119282888,3.730567932227123,5.414072402778615,2.1128455580549623,3.54351374163482,-2.78,690205.5939907836,21.519292322605008,7.325918985638601,4.204134383579708,162.59031069995737,20.994572059745856,11.735768823996422,10.843243482610037,5.601050810983688,11.814359458703011,16.27347016397548,14.141824241834009,14.083731696315263,8.417796984328938,11.336785877934735,5.15571272675054,20.771211599071872,5.380062770465915,6.041840829147961,37.29827438881211,50.26785898322327,0.0,14.605983116249774,5.15571272675054,38.455944068351485,5.733667477162185,11.073990765314376,0.0,0.0,11.050456081168516,5.131558479839333,0.0,11.336785877934735,68.54635098380861,29.525365011975733,0.0,26.46513959392033,10.535775497216456,0.0,0.0,0.0,201.58,51.4842470947288,22.801408536544404,0.0,15.130702465984026,0.0,11.336785877934735,26.151274369537788,0.0,0.0,15.456479851704078,20.23053332942989,31.44978820569469,0.9796905422586336,44.39737831563419,16.334751159546904,3.256457088644816,-3.375611656986792,-2.3123389733980013,0.0,3.692820624691566,-4.756268639419342,0.4615384615384615,28,5,13,0,1,1,0,1,1,10,4,15,7,0,1,1,2,-1.172499999999998,95.65050000000004,1,0,0,1,0,1,0,0,1,1,3,2,0,0,0,3,1,1,0,0,0,0,0,0,0,0,0,2,0,1,0,0,0,0,0,0,0,0,0,0,0,0,0,0,0,0,0,0,0,0,0,0,0,1,0,0,0,0,0,0,0,0,0,1,0,0,0,0,0,0,0,0,0,0,0,0,0,0,0,0,1,0,0,0,0,562.0,Escherichia coli,Bacteria
116306,,5304428,CHEMBL1694572,Antibacterial activity against Escherichia coli AS226 carrying pBSD6 mutant after 18 hrs by broth microdilution method,F,BAO_0002146,BAO_0000218,organism-based format,C[C@H]1[C@H](NC(=O)/C(=N\OC(C)(C)C(=O)O)c2csc(N)n2)C(=O)N1S(=O)(=O)O,CHEMBL1687837,Antimicrob Agents Chemother,2011.0,CHEMBL158,AZTREONAM,CHEMBL158,0,http://www.openphacts.org/units/MicrogramPerMilliliter,1338506,=,1,1,=,MIC,ug.mL-1,2.0,CHEMBL354,Escherichia coli,Escherichia coli,562.0,,MIC,ug ml-1,UO_0000274,2.0,CHEMBL158,C[C@H]1[C@H](NC(=O)/C(=N\OC(C)(C)C(=O)O)c2csc(N)n2)C(=O)N1S(=O)(=O)O,12.562141912320484,12.562141912320484,0.0349535856009066,-4.756268639419342,0.174788224513646,20.5,435.44000000000017,418.30400000000014,435.051854504,154,0,0.3620751467724121,-0.4782270320177159,0.4782270320177159,0.3620751467724121,1.4642857142857142,2.071428571428572,2.5,32.24529764273617,10.00401161573638,2.513331128805475,-2.416338874010568,2.230948535260857,-2.707807208919476,7.836563836647012,-0.1608446168429468,2.971847309732629,2.2592762983237704,953.8851353067348,21.43879310982592,14.8114553779692,16.444448539824652,12.752743308167698,7.578995896792942,9.855612118054724,6.221230582074894,8.399971119282888,3.730567932227123,5.414072402778615,2.1128455580549623,3.54351374163482,-2.78,690205.5939907836,21.519292322605008,7.325918985638601,4.204134383579708,162.59031069995737,20.994572059745856,11.735768823996422,10.843243482610037,5.601050810983688,11.814359458703011,16.27347016397548,14.141824241834009,14.083731696315263,8.417796984328938,11.336785877934735,5.15571272675054,20.771211599071872,5.380062770465915,6.041840829147961,37.29827438881211,50.26785898322327,0.0,14.605983116249774,5.15571272675054,38.455944068351485,5.733667477162185,11.073990765314376,0.0,0.0,11.050456081168516,5.131558479839333,0.0,11.336785877934735,68.54635098380861,29.525365011975733,0.0,26.46513959392033,10.535775497216456,0.0,0.0,0.0,201.58,51.4842470947288,22.801408536544404,0.0,15.130702465984026,0.0,11.336785877934735,26.151274369537788,0.0,0.0,15.456479851704078,20.23053332942989,31.44978820569469,0.9796905422586336,44.39737831563419,16.334751159546904,3.256457088644816,-3.375611656986792,-2.3123389733980013,0.0,3.692820624691566,-4.756268639419342,0.4615384615384615,28,5,13,0,1,1,0,1,1,10,4,15,7,0,1,1,2,-1.172499999999998,95.65050000000004,1,0,0,1,0,1,0,0,1,1,3,2,0,0,0,3,1,1,0,0,0,0,0,0,0,0,0,2,0,1,0,0,0,0,0,0,0,0,0,0,0,0,0,0,0,0,0,0,0,0,0,0,0,1,0,0,0,0,0,0,0,0,0,1,0,0,0,0,0,0,0,0,0,0,0,0,0,0,0,0,1,0,0,0,0,562.0,Escherichia coli,Bacteria
116306,,5304428,CHEMBL1694572,Antibacterial activity against Escherichia coli AS226 carrying pBSD6 mutant after 18 hrs by broth microdilution method,F,BAO_0002146,BAO_0000218,organism-based format,C[C@H]1[C@H](NC(=O)/C(=N\OC(C)(C)C(=O)O)c2csc(N)n2)C(=O)N1S(=O)(=O)O,CHEMBL1687837,Antimicrob Agents Chemother,2011.0,CHEMBL158,AZTREONAM,CHEMBL158,0,http://www.openphacts.org/units/MicrogramPerMilliliter,1338506,=,1,1,=,MIC,ug.mL-1,2.0,CHEMBL354,Escherichia coli,Escherichia coli,562.0,,MIC,ug ml-1,UO_0000274,2.0,CHEMBL158,C[C@H]1[C@H](NC(=O)/C(=N\OC(C)(C)C(=O)O)c2csc(N)n2)C(=O)N1S(=O)(=O)O,12.562141912320484,12.562141912320484,0.0349535856009066,-4.756268639419342,0.174788224513646,20.5,435.44000000000017,418.30400000000014,435.051854504,154,0,0.3620751467724121,-0.4782270320177159,0.4782270320177159,0.3620751467724121,1.4642857142857142,2.071428571428572,2.5,32.24529764273617,10.00401161573638,2.513331128805475,-2.416338874010568,2.230948535260857,-2.707807208919476,7.836563836647012,-0.1608446168429468,2.971847309732629,2.2592762983237704,953.8851353067348,21.43879310982592,14.8114553779692,16.444448539824652,12.752743308167698,7.578995896792942,9.855612118054724,6.221230582074894,8.399971119282888,3.730567932227123,5.414072402778615,2.1128455580549623,3.54351374163482,-2.78,690205.5939907836,21.519292322605008,7.325918985638601,4.204134383579708,162.59031069995737,20.994572059745856,11.735768823996422,10.843243482610037,5.601050810983688,11.814359458703011,16.27347016397548,14.141824241834009,14.083731696315263,8.417796984328938,11.336785877934735,5.15571272675054,20.771211599071872,5.380062770465915,6.041840829147961,37.29827438881211,50.26785898322327,0.0,14.605983116249774,5.15571272675054,38.455944068351485,5.733667477162185,11.073990765314376,0.0,0.0,11.050456081168516,5.131558479839333,0.0,11.336785877934735,68.54635098380861,29.525365011975733,0.0,26.46513959392033,10.535775497216456,0.0,0.0,0.0,201.58,51.4842470947288,22.801408536544404,0.0,15.130702465984026,0.0,11.336785877934735,26.151274369537788,0.0,0.0,15.456479851704078,20.23053332942989,31.44978820569469,0.9796905422586336,44.39737831563419,16.334751159546904,3.256457088644816,-3.375611656986792,-2.3123389733980013,0.0,3.692820624691566,-4.756268639419342,0.4615384615384615,28,5,13,0,1,1,0,1,1,10,4,15,7,0,1,1,2,-1.172499999999998,95.65050000000004,1,0,0,1,0,1,0,0,1,1,3,2,0,0,0,3,1,1,0,0,0,0,0,0,0,0,0,2,0,1,0,0,0,0,0,0,0,0,0,0,0,0,0,0,0,0,0,0,0,0,0,0,0,1,0,0,0,0,0,0,0,0,0,1,0,0,0,0,0,0,0,0,0,0,0,0,0,0,0,0,1,0,0,0,0,562.0,Escherichia coli,Bacteria
116306,,5304428,CHEMBL1694572,Antibacterial activity against Escherichia coli AS226 carrying pBSD6 mutant after 18 hrs by broth microdilution method,F,BAO_0002146,BAO_0000218,organism-based format,C[C@H]1[C@H](NC(=O)/C(=N\OC(C)(C)C(=O)O)c2csc(N)n2)C(=O)N1S(=O)(=O)O,CHEMBL1687837,Antimicrob Agents Chemother,2011.0,CHEMBL158,AZTREONAM,CHEMBL158,0,http://www.openphacts.org/units/MicrogramPerMilliliter,1338506,=,1,1,=,MIC,ug.mL-1,2.0,CHEMBL354,Escherichia coli,Escherichia coli,562.0,,MIC,ug ml-1,UO_0000274,2.0,CHEMBL158,C[C@H]1[C@H](NC(=O)/C(=N\OC(C)(C)C(=O)O)c2csc(N)n2)C(=O)N1S(=O)(=O)O,12.562141912320484,12.562141912320484,0.0349535856009066,-4.756268639419342,0.174788224513646,20.5,435.44000000000017,418.30400000000014,435.051854504,154,0,0.3620751467724121,-0.4782270320177159,0.4782270320177159,0.3620751467724121,1.4642857142857142,2.071428571428572,2.5,32.24529764273617,10.00401161573638,2.513331128805475,-2.416338874010568,2.230948535260857,-2.707807208919476,7.836563836647012,-0.1608446168429468,2.971847309732629,2.2592762983237704,953.8851353067348,21.43879310982592,14.8114553779692,16.444448539824652,12.752743308167698,7.578995896792942,9.855612118054724,6.221230582074894,8.399971119282888,3.730567932227123,5.414072402778615,2.1128455580549623,3.54351374163482,-2.78,690205.5939907836,21.519292322605008,7.325918985638601,4.204134383579708,162.59031069995737,20.994572059745856,11.735768823996422,10.843243482610037,5.601050810983688,11.814359458703011,16.27347016397548,14.141824241834009,14.083731696315263,8.417796984328938,11.336785877934735,5.15571272675054,20.771211599071872,5.380062770465915,6.041840829147961,37.29827438881211,50.26785898322327,0.0,14.605983116249774,5.15571272675054,38.455944068351485,5.733667477162185,11.073990765314376,0.0,0.0,11.050456081168516,5.131558479839333,0.0,11.336785877934735,68.54635098380861,29.525365011975733,0.0,26.46513959392033,10.535775497216456,0.0,0.0,0.0,201.58,51.4842470947288,22.801408536544404,0.0,15.130702465984026,0.0,11.336785877934735,26.151274369537788,0.0,0.0,15.456479851704078,20.23053332942989,31.44978820569469,0.9796905422586336,44.39737831563419,16.334751159546904,3.256457088644816,-3.375611656986792,-2.3123389733980013,0.0,3.692820624691566,-4.756268639419342,0.4615384615384615,28,5,13,0,1,1,0,1,1,10,4,15,7,0,1,1,2,-1.172499999999998,95.65050000000004,1,0,0,1,0,1,0,0,1,1,3,2,0,0,0,3,1,1,0,0,0,0,0,0,0,0,0,2,0,1,0,0,0,0,0,0,0,0,0,0,0,0,0,0,0,0,0,0,0,0,0,0,0,1,0,0,0,0,0,0,0,0,0,1,0,0,0,0,0,0,0,0,0,0,0,0,0,0,0,0,1,0,0,0,0,562.0,Escherichia coli,Bacteria
116307,,5304429,CHEMBL1694573,Antibacterial activity against Escherichia coli AS226 after 18 hrs by broth microdilution method,F,BAO_0002146,BAO_0000218,organism-based format,C[C@H]1[C@H](NC(=O)/C(=N\OC(C)(C)C(=O)O)c2csc(N)n2)C(=O)N1S(=O)(=O)O,CHEMBL1687837,Antimicrob Agents Chemother,2011.0,CHEMBL158,AZTREONAM,CHEMBL158,0,http://www.openphacts.org/units/MicrogramPerMilliliter,1338506,<,1,1,<,MIC,ug.mL-1,0.125,CHEMBL354,Escherichia coli,Escherichia coli,562.0,,MIC,ug ml-1,UO_0000274,0.125,CHEMBL158,C[C@H]1[C@H](NC(=O)/C(=N\OC(C)(C)C(=O)O)c2csc(N)n2)C(=O)N1S(=O)(=O)O,12.562141912320484,12.562141912320484,0.0349535856009066,-4.756268639419342,0.174788224513646,20.5,435.44000000000017,418.30400000000014,435.051854504,154,0,0.3620751467724121,-0.4782270320177159,0.4782270320177159,0.3620751467724121,1.4642857142857142,2.071428571428572,2.5,32.24529764273617,10.00401161573638,2.513331128805475,-2.416338874010568,2.230948535260857,-2.707807208919476,7.836563836647012,-0.1608446168429468,2.971847309732629,2.2592762983237704,953.8851353067348,21.43879310982592,14.8114553779692,16.444448539824652,12.752743308167698,7.578995896792942,9.855612118054724,6.221230582074894,8.399971119282888,3.730567932227123,5.414072402778615,2.1128455580549623,3.54351374163482,-2.78,690205.5939907836,21.519292322605008,7.325918985638601,4.204134383579708,162.59031069995737,20.994572059745856,11.735768823996422,10.843243482610037,5.601050810983688,11.814359458703011,16.27347016397548,14.141824241834009,14.083731696315263,8.417796984328938,11.336785877934735,5.15571272675054,20.771211599071872,5.380062770465915,6.041840829147961,37.29827438881211,50.26785898322327,0.0,14.605983116249774,5.15571272675054,38.455944068351485,5.733667477162185,11.073990765314376,0.0,0.0,11.050456081168516,5.131558479839333,0.0,11.336785877934735,68.54635098380861,29.525365011975733,0.0,26.46513959392033,10.535775497216456,0.0,0.0,0.0,201.58,51.4842470947288,22.801408536544404,0.0,15.130702465984026,0.0,11.336785877934735,26.151274369537788,0.0,0.0,15.456479851704078,20.23053332942989,31.44978820569469,0.9796905422586336,44.39737831563419,16.334751159546904,3.256457088644816,-3.375611656986792,-2.3123389733980013,0.0,3.692820624691566,-4.756268639419342,0.4615384615384615,28,5,13,0,1,1,0,1,1,10,4,15,7,0,1,1,2,-1.172499999999998,95.65050000000004,1,0,0,1,0,1,0,0,1,1,3,2,0,0,0,3,1,1,0,0,0,0,0,0,0,0,0,2,0,1,0,0,0,0,0,0,0,0,0,0,0,0,0,0,0,0,0,0,0,0,0,0,0,1,0,0,0,0,0,0,0,0,0,1,0,0,0,0,0,0,0,0,0,0,0,0,0,0,0,0,1,0,0,0,0,562.0,Escherichia coli,Bacteria
116307,,5304429,CHEMBL1694573,Antibacterial activity against Escherichia coli AS226 after 18 hrs by broth microdilution method,F,BAO_0002146,BAO_0000218,organism-based format,C[C@H]1[C@H](NC(=O)/C(=N\OC(C)(C)C(=O)O)c2csc(N)n2)C(=O)N1S(=O)(=O)O,CHEMBL1687837,Antimicrob Agents Chemother,2011.0,CHEMBL158,AZTREONAM,CHEMBL158,0,http://www.openphacts.org/units/MicrogramPerMilliliter,1338506,<,1,1,<,MIC,ug.mL-1,0.125,CHEMBL354,Escherichia coli,Escherichia coli,562.0,,MIC,ug ml-1,UO_0000274,0.125,CHEMBL158,C[C@H]1[C@H](NC(=O)/C(=N\OC(C)(C)C(=O)O)c2csc(N)n2)C(=O)N1S(=O)(=O)O,12.562141912320484,12.562141912320484,0.0349535856009066,-4.756268639419342,0.174788224513646,20.5,435.44000000000017,418.30400000000014,435.051854504,154,0,0.3620751467724121,-0.4782270320177159,0.4782270320177159,0.3620751467724121,1.4642857142857142,2.071428571428572,2.5,32.24529764273617,10.00401161573638,2.513331128805475,-2.416338874010568,2.230948535260857,-2.707807208919476,7.836563836647012,-0.1608446168429468,2.971847309732629,2.2592762983237704,953.8851353067348,21.43879310982592,14.8114553779692,16.444448539824652,12.752743308167698,7.578995896792942,9.855612118054724,6.221230582074894,8.399971119282888,3.730567932227123,5.414072402778615,2.1128455580549623,3.54351374163482,-2.78,690205.5939907836,21.519292322605008,7.325918985638601,4.204134383579708,162.59031069995737,20.994572059745856,11.735768823996422,10.843243482610037,5.601050810983688,11.814359458703011,16.27347016397548,14.141824241834009,14.083731696315263,8.417796984328938,11.336785877934735,5.15571272675054,20.771211599071872,5.380062770465915,6.041840829147961,37.29827438881211,50.26785898322327,0.0,14.605983116249774,5.15571272675054,38.455944068351485,5.733667477162185,11.073990765314376,0.0,0.0,11.050456081168516,5.131558479839333,0.0,11.336785877934735,68.54635098380861,29.525365011975733,0.0,26.46513959392033,10.535775497216456,0.0,0.0,0.0,201.58,51.4842470947288,22.801408536544404,0.0,15.130702465984026,0.0,11.336785877934735,26.151274369537788,0.0,0.0,15.456479851704078,20.23053332942989,31.44978820569469,0.9796905422586336,44.39737831563419,16.334751159546904,3.256457088644816,-3.375611656986792,-2.3123389733980013,0.0,3.692820624691566,-4.756268639419342,0.4615384615384615,28,5,13,0,1,1,0,1,1,10,4,15,7,0,1,1,2,-1.172499999999998,95.65050000000004,1,0,0,1,0,1,0,0,1,1,3,2,0,0,0,3,1,1,0,0,0,0,0,0,0,0,0,2,0,1,0,0,0,0,0,0,0,0,0,0,0,0,0,0,0,0,0,0,0,0,0,0,0,1,0,0,0,0,0,0,0,0,0,1,0,0,0,0,0,0,0,0,0,0,0,0,0,0,0,0,1,0,0,0,0,562.0,Escherichia coli,Bacteria
116307,,5304429,CHEMBL1694573,Antibacterial activity against Escherichia coli AS226 after 18 hrs by broth microdilution method,F,BAO_0002146,BAO_0000218,organism-based format,C[C@H]1[C@H](NC(=O)/C(=N\OC(C)(C)C(=O)O)c2csc(N)n2)C(=O)N1S(=O)(=O)O,CHEMBL1687837,Antimicrob Agents Chemother,2011.0,CHEMBL158,AZTREONAM,CHEMBL158,0,http://www.openphacts.org/units/MicrogramPerMilliliter,1338506,<,1,1,<,MIC,ug.mL-1,0.125,CHEMBL354,Escherichia coli,Escherichia coli,562.0,,MIC,ug ml-1,UO_0000274,0.125,CHEMBL158,C[C@H]1[C@H](NC(=O)/C(=N\OC(C)(C)C(=O)O)c2csc(N)n2)C(=O)N1S(=O)(=O)O,12.562141912320484,12.562141912320484,0.0349535856009066,-4.756268639419342,0.174788224513646,20.5,435.44000000000017,418.30400000000014,435.051854504,154,0,0.3620751467724121,-0.4782270320177159,0.4782270320177159,0.3620751467724121,1.4642857142857142,2.071428571428572,2.5,32.24529764273617,10.00401161573638,2.513331128805475,-2.416338874010568,2.230948535260857,-2.707807208919476,7.836563836647012,-0.1608446168429468,2.971847309732629,2.2592762983237704,953.8851353067348,21.43879310982592,14.8114553779692,16.444448539824652,12.752743308167698,7.578995896792942,9.855612118054724,6.221230582074894,8.399971119282888,3.730567932227123,5.414072402778615,2.1128455580549623,3.54351374163482,-2.78,690205.5939907836,21.519292322605008,7.325918985638601,4.204134383579708,162.59031069995737,20.994572059745856,11.735768823996422,10.843243482610037,5.601050810983688,11.814359458703011,16.27347016397548,14.141824241834009,14.083731696315263,8.417796984328938,11.336785877934735,5.15571272675054,20.771211599071872,5.380062770465915,6.041840829147961,37.29827438881211,50.26785898322327,0.0,14.605983116249774,5.15571272675054,38.455944068351485,5.733667477162185,11.073990765314376,0.0,0.0,11.050456081168516,5.131558479839333,0.0,11.336785877934735,68.54635098380861,29.525365011975733,0.0,26.46513959392033,10.535775497216456,0.0,0.0,0.0,201.58,51.4842470947288,22.801408536544404,0.0,15.130702465984026,0.0,11.336785877934735,26.151274369537788,0.0,0.0,15.456479851704078,20.23053332942989,31.44978820569469,0.9796905422586336,44.39737831563419,16.334751159546904,3.256457088644816,-3.375611656986792,-2.3123389733980013,0.0,3.692820624691566,-4.756268639419342,0.4615384615384615,28,5,13,0,1,1,0,1,1,10,4,15,7,0,1,1,2,-1.172499999999998,95.65050000000004,1,0,0,1,0,1,0,0,1,1,3,2,0,0,0,3,1,1,0,0,0,0,0,0,0,0,0,2,0,1,0,0,0,0,0,0,0,0,0,0,0,0,0,0,0,0,0,0,0,0,0,0,0,1,0,0,0,0,0,0,0,0,0,1,0,0,0,0,0,0,0,0,0,0,0,0,0,0,0,0,1,0,0,0,0,562.0,Escherichia coli,Bacteria
116307,,5304429,CHEMBL1694573,Antibacterial activity against Escherichia coli AS226 after 18 hrs by broth microdilution method,F,BAO_0002146,BAO_0000218,organism-based format,C[C@H]1[C@H](NC(=O)/C(=N\OC(C)(C)C(=O)O)c2csc(N)n2)C(=O)N1S(=O)(=O)O,CHEMBL1687837,Antimicrob Agents Chemother,2011.0,CHEMBL158,AZTREONAM,CHEMBL158,0,http://www.openphacts.org/units/MicrogramPerMilliliter,1338506,<,1,1,<,MIC,ug.mL-1,0.125,CHEMBL354,Escherichia coli,Escherichia coli,562.0,,MIC,ug ml-1,UO_0000274,0.125,CHEMBL158,C[C@H]1[C@H](NC(=O)/C(=N\OC(C)(C)C(=O)O)c2csc(N)n2)C(=O)N1S(=O)(=O)O,12.562141912320484,12.562141912320484,0.0349535856009066,-4.756268639419342,0.174788224513646,20.5,435.44000000000017,418.30400000000014,435.051854504,154,0,0.3620751467724121,-0.4782270320177159,0.4782270320177159,0.3620751467724121,1.4642857142857142,2.071428571428572,2.5,32.24529764273617,10.00401161573638,2.513331128805475,-2.416338874010568,2.230948535260857,-2.707807208919476,7.836563836647012,-0.1608446168429468,2.971847309732629,2.2592762983237704,953.8851353067348,21.43879310982592,14.8114553779692,16.444448539824652,12.752743308167698,7.578995896792942,9.855612118054724,6.221230582074894,8.399971119282888,3.730567932227123,5.414072402778615,2.1128455580549623,3.54351374163482,-2.78,690205.5939907836,21.519292322605008,7.325918985638601,4.204134383579708,162.59031069995737,20.994572059745856,11.735768823996422,10.843243482610037,5.601050810983688,11.814359458703011,16.27347016397548,14.141824241834009,14.083731696315263,8.417796984328938,11.336785877934735,5.15571272675054,20.771211599071872,5.380062770465915,6.041840829147961,37.29827438881211,50.26785898322327,0.0,14.605983116249774,5.15571272675054,38.455944068351485,5.733667477162185,11.073990765314376,0.0,0.0,11.050456081168516,5.131558479839333,0.0,11.336785877934735,68.54635098380861,29.525365011975733,0.0,26.46513959392033,10.535775497216456,0.0,0.0,0.0,201.58,51.4842470947288,22.801408536544404,0.0,15.130702465984026,0.0,11.336785877934735,26.151274369537788,0.0,0.0,15.456479851704078,20.23053332942989,31.44978820569469,0.9796905422586336,44.39737831563419,16.334751159546904,3.256457088644816,-3.375611656986792,-2.3123389733980013,0.0,3.692820624691566,-4.756268639419342,0.4615384615384615,28,5,13,0,1,1,0,1,1,10,4,15,7,0,1,1,2,-1.172499999999998,95.65050000000004,1,0,0,1,0,1,0,0,1,1,3,2,0,0,0,3,1,1,0,0,0,0,0,0,0,0,0,2,0,1,0,0,0,0,0,0,0,0,0,0,0,0,0,0,0,0,0,0,0,0,0,0,0,1,0,0,0,0,0,0,0,0,0,1,0,0,0,0,0,0,0,0,0,0,0,0,0,0,0,0,1,0,0,0,0,562.0,Escherichia coli,Bacteria
116308,,5308370,CHEMBL1690626,"Antimicrobial activity against Escherichia coli DH5[alpha] transformed with pAC-ges1 plasmid encoding Beta-lactamase GES-2 E104, N170 mutant by Etest method",F,BAO_0002146,BAO_0000218,organism-based format,C[C@H]1[C@H](NC(=O)/C(=N\OC(C)(C)C(=O)O)c2csc(N)n2)C(=O)N1S(=O)(=O)O,CHEMBL1687781,Antimicrob Agents Chemother,2010.0,CHEMBL158,AZTREONAM,CHEMBL158,0,http://www.openphacts.org/units/MicrogramPerMilliliter,1337882,=,1,1,=,MIC,ug.mL-1,0.032,CHEMBL354,Escherichia coli,Escherichia coli,562.0,,MIC,ug ml-1,UO_0000274,0.032,CHEMBL158,C[C@H]1[C@H](NC(=O)/C(=N\OC(C)(C)C(=O)O)c2csc(N)n2)C(=O)N1S(=O)(=O)O,12.562141912320484,12.562141912320484,0.0349535856009066,-4.756268639419342,0.174788224513646,20.5,435.44000000000017,418.30400000000014,435.051854504,154,0,0.3620751467724121,-0.4782270320177159,0.4782270320177159,0.3620751467724121,1.4642857142857142,2.071428571428572,2.5,32.24529764273617,10.00401161573638,2.513331128805475,-2.416338874010568,2.230948535260857,-2.707807208919476,7.836563836647012,-0.1608446168429468,2.971847309732629,2.2592762983237704,953.8851353067348,21.43879310982592,14.8114553779692,16.444448539824652,12.752743308167698,7.578995896792942,9.855612118054724,6.221230582074894,8.399971119282888,3.730567932227123,5.414072402778615,2.1128455580549623,3.54351374163482,-2.78,690205.5939907836,21.519292322605008,7.325918985638601,4.204134383579708,162.59031069995737,20.994572059745856,11.735768823996422,10.843243482610037,5.601050810983688,11.814359458703011,16.27347016397548,14.141824241834009,14.083731696315263,8.417796984328938,11.336785877934735,5.15571272675054,20.771211599071872,5.380062770465915,6.041840829147961,37.29827438881211,50.26785898322327,0.0,14.605983116249774,5.15571272675054,38.455944068351485,5.733667477162185,11.073990765314376,0.0,0.0,11.050456081168516,5.131558479839333,0.0,11.336785877934735,68.54635098380861,29.525365011975733,0.0,26.46513959392033,10.535775497216456,0.0,0.0,0.0,201.58,51.4842470947288,22.801408536544404,0.0,15.130702465984026,0.0,11.336785877934735,26.151274369537788,0.0,0.0,15.456479851704078,20.23053332942989,31.44978820569469,0.9796905422586336,44.39737831563419,16.334751159546904,3.256457088644816,-3.375611656986792,-2.3123389733980013,0.0,3.692820624691566,-4.756268639419342,0.4615384615384615,28,5,13,0,1,1,0,1,1,10,4,15,7,0,1,1,2,-1.172499999999998,95.65050000000004,1,0,0,1,0,1,0,0,1,1,3,2,0,0,0,3,1,1,0,0,0,0,0,0,0,0,0,2,0,1,0,0,0,0,0,0,0,0,0,0,0,0,0,0,0,0,0,0,0,0,0,0,0,1,0,0,0,0,0,0,0,0,0,1,0,0,0,0,0,0,0,0,0,0,0,0,0,0,0,0,1,0,0,0,0,562.0,Escherichia coli,Bacteria
116308,,5308370,CHEMBL1690626,"Antimicrobial activity against Escherichia coli DH5[alpha] transformed with pAC-ges1 plasmid encoding Beta-lactamase GES-2 E104, N170 mutant by Etest method",F,BAO_0002146,BAO_0000218,organism-based format,C[C@H]1[C@H](NC(=O)/C(=N\OC(C)(C)C(=O)O)c2csc(N)n2)C(=O)N1S(=O)(=O)O,CHEMBL1687781,Antimicrob Agents Chemother,2010.0,CHEMBL158,AZTREONAM,CHEMBL158,0,http://www.openphacts.org/units/MicrogramPerMilliliter,1337882,=,1,1,=,MIC,ug.mL-1,0.032,CHEMBL354,Escherichia coli,Escherichia coli,562.0,,MIC,ug ml-1,UO_0000274,0.032,CHEMBL158,C[C@H]1[C@H](NC(=O)/C(=N\OC(C)(C)C(=O)O)c2csc(N)n2)C(=O)N1S(=O)(=O)O,12.562141912320484,12.562141912320484,0.0349535856009066,-4.756268639419342,0.174788224513646,20.5,435.44000000000017,418.30400000000014,435.051854504,154,0,0.3620751467724121,-0.4782270320177159,0.4782270320177159,0.3620751467724121,1.4642857142857142,2.071428571428572,2.5,32.24529764273617,10.00401161573638,2.513331128805475,-2.416338874010568,2.230948535260857,-2.707807208919476,7.836563836647012,-0.1608446168429468,2.971847309732629,2.2592762983237704,953.8851353067348,21.43879310982592,14.8114553779692,16.444448539824652,12.752743308167698,7.578995896792942,9.855612118054724,6.221230582074894,8.399971119282888,3.730567932227123,5.414072402778615,2.1128455580549623,3.54351374163482,-2.78,690205.5939907836,21.519292322605008,7.325918985638601,4.204134383579708,162.59031069995737,20.994572059745856,11.735768823996422,10.843243482610037,5.601050810983688,11.814359458703011,16.27347016397548,14.141824241834009,14.083731696315263,8.417796984328938,11.336785877934735,5.15571272675054,20.771211599071872,5.380062770465915,6.041840829147961,37.29827438881211,50.26785898322327,0.0,14.605983116249774,5.15571272675054,38.455944068351485,5.733667477162185,11.073990765314376,0.0,0.0,11.050456081168516,5.131558479839333,0.0,11.336785877934735,68.54635098380861,29.525365011975733,0.0,26.46513959392033,10.535775497216456,0.0,0.0,0.0,201.58,51.4842470947288,22.801408536544404,0.0,15.130702465984026,0.0,11.336785877934735,26.151274369537788,0.0,0.0,15.456479851704078,20.23053332942989,31.44978820569469,0.9796905422586336,44.39737831563419,16.334751159546904,3.256457088644816,-3.375611656986792,-2.3123389733980013,0.0,3.692820624691566,-4.756268639419342,0.4615384615384615,28,5,13,0,1,1,0,1,1,10,4,15,7,0,1,1,2,-1.172499999999998,95.65050000000004,1,0,0,1,0,1,0,0,1,1,3,2,0,0,0,3,1,1,0,0,0,0,0,0,0,0,0,2,0,1,0,0,0,0,0,0,0,0,0,0,0,0,0,0,0,0,0,0,0,0,0,0,0,1,0,0,0,0,0,0,0,0,0,1,0,0,0,0,0,0,0,0,0,0,0,0,0,0,0,0,1,0,0,0,0,562.0,Escherichia coli,Bacteria
116308,,5308370,CHEMBL1690626,"Antimicrobial activity against Escherichia coli DH5[alpha] transformed with pAC-ges1 plasmid encoding Beta-lactamase GES-2 E104, N170 mutant by Etest method",F,BAO_0002146,BAO_0000218,organism-based format,C[C@H]1[C@H](NC(=O)/C(=N\OC(C)(C)C(=O)O)c2csc(N)n2)C(=O)N1S(=O)(=O)O,CHEMBL1687781,Antimicrob Agents Chemother,2010.0,CHEMBL158,AZTREONAM,CHEMBL158,0,http://www.openphacts.org/units/MicrogramPerMilliliter,1337882,=,1,1,=,MIC,ug.mL-1,0.032,CHEMBL354,Escherichia coli,Escherichia coli,562.0,,MIC,ug ml-1,UO_0000274,0.032,CHEMBL158,C[C@H]1[C@H](NC(=O)/C(=N\OC(C)(C)C(=O)O)c2csc(N)n2)C(=O)N1S(=O)(=O)O,12.562141912320484,12.562141912320484,0.0349535856009066,-4.756268639419342,0.174788224513646,20.5,435.44000000000017,418.30400000000014,435.051854504,154,0,0.3620751467724121,-0.4782270320177159,0.4782270320177159,0.3620751467724121,1.4642857142857142,2.071428571428572,2.5,32.24529764273617,10.00401161573638,2.513331128805475,-2.416338874010568,2.230948535260857,-2.707807208919476,7.836563836647012,-0.1608446168429468,2.971847309732629,2.2592762983237704,953.8851353067348,21.43879310982592,14.8114553779692,16.444448539824652,12.752743308167698,7.578995896792942,9.855612118054724,6.221230582074894,8.399971119282888,3.730567932227123,5.414072402778615,2.1128455580549623,3.54351374163482,-2.78,690205.5939907836,21.519292322605008,7.325918985638601,4.204134383579708,162.59031069995737,20.994572059745856,11.735768823996422,10.843243482610037,5.601050810983688,11.814359458703011,16.27347016397548,14.141824241834009,14.083731696315263,8.417796984328938,11.336785877934735,5.15571272675054,20.771211599071872,5.380062770465915,6.041840829147961,37.29827438881211,50.26785898322327,0.0,14.605983116249774,5.15571272675054,38.455944068351485,5.733667477162185,11.073990765314376,0.0,0.0,11.050456081168516,5.131558479839333,0.0,11.336785877934735,68.54635098380861,29.525365011975733,0.0,26.46513959392033,10.535775497216456,0.0,0.0,0.0,201.58,51.4842470947288,22.801408536544404,0.0,15.130702465984026,0.0,11.336785877934735,26.151274369537788,0.0,0.0,15.456479851704078,20.23053332942989,31.44978820569469,0.9796905422586336,44.39737831563419,16.334751159546904,3.256457088644816,-3.375611656986792,-2.3123389733980013,0.0,3.692820624691566,-4.756268639419342,0.4615384615384615,28,5,13,0,1,1,0,1,1,10,4,15,7,0,1,1,2,-1.172499999999998,95.65050000000004,1,0,0,1,0,1,0,0,1,1,3,2,0,0,0,3,1,1,0,0,0,0,0,0,0,0,0,2,0,1,0,0,0,0,0,0,0,0,0,0,0,0,0,0,0,0,0,0,0,0,0,0,0,1,0,0,0,0,0,0,0,0,0,1,0,0,0,0,0,0,0,0,0,0,0,0,0,0,0,0,1,0,0,0,0,562.0,Escherichia coli,Bacteria
116308,,5308370,CHEMBL1690626,"Antimicrobial activity against Escherichia coli DH5[alpha] transformed with pAC-ges1 plasmid encoding Beta-lactamase GES-2 E104, N170 mutant by Etest method",F,BAO_0002146,BAO_0000218,organism-based format,C[C@H]1[C@H](NC(=O)/C(=N\OC(C)(C)C(=O)O)c2csc(N)n2)C(=O)N1S(=O)(=O)O,CHEMBL1687781,Antimicrob Agents Chemother,2010.0,CHEMBL158,AZTREONAM,CHEMBL158,0,http://www.openphacts.org/units/MicrogramPerMilliliter,1337882,=,1,1,=,MIC,ug.mL-1,0.032,CHEMBL354,Escherichia coli,Escherichia coli,562.0,,MIC,ug ml-1,UO_0000274,0.032,CHEMBL158,C[C@H]1[C@H](NC(=O)/C(=N\OC(C)(C)C(=O)O)c2csc(N)n2)C(=O)N1S(=O)(=O)O,12.562141912320484,12.562141912320484,0.0349535856009066,-4.756268639419342,0.174788224513646,20.5,435.44000000000017,418.30400000000014,435.051854504,154,0,0.3620751467724121,-0.4782270320177159,0.4782270320177159,0.3620751467724121,1.4642857142857142,2.071428571428572,2.5,32.24529764273617,10.00401161573638,2.513331128805475,-2.416338874010568,2.230948535260857,-2.707807208919476,7.836563836647012,-0.1608446168429468,2.971847309732629,2.2592762983237704,953.8851353067348,21.43879310982592,14.8114553779692,16.444448539824652,12.752743308167698,7.578995896792942,9.855612118054724,6.221230582074894,8.399971119282888,3.730567932227123,5.414072402778615,2.1128455580549623,3.54351374163482,-2.78,690205.5939907836,21.519292322605008,7.325918985638601,4.204134383579708,162.59031069995737,20.994572059745856,11.735768823996422,10.843243482610037,5.601050810983688,11.814359458703011,16.27347016397548,14.141824241834009,14.083731696315263,8.417796984328938,11.336785877934735,5.15571272675054,20.771211599071872,5.380062770465915,6.041840829147961,37.29827438881211,50.26785898322327,0.0,14.605983116249774,5.15571272675054,38.455944068351485,5.733667477162185,11.073990765314376,0.0,0.0,11.050456081168516,5.131558479839333,0.0,11.336785877934735,68.54635098380861,29.525365011975733,0.0,26.46513959392033,10.535775497216456,0.0,0.0,0.0,201.58,51.4842470947288,22.801408536544404,0.0,15.130702465984026,0.0,11.336785877934735,26.151274369537788,0.0,0.0,15.456479851704078,20.23053332942989,31.44978820569469,0.9796905422586336,44.39737831563419,16.334751159546904,3.256457088644816,-3.375611656986792,-2.3123389733980013,0.0,3.692820624691566,-4.756268639419342,0.4615384615384615,28,5,13,0,1,1,0,1,1,10,4,15,7,0,1,1,2,-1.172499999999998,95.65050000000004,1,0,0,1,0,1,0,0,1,1,3,2,0,0,0,3,1,1,0,0,0,0,0,0,0,0,0,2,0,1,0,0,0,0,0,0,0,0,0,0,0,0,0,0,0,0,0,0,0,0,0,0,0,1,0,0,0,0,0,0,0,0,0,1,0,0,0,0,0,0,0,0,0,0,0,0,0,0,0,0,1,0,0,0,0,562.0,Escherichia coli,Bacteria
116309,,5308372,CHEMBL1690629,Antimicrobial activity against Escherichia coli DH5[alpha] by Etest method,F,BAO_0002146,BAO_0000218,organism-based format,C[C@H]1[C@H](NC(=O)/C(=N\OC(C)(C)C(=O)O)c2csc(N)n2)C(=O)N1S(=O)(=O)O,CHEMBL1687781,Antimicrob Agents Chemother,2010.0,CHEMBL158,AZTREONAM,CHEMBL158,0,http://www.openphacts.org/units/MicrogramPerMilliliter,1337882,=,1,1,=,MIC,ug.mL-1,0.032,CHEMBL354,Escherichia coli,Escherichia coli,562.0,,MIC,ug ml-1,UO_0000274,0.032,CHEMBL158,C[C@H]1[C@H](NC(=O)/C(=N\OC(C)(C)C(=O)O)c2csc(N)n2)C(=O)N1S(=O)(=O)O,12.562141912320484,12.562141912320484,0.0349535856009066,-4.756268639419342,0.174788224513646,20.5,435.44000000000017,418.30400000000014,435.051854504,154,0,0.3620751467724121,-0.4782270320177159,0.4782270320177159,0.3620751467724121,1.4642857142857142,2.071428571428572,2.5,32.24529764273617,10.00401161573638,2.513331128805475,-2.416338874010568,2.230948535260857,-2.707807208919476,7.836563836647012,-0.1608446168429468,2.971847309732629,2.2592762983237704,953.8851353067348,21.43879310982592,14.8114553779692,16.444448539824652,12.752743308167698,7.578995896792942,9.855612118054724,6.221230582074894,8.399971119282888,3.730567932227123,5.414072402778615,2.1128455580549623,3.54351374163482,-2.78,690205.5939907836,21.519292322605008,7.325918985638601,4.204134383579708,162.59031069995737,20.994572059745856,11.735768823996422,10.843243482610037,5.601050810983688,11.814359458703011,16.27347016397548,14.141824241834009,14.083731696315263,8.417796984328938,11.336785877934735,5.15571272675054,20.771211599071872,5.380062770465915,6.041840829147961,37.29827438881211,50.26785898322327,0.0,14.605983116249774,5.15571272675054,38.455944068351485,5.733667477162185,11.073990765314376,0.0,0.0,11.050456081168516,5.131558479839333,0.0,11.336785877934735,68.54635098380861,29.525365011975733,0.0,26.46513959392033,10.535775497216456,0.0,0.0,0.0,201.58,51.4842470947288,22.801408536544404,0.0,15.130702465984026,0.0,11.336785877934735,26.151274369537788,0.0,0.0,15.456479851704078,20.23053332942989,31.44978820569469,0.9796905422586336,44.39737831563419,16.334751159546904,3.256457088644816,-3.375611656986792,-2.3123389733980013,0.0,3.692820624691566,-4.756268639419342,0.4615384615384615,28,5,13,0,1,1,0,1,1,10,4,15,7,0,1,1,2,-1.172499999999998,95.65050000000004,1,0,0,1,0,1,0,0,1,1,3,2,0,0,0,3,1,1,0,0,0,0,0,0,0,0,0,2,0,1,0,0,0,0,0,0,0,0,0,0,0,0,0,0,0,0,0,0,0,0,0,0,0,1,0,0,0,0,0,0,0,0,0,1,0,0,0,0,0,0,0,0,0,0,0,0,0,0,0,0,1,0,0,0,0,562.0,Escherichia coli,Bacteria
116309,,5308372,CHEMBL1690629,Antimicrobial activity against Escherichia coli DH5[alpha] by Etest method,F,BAO_0002146,BAO_0000218,organism-based format,C[C@H]1[C@H](NC(=O)/C(=N\OC(C)(C)C(=O)O)c2csc(N)n2)C(=O)N1S(=O)(=O)O,CHEMBL1687781,Antimicrob Agents Chemother,2010.0,CHEMBL158,AZTREONAM,CHEMBL158,0,http://www.openphacts.org/units/MicrogramPerMilliliter,1337882,=,1,1,=,MIC,ug.mL-1,0.032,CHEMBL354,Escherichia coli,Escherichia coli,562.0,,MIC,ug ml-1,UO_0000274,0.032,CHEMBL158,C[C@H]1[C@H](NC(=O)/C(=N\OC(C)(C)C(=O)O)c2csc(N)n2)C(=O)N1S(=O)(=O)O,12.562141912320484,12.562141912320484,0.0349535856009066,-4.756268639419342,0.174788224513646,20.5,435.44000000000017,418.30400000000014,435.051854504,154,0,0.3620751467724121,-0.4782270320177159,0.4782270320177159,0.3620751467724121,1.4642857142857142,2.071428571428572,2.5,32.24529764273617,10.00401161573638,2.513331128805475,-2.416338874010568,2.230948535260857,-2.707807208919476,7.836563836647012,-0.1608446168429468,2.971847309732629,2.2592762983237704,953.8851353067348,21.43879310982592,14.8114553779692,16.444448539824652,12.752743308167698,7.578995896792942,9.855612118054724,6.221230582074894,8.399971119282888,3.730567932227123,5.414072402778615,2.1128455580549623,3.54351374163482,-2.78,690205.5939907836,21.519292322605008,7.325918985638601,4.204134383579708,162.59031069995737,20.994572059745856,11.735768823996422,10.843243482610037,5.601050810983688,11.814359458703011,16.27347016397548,14.141824241834009,14.083731696315263,8.417796984328938,11.336785877934735,5.15571272675054,20.771211599071872,5.380062770465915,6.041840829147961,37.29827438881211,50.26785898322327,0.0,14.605983116249774,5.15571272675054,38.455944068351485,5.733667477162185,11.073990765314376,0.0,0.0,11.050456081168516,5.131558479839333,0.0,11.336785877934735,68.54635098380861,29.525365011975733,0.0,26.46513959392033,10.535775497216456,0.0,0.0,0.0,201.58,51.4842470947288,22.801408536544404,0.0,15.130702465984026,0.0,11.336785877934735,26.151274369537788,0.0,0.0,15.456479851704078,20.23053332942989,31.44978820569469,0.9796905422586336,44.39737831563419,16.334751159546904,3.256457088644816,-3.375611656986792,-2.3123389733980013,0.0,3.692820624691566,-4.756268639419342,0.4615384615384615,28,5,13,0,1,1,0,1,1,10,4,15,7,0,1,1,2,-1.172499999999998,95.65050000000004,1,0,0,1,0,1,0,0,1,1,3,2,0,0,0,3,1,1,0,0,0,0,0,0,0,0,0,2,0,1,0,0,0,0,0,0,0,0,0,0,0,0,0,0,0,0,0,0,0,0,0,0,0,1,0,0,0,0,0,0,0,0,0,1,0,0,0,0,0,0,0,0,0,0,0,0,0,0,0,0,1,0,0,0,0,562.0,Escherichia coli,Bacteria
116309,,5308372,CHEMBL1690629,Antimicrobial activity against Escherichia coli DH5[alpha] by Etest method,F,BAO_0002146,BAO_0000218,organism-based format,C[C@H]1[C@H](NC(=O)/C(=N\OC(C)(C)C(=O)O)c2csc(N)n2)C(=O)N1S(=O)(=O)O,CHEMBL1687781,Antimicrob Agents Chemother,2010.0,CHEMBL158,AZTREONAM,CHEMBL158,0,http://www.openphacts.org/units/MicrogramPerMilliliter,1337882,=,1,1,=,MIC,ug.mL-1,0.032,CHEMBL354,Escherichia coli,Escherichia coli,562.0,,MIC,ug ml-1,UO_0000274,0.032,CHEMBL158,C[C@H]1[C@H](NC(=O)/C(=N\OC(C)(C)C(=O)O)c2csc(N)n2)C(=O)N1S(=O)(=O)O,12.562141912320484,12.562141912320484,0.0349535856009066,-4.756268639419342,0.174788224513646,20.5,435.44000000000017,418.30400000000014,435.051854504,154,0,0.3620751467724121,-0.4782270320177159,0.4782270320177159,0.3620751467724121,1.4642857142857142,2.071428571428572,2.5,32.24529764273617,10.00401161573638,2.513331128805475,-2.416338874010568,2.230948535260857,-2.707807208919476,7.836563836647012,-0.1608446168429468,2.971847309732629,2.2592762983237704,953.8851353067348,21.43879310982592,14.8114553779692,16.444448539824652,12.752743308167698,7.578995896792942,9.855612118054724,6.221230582074894,8.399971119282888,3.730567932227123,5.414072402778615,2.1128455580549623,3.54351374163482,-2.78,690205.5939907836,21.519292322605008,7.325918985638601,4.204134383579708,162.59031069995737,20.994572059745856,11.735768823996422,10.843243482610037,5.601050810983688,11.814359458703011,16.27347016397548,14.141824241834009,14.083731696315263,8.417796984328938,11.336785877934735,5.15571272675054,20.771211599071872,5.380062770465915,6.041840829147961,37.29827438881211,50.26785898322327,0.0,14.605983116249774,5.15571272675054,38.455944068351485,5.733667477162185,11.073990765314376,0.0,0.0,11.050456081168516,5.131558479839333,0.0,11.336785877934735,68.54635098380861,29.525365011975733,0.0,26.46513959392033,10.535775497216456,0.0,0.0,0.0,201.58,51.4842470947288,22.801408536544404,0.0,15.130702465984026,0.0,11.336785877934735,26.151274369537788,0.0,0.0,15.456479851704078,20.23053332942989,31.44978820569469,0.9796905422586336,44.39737831563419,16.334751159546904,3.256457088644816,-3.375611656986792,-2.3123389733980013,0.0,3.692820624691566,-4.756268639419342,0.4615384615384615,28,5,13,0,1,1,0,1,1,10,4,15,7,0,1,1,2,-1.172499999999998,95.65050000000004,1,0,0,1,0,1,0,0,1,1,3,2,0,0,0,3,1,1,0,0,0,0,0,0,0,0,0,2,0,1,0,0,0,0,0,0,0,0,0,0,0,0,0,0,0,0,0,0,0,0,0,0,0,1,0,0,0,0,0,0,0,0,0,1,0,0,0,0,0,0,0,0,0,0,0,0,0,0,0,0,1,0,0,0,0,562.0,Escherichia coli,Bacteria
116309,,5308372,CHEMBL1690629,Antimicrobial activity against Escherichia coli DH5[alpha] by Etest method,F,BAO_0002146,BAO_0000218,organism-based format,C[C@H]1[C@H](NC(=O)/C(=N\OC(C)(C)C(=O)O)c2csc(N)n2)C(=O)N1S(=O)(=O)O,CHEMBL1687781,Antimicrob Agents Chemother,2010.0,CHEMBL158,AZTREONAM,CHEMBL158,0,http://www.openphacts.org/units/MicrogramPerMilliliter,1337882,=,1,1,=,MIC,ug.mL-1,0.032,CHEMBL354,Escherichia coli,Escherichia coli,562.0,,MIC,ug ml-1,UO_0000274,0.032,CHEMBL158,C[C@H]1[C@H](NC(=O)/C(=N\OC(C)(C)C(=O)O)c2csc(N)n2)C(=O)N1S(=O)(=O)O,12.562141912320484,12.562141912320484,0.0349535856009066,-4.756268639419342,0.174788224513646,20.5,435.44000000000017,418.30400000000014,435.051854504,154,0,0.3620751467724121,-0.4782270320177159,0.4782270320177159,0.3620751467724121,1.4642857142857142,2.071428571428572,2.5,32.24529764273617,10.00401161573638,2.513331128805475,-2.416338874010568,2.230948535260857,-2.707807208919476,7.836563836647012,-0.1608446168429468,2.971847309732629,2.2592762983237704,953.8851353067348,21.43879310982592,14.8114553779692,16.444448539824652,12.752743308167698,7.578995896792942,9.855612118054724,6.221230582074894,8.399971119282888,3.730567932227123,5.414072402778615,2.1128455580549623,3.54351374163482,-2.78,690205.5939907836,21.519292322605008,7.325918985638601,4.204134383579708,162.59031069995737,20.994572059745856,11.735768823996422,10.843243482610037,5.601050810983688,11.814359458703011,16.27347016397548,14.141824241834009,14.083731696315263,8.417796984328938,11.336785877934735,5.15571272675054,20.771211599071872,5.380062770465915,6.041840829147961,37.29827438881211,50.26785898322327,0.0,14.605983116249774,5.15571272675054,38.455944068351485,5.733667477162185,11.073990765314376,0.0,0.0,11.050456081168516,5.131558479839333,0.0,11.336785877934735,68.54635098380861,29.525365011975733,0.0,26.46513959392033,10.535775497216456,0.0,0.0,0.0,201.58,51.4842470947288,22.801408536544404,0.0,15.130702465984026,0.0,11.336785877934735,26.151274369537788,0.0,0.0,15.456479851704078,20.23053332942989,31.44978820569469,0.9796905422586336,44.39737831563419,16.334751159546904,3.256457088644816,-3.375611656986792,-2.3123389733980013,0.0,3.692820624691566,-4.756268639419342,0.4615384615384615,28,5,13,0,1,1,0,1,1,10,4,15,7,0,1,1,2,-1.172499999999998,95.65050000000004,1,0,0,1,0,1,0,0,1,1,3,2,0,0,0,3,1,1,0,0,0,0,0,0,0,0,0,2,0,1,0,0,0,0,0,0,0,0,0,0,0,0,0,0,0,0,0,0,0,0,0,0,0,1,0,0,0,0,0,0,0,0,0,1,0,0,0,0,0,0,0,0,0,0,0,0,0,0,0,0,1,0,0,0,0,562.0,Escherichia coli,Bacteria
116310,,5308374,CHEMBL1690630,"Antimicrobial activity against Escherichia coli DH5[alpha] transformed with pAC-ges1 plasmid encoding Beta-lactamase GES-5 E104, S170 mutant by Etest method",F,BAO_0002146,BAO_0000218,organism-based format,C[C@H]1[C@H](NC(=O)/C(=N\OC(C)(C)C(=O)O)c2csc(N)n2)C(=O)N1S(=O)(=O)O,CHEMBL1687781,Antimicrob Agents Chemother,2010.0,CHEMBL158,AZTREONAM,CHEMBL158,0,http://www.openphacts.org/units/MicrogramPerMilliliter,1337882,=,1,1,=,MIC,ug.mL-1,0.032,CHEMBL354,Escherichia coli,Escherichia coli,562.0,,MIC,ug ml-1,UO_0000274,0.032,CHEMBL158,C[C@H]1[C@H](NC(=O)/C(=N\OC(C)(C)C(=O)O)c2csc(N)n2)C(=O)N1S(=O)(=O)O,12.562141912320484,12.562141912320484,0.0349535856009066,-4.756268639419342,0.174788224513646,20.5,435.44000000000017,418.30400000000014,435.051854504,154,0,0.3620751467724121,-0.4782270320177159,0.4782270320177159,0.3620751467724121,1.4642857142857142,2.071428571428572,2.5,32.24529764273617,10.00401161573638,2.513331128805475,-2.416338874010568,2.230948535260857,-2.707807208919476,7.836563836647012,-0.1608446168429468,2.971847309732629,2.2592762983237704,953.8851353067348,21.43879310982592,14.8114553779692,16.444448539824652,12.752743308167698,7.578995896792942,9.855612118054724,6.221230582074894,8.399971119282888,3.730567932227123,5.414072402778615,2.1128455580549623,3.54351374163482,-2.78,690205.5939907836,21.519292322605008,7.325918985638601,4.204134383579708,162.59031069995737,20.994572059745856,11.735768823996422,10.843243482610037,5.601050810983688,11.814359458703011,16.27347016397548,14.141824241834009,14.083731696315263,8.417796984328938,11.336785877934735,5.15571272675054,20.771211599071872,5.380062770465915,6.041840829147961,37.29827438881211,50.26785898322327,0.0,14.605983116249774,5.15571272675054,38.455944068351485,5.733667477162185,11.073990765314376,0.0,0.0,11.050456081168516,5.131558479839333,0.0,11.336785877934735,68.54635098380861,29.525365011975733,0.0,26.46513959392033,10.535775497216456,0.0,0.0,0.0,201.58,51.4842470947288,22.801408536544404,0.0,15.130702465984026,0.0,11.336785877934735,26.151274369537788,0.0,0.0,15.456479851704078,20.23053332942989,31.44978820569469,0.9796905422586336,44.39737831563419,16.334751159546904,3.256457088644816,-3.375611656986792,-2.3123389733980013,0.0,3.692820624691566,-4.756268639419342,0.4615384615384615,28,5,13,0,1,1,0,1,1,10,4,15,7,0,1,1,2,-1.172499999999998,95.65050000000004,1,0,0,1,0,1,0,0,1,1,3,2,0,0,0,3,1,1,0,0,0,0,0,0,0,0,0,2,0,1,0,0,0,0,0,0,0,0,0,0,0,0,0,0,0,0,0,0,0,0,0,0,0,1,0,0,0,0,0,0,0,0,0,1,0,0,0,0,0,0,0,0,0,0,0,0,0,0,0,0,1,0,0,0,0,562.0,Escherichia coli,Bacteria
116310,,5308374,CHEMBL1690630,"Antimicrobial activity against Escherichia coli DH5[alpha] transformed with pAC-ges1 plasmid encoding Beta-lactamase GES-5 E104, S170 mutant by Etest method",F,BAO_0002146,BAO_0000218,organism-based format,C[C@H]1[C@H](NC(=O)/C(=N\OC(C)(C)C(=O)O)c2csc(N)n2)C(=O)N1S(=O)(=O)O,CHEMBL1687781,Antimicrob Agents Chemother,2010.0,CHEMBL158,AZTREONAM,CHEMBL158,0,http://www.openphacts.org/units/MicrogramPerMilliliter,1337882,=,1,1,=,MIC,ug.mL-1,0.032,CHEMBL354,Escherichia coli,Escherichia coli,562.0,,MIC,ug ml-1,UO_0000274,0.032,CHEMBL158,C[C@H]1[C@H](NC(=O)/C(=N\OC(C)(C)C(=O)O)c2csc(N)n2)C(=O)N1S(=O)(=O)O,12.562141912320484,12.562141912320484,0.0349535856009066,-4.756268639419342,0.174788224513646,20.5,435.44000000000017,418.30400000000014,435.051854504,154,0,0.3620751467724121,-0.4782270320177159,0.4782270320177159,0.3620751467724121,1.4642857142857142,2.071428571428572,2.5,32.24529764273617,10.00401161573638,2.513331128805475,-2.416338874010568,2.230948535260857,-2.707807208919476,7.836563836647012,-0.1608446168429468,2.971847309732629,2.2592762983237704,953.8851353067348,21.43879310982592,14.8114553779692,16.444448539824652,12.752743308167698,7.578995896792942,9.855612118054724,6.221230582074894,8.399971119282888,3.730567932227123,5.414072402778615,2.1128455580549623,3.54351374163482,-2.78,690205.5939907836,21.519292322605008,7.325918985638601,4.204134383579708,162.59031069995737,20.994572059745856,11.735768823996422,10.843243482610037,5.601050810983688,11.814359458703011,16.27347016397548,14.141824241834009,14.083731696315263,8.417796984328938,11.336785877934735,5.15571272675054,20.771211599071872,5.380062770465915,6.041840829147961,37.29827438881211,50.26785898322327,0.0,14.605983116249774,5.15571272675054,38.455944068351485,5.733667477162185,11.073990765314376,0.0,0.0,11.050456081168516,5.131558479839333,0.0,11.336785877934735,68.54635098380861,29.525365011975733,0.0,26.46513959392033,10.535775497216456,0.0,0.0,0.0,201.58,51.4842470947288,22.801408536544404,0.0,15.130702465984026,0.0,11.336785877934735,26.151274369537788,0.0,0.0,15.456479851704078,20.23053332942989,31.44978820569469,0.9796905422586336,44.39737831563419,16.334751159546904,3.256457088644816,-3.375611656986792,-2.3123389733980013,0.0,3.692820624691566,-4.756268639419342,0.4615384615384615,28,5,13,0,1,1,0,1,1,10,4,15,7,0,1,1,2,-1.172499999999998,95.65050000000004,1,0,0,1,0,1,0,0,1,1,3,2,0,0,0,3,1,1,0,0,0,0,0,0,0,0,0,2,0,1,0,0,0,0,0,0,0,0,0,0,0,0,0,0,0,0,0,0,0,0,0,0,0,1,0,0,0,0,0,0,0,0,0,1,0,0,0,0,0,0,0,0,0,0,0,0,0,0,0,0,1,0,0,0,0,562.0,Escherichia coli,Bacteria
116310,,5308374,CHEMBL1690630,"Antimicrobial activity against Escherichia coli DH5[alpha] transformed with pAC-ges1 plasmid encoding Beta-lactamase GES-5 E104, S170 mutant by Etest method",F,BAO_0002146,BAO_0000218,organism-based format,C[C@H]1[C@H](NC(=O)/C(=N\OC(C)(C)C(=O)O)c2csc(N)n2)C(=O)N1S(=O)(=O)O,CHEMBL1687781,Antimicrob Agents Chemother,2010.0,CHEMBL158,AZTREONAM,CHEMBL158,0,http://www.openphacts.org/units/MicrogramPerMilliliter,1337882,=,1,1,=,MIC,ug.mL-1,0.032,CHEMBL354,Escherichia coli,Escherichia coli,562.0,,MIC,ug ml-1,UO_0000274,0.032,CHEMBL158,C[C@H]1[C@H](NC(=O)/C(=N\OC(C)(C)C(=O)O)c2csc(N)n2)C(=O)N1S(=O)(=O)O,12.562141912320484,12.562141912320484,0.0349535856009066,-4.756268639419342,0.174788224513646,20.5,435.44000000000017,418.30400000000014,435.051854504,154,0,0.3620751467724121,-0.4782270320177159,0.4782270320177159,0.3620751467724121,1.4642857142857142,2.071428571428572,2.5,32.24529764273617,10.00401161573638,2.513331128805475,-2.416338874010568,2.230948535260857,-2.707807208919476,7.836563836647012,-0.1608446168429468,2.971847309732629,2.2592762983237704,953.8851353067348,21.43879310982592,14.8114553779692,16.444448539824652,12.752743308167698,7.578995896792942,9.855612118054724,6.221230582074894,8.399971119282888,3.730567932227123,5.414072402778615,2.1128455580549623,3.54351374163482,-2.78,690205.5939907836,21.519292322605008,7.325918985638601,4.204134383579708,162.59031069995737,20.994572059745856,11.735768823996422,10.843243482610037,5.601050810983688,11.814359458703011,16.27347016397548,14.141824241834009,14.083731696315263,8.417796984328938,11.336785877934735,5.15571272675054,20.771211599071872,5.380062770465915,6.041840829147961,37.29827438881211,50.26785898322327,0.0,14.605983116249774,5.15571272675054,38.455944068351485,5.733667477162185,11.073990765314376,0.0,0.0,11.050456081168516,5.131558479839333,0.0,11.336785877934735,68.54635098380861,29.525365011975733,0.0,26.46513959392033,10.535775497216456,0.0,0.0,0.0,201.58,51.4842470947288,22.801408536544404,0.0,15.130702465984026,0.0,11.336785877934735,26.151274369537788,0.0,0.0,15.456479851704078,20.23053332942989,31.44978820569469,0.9796905422586336,44.39737831563419,16.334751159546904,3.256457088644816,-3.375611656986792,-2.3123389733980013,0.0,3.692820624691566,-4.756268639419342,0.4615384615384615,28,5,13,0,1,1,0,1,1,10,4,15,7,0,1,1,2,-1.172499999999998,95.65050000000004,1,0,0,1,0,1,0,0,1,1,3,2,0,0,0,3,1,1,0,0,0,0,0,0,0,0,0,2,0,1,0,0,0,0,0,0,0,0,0,0,0,0,0,0,0,0,0,0,0,0,0,0,0,1,0,0,0,0,0,0,0,0,0,1,0,0,0,0,0,0,0,0,0,0,0,0,0,0,0,0,1,0,0,0,0,562.0,Escherichia coli,Bacteria
116310,,5308374,CHEMBL1690630,"Antimicrobial activity against Escherichia coli DH5[alpha] transformed with pAC-ges1 plasmid encoding Beta-lactamase GES-5 E104, S170 mutant by Etest method",F,BAO_0002146,BAO_0000218,organism-based format,C[C@H]1[C@H](NC(=O)/C(=N\OC(C)(C)C(=O)O)c2csc(N)n2)C(=O)N1S(=O)(=O)O,CHEMBL1687781,Antimicrob Agents Chemother,2010.0,CHEMBL158,AZTREONAM,CHEMBL158,0,http://www.openphacts.org/units/MicrogramPerMilliliter,1337882,=,1,1,=,MIC,ug.mL-1,0.032,CHEMBL354,Escherichia coli,Escherichia coli,562.0,,MIC,ug ml-1,UO_0000274,0.032,CHEMBL158,C[C@H]1[C@H](NC(=O)/C(=N\OC(C)(C)C(=O)O)c2csc(N)n2)C(=O)N1S(=O)(=O)O,12.562141912320484,12.562141912320484,0.0349535856009066,-4.756268639419342,0.174788224513646,20.5,435.44000000000017,418.30400000000014,435.051854504,154,0,0.3620751467724121,-0.4782270320177159,0.4782270320177159,0.3620751467724121,1.4642857142857142,2.071428571428572,2.5,32.24529764273617,10.00401161573638,2.513331128805475,-2.416338874010568,2.230948535260857,-2.707807208919476,7.836563836647012,-0.1608446168429468,2.971847309732629,2.2592762983237704,953.8851353067348,21.43879310982592,14.8114553779692,16.444448539824652,12.752743308167698,7.578995896792942,9.855612118054724,6.221230582074894,8.399971119282888,3.730567932227123,5.414072402778615,2.1128455580549623,3.54351374163482,-2.78,690205.5939907836,21.519292322605008,7.325918985638601,4.204134383579708,162.59031069995737,20.994572059745856,11.735768823996422,10.843243482610037,5.601050810983688,11.814359458703011,16.27347016397548,14.141824241834009,14.083731696315263,8.417796984328938,11.336785877934735,5.15571272675054,20.771211599071872,5.380062770465915,6.041840829147961,37.29827438881211,50.26785898322327,0.0,14.605983116249774,5.15571272675054,38.455944068351485,5.733667477162185,11.073990765314376,0.0,0.0,11.050456081168516,5.131558479839333,0.0,11.336785877934735,68.54635098380861,29.525365011975733,0.0,26.46513959392033,10.535775497216456,0.0,0.0,0.0,201.58,51.4842470947288,22.801408536544404,0.0,15.130702465984026,0.0,11.336785877934735,26.151274369537788,0.0,0.0,15.456479851704078,20.23053332942989,31.44978820569469,0.9796905422586336,44.39737831563419,16.334751159546904,3.256457088644816,-3.375611656986792,-2.3123389733980013,0.0,3.692820624691566,-4.756268639419342,0.4615384615384615,28,5,13,0,1,1,0,1,1,10,4,15,7,0,1,1,2,-1.172499999999998,95.65050000000004,1,0,0,1,0,1,0,0,1,1,3,2,0,0,0,3,1,1,0,0,0,0,0,0,0,0,0,2,0,1,0,0,0,0,0,0,0,0,0,0,0,0,0,0,0,0,0,0,0,0,0,0,0,1,0,0,0,0,0,0,0,0,0,1,0,0,0,0,0,0,0,0,0,0,0,0,0,0,0,0,1,0,0,0,0,562.0,Escherichia coli,Bacteria
116311,,5308377,CHEMBL1690624,"Antimicrobial activity against Escherichia coli DH5[alpha] transformed with pAC-ges1 plasmid encoding Beta-lactamase GES-1 E104, G170 mutant by Etest method",F,BAO_0002146,BAO_0000218,organism-based format,C[C@H]1[C@H](NC(=O)/C(=N\OC(C)(C)C(=O)O)c2csc(N)n2)C(=O)N1S(=O)(=O)O,CHEMBL1687781,Antimicrob Agents Chemother,2010.0,CHEMBL158,AZTREONAM,CHEMBL158,0,http://www.openphacts.org/units/MicrogramPerMilliliter,1337882,=,1,1,=,MIC,ug.mL-1,0.094,CHEMBL354,Escherichia coli,Escherichia coli,562.0,,MIC,ug ml-1,UO_0000274,0.094,CHEMBL158,C[C@H]1[C@H](NC(=O)/C(=N\OC(C)(C)C(=O)O)c2csc(N)n2)C(=O)N1S(=O)(=O)O,12.562141912320484,12.562141912320484,0.0349535856009066,-4.756268639419342,0.174788224513646,20.5,435.44000000000017,418.30400000000014,435.051854504,154,0,0.3620751467724121,-0.4782270320177159,0.4782270320177159,0.3620751467724121,1.4642857142857142,2.071428571428572,2.5,32.24529764273617,10.00401161573638,2.513331128805475,-2.416338874010568,2.230948535260857,-2.707807208919476,7.836563836647012,-0.1608446168429468,2.971847309732629,2.2592762983237704,953.8851353067348,21.43879310982592,14.8114553779692,16.444448539824652,12.752743308167698,7.578995896792942,9.855612118054724,6.221230582074894,8.399971119282888,3.730567932227123,5.414072402778615,2.1128455580549623,3.54351374163482,-2.78,690205.5939907836,21.519292322605008,7.325918985638601,4.204134383579708,162.59031069995737,20.994572059745856,11.735768823996422,10.843243482610037,5.601050810983688,11.814359458703011,16.27347016397548,14.141824241834009,14.083731696315263,8.417796984328938,11.336785877934735,5.15571272675054,20.771211599071872,5.380062770465915,6.041840829147961,37.29827438881211,50.26785898322327,0.0,14.605983116249774,5.15571272675054,38.455944068351485,5.733667477162185,11.073990765314376,0.0,0.0,11.050456081168516,5.131558479839333,0.0,11.336785877934735,68.54635098380861,29.525365011975733,0.0,26.46513959392033,10.535775497216456,0.0,0.0,0.0,201.58,51.4842470947288,22.801408536544404,0.0,15.130702465984026,0.0,11.336785877934735,26.151274369537788,0.0,0.0,15.456479851704078,20.23053332942989,31.44978820569469,0.9796905422586336,44.39737831563419,16.334751159546904,3.256457088644816,-3.375611656986792,-2.3123389733980013,0.0,3.692820624691566,-4.756268639419342,0.4615384615384615,28,5,13,0,1,1,0,1,1,10,4,15,7,0,1,1,2,-1.172499999999998,95.65050000000004,1,0,0,1,0,1,0,0,1,1,3,2,0,0,0,3,1,1,0,0,0,0,0,0,0,0,0,2,0,1,0,0,0,0,0,0,0,0,0,0,0,0,0,0,0,0,0,0,0,0,0,0,0,1,0,0,0,0,0,0,0,0,0,1,0,0,0,0,0,0,0,0,0,0,0,0,0,0,0,0,1,0,0,0,0,562.0,Escherichia coli,Bacteria
116311,,5308377,CHEMBL1690624,"Antimicrobial activity against Escherichia coli DH5[alpha] transformed with pAC-ges1 plasmid encoding Beta-lactamase GES-1 E104, G170 mutant by Etest method",F,BAO_0002146,BAO_0000218,organism-based format,C[C@H]1[C@H](NC(=O)/C(=N\OC(C)(C)C(=O)O)c2csc(N)n2)C(=O)N1S(=O)(=O)O,CHEMBL1687781,Antimicrob Agents Chemother,2010.0,CHEMBL158,AZTREONAM,CHEMBL158,0,http://www.openphacts.org/units/MicrogramPerMilliliter,1337882,=,1,1,=,MIC,ug.mL-1,0.094,CHEMBL354,Escherichia coli,Escherichia coli,562.0,,MIC,ug ml-1,UO_0000274,0.094,CHEMBL158,C[C@H]1[C@H](NC(=O)/C(=N\OC(C)(C)C(=O)O)c2csc(N)n2)C(=O)N1S(=O)(=O)O,12.562141912320484,12.562141912320484,0.0349535856009066,-4.756268639419342,0.174788224513646,20.5,435.44000000000017,418.30400000000014,435.051854504,154,0,0.3620751467724121,-0.4782270320177159,0.4782270320177159,0.3620751467724121,1.4642857142857142,2.071428571428572,2.5,32.24529764273617,10.00401161573638,2.513331128805475,-2.416338874010568,2.230948535260857,-2.707807208919476,7.836563836647012,-0.1608446168429468,2.971847309732629,2.2592762983237704,953.8851353067348,21.43879310982592,14.8114553779692,16.444448539824652,12.752743308167698,7.578995896792942,9.855612118054724,6.221230582074894,8.399971119282888,3.730567932227123,5.414072402778615,2.1128455580549623,3.54351374163482,-2.78,690205.5939907836,21.519292322605008,7.325918985638601,4.204134383579708,162.59031069995737,20.994572059745856,11.735768823996422,10.843243482610037,5.601050810983688,11.814359458703011,16.27347016397548,14.141824241834009,14.083731696315263,8.417796984328938,11.336785877934735,5.15571272675054,20.771211599071872,5.380062770465915,6.041840829147961,37.29827438881211,50.26785898322327,0.0,14.605983116249774,5.15571272675054,38.455944068351485,5.733667477162185,11.073990765314376,0.0,0.0,11.050456081168516,5.131558479839333,0.0,11.336785877934735,68.54635098380861,29.525365011975733,0.0,26.46513959392033,10.535775497216456,0.0,0.0,0.0,201.58,51.4842470947288,22.801408536544404,0.0,15.130702465984026,0.0,11.336785877934735,26.151274369537788,0.0,0.0,15.456479851704078,20.23053332942989,31.44978820569469,0.9796905422586336,44.39737831563419,16.334751159546904,3.256457088644816,-3.375611656986792,-2.3123389733980013,0.0,3.692820624691566,-4.756268639419342,0.4615384615384615,28,5,13,0,1,1,0,1,1,10,4,15,7,0,1,1,2,-1.172499999999998,95.65050000000004,1,0,0,1,0,1,0,0,1,1,3,2,0,0,0,3,1,1,0,0,0,0,0,0,0,0,0,2,0,1,0,0,0,0,0,0,0,0,0,0,0,0,0,0,0,0,0,0,0,0,0,0,0,1,0,0,0,0,0,0,0,0,0,1,0,0,0,0,0,0,0,0,0,0,0,0,0,0,0,0,1,0,0,0,0,562.0,Escherichia coli,Bacteria
116311,,5308377,CHEMBL1690624,"Antimicrobial activity against Escherichia coli DH5[alpha] transformed with pAC-ges1 plasmid encoding Beta-lactamase GES-1 E104, G170 mutant by Etest method",F,BAO_0002146,BAO_0000218,organism-based format,C[C@H]1[C@H](NC(=O)/C(=N\OC(C)(C)C(=O)O)c2csc(N)n2)C(=O)N1S(=O)(=O)O,CHEMBL1687781,Antimicrob Agents Chemother,2010.0,CHEMBL158,AZTREONAM,CHEMBL158,0,http://www.openphacts.org/units/MicrogramPerMilliliter,1337882,=,1,1,=,MIC,ug.mL-1,0.094,CHEMBL354,Escherichia coli,Escherichia coli,562.0,,MIC,ug ml-1,UO_0000274,0.094,CHEMBL158,C[C@H]1[C@H](NC(=O)/C(=N\OC(C)(C)C(=O)O)c2csc(N)n2)C(=O)N1S(=O)(=O)O,12.562141912320484,12.562141912320484,0.0349535856009066,-4.756268639419342,0.174788224513646,20.5,435.44000000000017,418.30400000000014,435.051854504,154,0,0.3620751467724121,-0.4782270320177159,0.4782270320177159,0.3620751467724121,1.4642857142857142,2.071428571428572,2.5,32.24529764273617,10.00401161573638,2.513331128805475,-2.416338874010568,2.230948535260857,-2.707807208919476,7.836563836647012,-0.1608446168429468,2.971847309732629,2.2592762983237704,953.8851353067348,21.43879310982592,14.8114553779692,16.444448539824652,12.752743308167698,7.578995896792942,9.855612118054724,6.221230582074894,8.399971119282888,3.730567932227123,5.414072402778615,2.1128455580549623,3.54351374163482,-2.78,690205.5939907836,21.519292322605008,7.325918985638601,4.204134383579708,162.59031069995737,20.994572059745856,11.735768823996422,10.843243482610037,5.601050810983688,11.814359458703011,16.27347016397548,14.141824241834009,14.083731696315263,8.417796984328938,11.336785877934735,5.15571272675054,20.771211599071872,5.380062770465915,6.041840829147961,37.29827438881211,50.26785898322327,0.0,14.605983116249774,5.15571272675054,38.455944068351485,5.733667477162185,11.073990765314376,0.0,0.0,11.050456081168516,5.131558479839333,0.0,11.336785877934735,68.54635098380861,29.525365011975733,0.0,26.46513959392033,10.535775497216456,0.0,0.0,0.0,201.58,51.4842470947288,22.801408536544404,0.0,15.130702465984026,0.0,11.336785877934735,26.151274369537788,0.0,0.0,15.456479851704078,20.23053332942989,31.44978820569469,0.9796905422586336,44.39737831563419,16.334751159546904,3.256457088644816,-3.375611656986792,-2.3123389733980013,0.0,3.692820624691566,-4.756268639419342,0.4615384615384615,28,5,13,0,1,1,0,1,1,10,4,15,7,0,1,1,2,-1.172499999999998,95.65050000000004,1,0,0,1,0,1,0,0,1,1,3,2,0,0,0,3,1,1,0,0,0,0,0,0,0,0,0,2,0,1,0,0,0,0,0,0,0,0,0,0,0,0,0,0,0,0,0,0,0,0,0,0,0,1,0,0,0,0,0,0,0,0,0,1,0,0,0,0,0,0,0,0,0,0,0,0,0,0,0,0,1,0,0,0,0,562.0,Escherichia coli,Bacteria
116311,,5308377,CHEMBL1690624,"Antimicrobial activity against Escherichia coli DH5[alpha] transformed with pAC-ges1 plasmid encoding Beta-lactamase GES-1 E104, G170 mutant by Etest method",F,BAO_0002146,BAO_0000218,organism-based format,C[C@H]1[C@H](NC(=O)/C(=N\OC(C)(C)C(=O)O)c2csc(N)n2)C(=O)N1S(=O)(=O)O,CHEMBL1687781,Antimicrob Agents Chemother,2010.0,CHEMBL158,AZTREONAM,CHEMBL158,0,http://www.openphacts.org/units/MicrogramPerMilliliter,1337882,=,1,1,=,MIC,ug.mL-1,0.094,CHEMBL354,Escherichia coli,Escherichia coli,562.0,,MIC,ug ml-1,UO_0000274,0.094,CHEMBL158,C[C@H]1[C@H](NC(=O)/C(=N\OC(C)(C)C(=O)O)c2csc(N)n2)C(=O)N1S(=O)(=O)O,12.562141912320484,12.562141912320484,0.0349535856009066,-4.756268639419342,0.174788224513646,20.5,435.44000000000017,418.30400000000014,435.051854504,154,0,0.3620751467724121,-0.4782270320177159,0.4782270320177159,0.3620751467724121,1.4642857142857142,2.071428571428572,2.5,32.24529764273617,10.00401161573638,2.513331128805475,-2.416338874010568,2.230948535260857,-2.707807208919476,7.836563836647012,-0.1608446168429468,2.971847309732629,2.2592762983237704,953.8851353067348,21.43879310982592,14.8114553779692,16.444448539824652,12.752743308167698,7.578995896792942,9.855612118054724,6.221230582074894,8.399971119282888,3.730567932227123,5.414072402778615,2.1128455580549623,3.54351374163482,-2.78,690205.5939907836,21.519292322605008,7.325918985638601,4.204134383579708,162.59031069995737,20.994572059745856,11.735768823996422,10.843243482610037,5.601050810983688,11.814359458703011,16.27347016397548,14.141824241834009,14.083731696315263,8.417796984328938,11.336785877934735,5.15571272675054,20.771211599071872,5.380062770465915,6.041840829147961,37.29827438881211,50.26785898322327,0.0,14.605983116249774,5.15571272675054,38.455944068351485,5.733667477162185,11.073990765314376,0.0,0.0,11.050456081168516,5.131558479839333,0.0,11.336785877934735,68.54635098380861,29.525365011975733,0.0,26.46513959392033,10.535775497216456,0.0,0.0,0.0,201.58,51.4842470947288,22.801408536544404,0.0,15.130702465984026,0.0,11.336785877934735,26.151274369537788,0.0,0.0,15.456479851704078,20.23053332942989,31.44978820569469,0.9796905422586336,44.39737831563419,16.334751159546904,3.256457088644816,-3.375611656986792,-2.3123389733980013,0.0,3.692820624691566,-4.756268639419342,0.4615384615384615,28,5,13,0,1,1,0,1,1,10,4,15,7,0,1,1,2,-1.172499999999998,95.65050000000004,1,0,0,1,0,1,0,0,1,1,3,2,0,0,0,3,1,1,0,0,0,0,0,0,0,0,0,2,0,1,0,0,0,0,0,0,0,0,0,0,0,0,0,0,0,0,0,0,0,0,0,0,0,1,0,0,0,0,0,0,0,0,0,1,0,0,0,0,0,0,0,0,0,0,0,0,0,0,0,0,1,0,0,0,0,562.0,Escherichia coli,Bacteria
116312,,5308378,CHEMBL1690627,"Antimicrobial activity against Escherichia coli DH5[alpha] transformed with pAC-ges1 plasmid encoding Beta-lactamase GES-6 K104, S170 mutant by Etest method",F,BAO_0002146,BAO_0000218,organism-based format,C[C@H]1[C@H](NC(=O)/C(=N\OC(C)(C)C(=O)O)c2csc(N)n2)C(=O)N1S(=O)(=O)O,CHEMBL1687781,Antimicrob Agents Chemother,2010.0,CHEMBL158,AZTREONAM,CHEMBL158,0,http://www.openphacts.org/units/MicrogramPerMilliliter,1337882,=,1,1,=,MIC,ug.mL-1,0.094,CHEMBL354,Escherichia coli,Escherichia coli,562.0,,MIC,ug ml-1,UO_0000274,0.094,CHEMBL158,C[C@H]1[C@H](NC(=O)/C(=N\OC(C)(C)C(=O)O)c2csc(N)n2)C(=O)N1S(=O)(=O)O,12.562141912320484,12.562141912320484,0.0349535856009066,-4.756268639419342,0.174788224513646,20.5,435.44000000000017,418.30400000000014,435.051854504,154,0,0.3620751467724121,-0.4782270320177159,0.4782270320177159,0.3620751467724121,1.4642857142857142,2.071428571428572,2.5,32.24529764273617,10.00401161573638,2.513331128805475,-2.416338874010568,2.230948535260857,-2.707807208919476,7.836563836647012,-0.1608446168429468,2.971847309732629,2.2592762983237704,953.8851353067348,21.43879310982592,14.8114553779692,16.444448539824652,12.752743308167698,7.578995896792942,9.855612118054724,6.221230582074894,8.399971119282888,3.730567932227123,5.414072402778615,2.1128455580549623,3.54351374163482,-2.78,690205.5939907836,21.519292322605008,7.325918985638601,4.204134383579708,162.59031069995737,20.994572059745856,11.735768823996422,10.843243482610037,5.601050810983688,11.814359458703011,16.27347016397548,14.141824241834009,14.083731696315263,8.417796984328938,11.336785877934735,5.15571272675054,20.771211599071872,5.380062770465915,6.041840829147961,37.29827438881211,50.26785898322327,0.0,14.605983116249774,5.15571272675054,38.455944068351485,5.733667477162185,11.073990765314376,0.0,0.0,11.050456081168516,5.131558479839333,0.0,11.336785877934735,68.54635098380861,29.525365011975733,0.0,26.46513959392033,10.535775497216456,0.0,0.0,0.0,201.58,51.4842470947288,22.801408536544404,0.0,15.130702465984026,0.0,11.336785877934735,26.151274369537788,0.0,0.0,15.456479851704078,20.23053332942989,31.44978820569469,0.9796905422586336,44.39737831563419,16.334751159546904,3.256457088644816,-3.375611656986792,-2.3123389733980013,0.0,3.692820624691566,-4.756268639419342,0.4615384615384615,28,5,13,0,1,1,0,1,1,10,4,15,7,0,1,1,2,-1.172499999999998,95.65050000000004,1,0,0,1,0,1,0,0,1,1,3,2,0,0,0,3,1,1,0,0,0,0,0,0,0,0,0,2,0,1,0,0,0,0,0,0,0,0,0,0,0,0,0,0,0,0,0,0,0,0,0,0,0,1,0,0,0,0,0,0,0,0,0,1,0,0,0,0,0,0,0,0,0,0,0,0,0,0,0,0,1,0,0,0,0,562.0,Escherichia coli,Bacteria
116312,,5308378,CHEMBL1690627,"Antimicrobial activity against Escherichia coli DH5[alpha] transformed with pAC-ges1 plasmid encoding Beta-lactamase GES-6 K104, S170 mutant by Etest method",F,BAO_0002146,BAO_0000218,organism-based format,C[C@H]1[C@H](NC(=O)/C(=N\OC(C)(C)C(=O)O)c2csc(N)n2)C(=O)N1S(=O)(=O)O,CHEMBL1687781,Antimicrob Agents Chemother,2010.0,CHEMBL158,AZTREONAM,CHEMBL158,0,http://www.openphacts.org/units/MicrogramPerMilliliter,1337882,=,1,1,=,MIC,ug.mL-1,0.094,CHEMBL354,Escherichia coli,Escherichia coli,562.0,,MIC,ug ml-1,UO_0000274,0.094,CHEMBL158,C[C@H]1[C@H](NC(=O)/C(=N\OC(C)(C)C(=O)O)c2csc(N)n2)C(=O)N1S(=O)(=O)O,12.562141912320484,12.562141912320484,0.0349535856009066,-4.756268639419342,0.174788224513646,20.5,435.44000000000017,418.30400000000014,435.051854504,154,0,0.3620751467724121,-0.4782270320177159,0.4782270320177159,0.3620751467724121,1.4642857142857142,2.071428571428572,2.5,32.24529764273617,10.00401161573638,2.513331128805475,-2.416338874010568,2.230948535260857,-2.707807208919476,7.836563836647012,-0.1608446168429468,2.971847309732629,2.2592762983237704,953.8851353067348,21.43879310982592,14.8114553779692,16.444448539824652,12.752743308167698,7.578995896792942,9.855612118054724,6.221230582074894,8.399971119282888,3.730567932227123,5.414072402778615,2.1128455580549623,3.54351374163482,-2.78,690205.5939907836,21.519292322605008,7.325918985638601,4.204134383579708,162.59031069995737,20.994572059745856,11.735768823996422,10.843243482610037,5.601050810983688,11.814359458703011,16.27347016397548,14.141824241834009,14.083731696315263,8.417796984328938,11.336785877934735,5.15571272675054,20.771211599071872,5.380062770465915,6.041840829147961,37.29827438881211,50.26785898322327,0.0,14.605983116249774,5.15571272675054,38.455944068351485,5.733667477162185,11.073990765314376,0.0,0.0,11.050456081168516,5.131558479839333,0.0,11.336785877934735,68.54635098380861,29.525365011975733,0.0,26.46513959392033,10.535775497216456,0.0,0.0,0.0,201.58,51.4842470947288,22.801408536544404,0.0,15.130702465984026,0.0,11.336785877934735,26.151274369537788,0.0,0.0,15.456479851704078,20.23053332942989,31.44978820569469,0.9796905422586336,44.39737831563419,16.334751159546904,3.256457088644816,-3.375611656986792,-2.3123389733980013,0.0,3.692820624691566,-4.756268639419342,0.4615384615384615,28,5,13,0,1,1,0,1,1,10,4,15,7,0,1,1,2,-1.172499999999998,95.65050000000004,1,0,0,1,0,1,0,0,1,1,3,2,0,0,0,3,1,1,0,0,0,0,0,0,0,0,0,2,0,1,0,0,0,0,0,0,0,0,0,0,0,0,0,0,0,0,0,0,0,0,0,0,0,1,0,0,0,0,0,0,0,0,0,1,0,0,0,0,0,0,0,0,0,0,0,0,0,0,0,0,1,0,0,0,0,562.0,Escherichia coli,Bacteria
116312,,5308378,CHEMBL1690627,"Antimicrobial activity against Escherichia coli DH5[alpha] transformed with pAC-ges1 plasmid encoding Beta-lactamase GES-6 K104, S170 mutant by Etest method",F,BAO_0002146,BAO_0000218,organism-based format,C[C@H]1[C@H](NC(=O)/C(=N\OC(C)(C)C(=O)O)c2csc(N)n2)C(=O)N1S(=O)(=O)O,CHEMBL1687781,Antimicrob Agents Chemother,2010.0,CHEMBL158,AZTREONAM,CHEMBL158,0,http://www.openphacts.org/units/MicrogramPerMilliliter,1337882,=,1,1,=,MIC,ug.mL-1,0.094,CHEMBL354,Escherichia coli,Escherichia coli,562.0,,MIC,ug ml-1,UO_0000274,0.094,CHEMBL158,C[C@H]1[C@H](NC(=O)/C(=N\OC(C)(C)C(=O)O)c2csc(N)n2)C(=O)N1S(=O)(=O)O,12.562141912320484,12.562141912320484,0.0349535856009066,-4.756268639419342,0.174788224513646,20.5,435.44000000000017,418.30400000000014,435.051854504,154,0,0.3620751467724121,-0.4782270320177159,0.4782270320177159,0.3620751467724121,1.4642857142857142,2.071428571428572,2.5,32.24529764273617,10.00401161573638,2.513331128805475,-2.416338874010568,2.230948535260857,-2.707807208919476,7.836563836647012,-0.1608446168429468,2.971847309732629,2.2592762983237704,953.8851353067348,21.43879310982592,14.8114553779692,16.444448539824652,12.752743308167698,7.578995896792942,9.855612118054724,6.221230582074894,8.399971119282888,3.730567932227123,5.414072402778615,2.1128455580549623,3.54351374163482,-2.78,690205.5939907836,21.519292322605008,7.325918985638601,4.204134383579708,162.59031069995737,20.994572059745856,11.735768823996422,10.843243482610037,5.601050810983688,11.814359458703011,16.27347016397548,14.141824241834009,14.083731696315263,8.417796984328938,11.336785877934735,5.15571272675054,20.771211599071872,5.380062770465915,6.041840829147961,37.29827438881211,50.26785898322327,0.0,14.605983116249774,5.15571272675054,38.455944068351485,5.733667477162185,11.073990765314376,0.0,0.0,11.050456081168516,5.131558479839333,0.0,11.336785877934735,68.54635098380861,29.525365011975733,0.0,26.46513959392033,10.535775497216456,0.0,0.0,0.0,201.58,51.4842470947288,22.801408536544404,0.0,15.130702465984026,0.0,11.336785877934735,26.151274369537788,0.0,0.0,15.456479851704078,20.23053332942989,31.44978820569469,0.9796905422586336,44.39737831563419,16.334751159546904,3.256457088644816,-3.375611656986792,-2.3123389733980013,0.0,3.692820624691566,-4.756268639419342,0.4615384615384615,28,5,13,0,1,1,0,1,1,10,4,15,7,0,1,1,2,-1.172499999999998,95.65050000000004,1,0,0,1,0,1,0,0,1,1,3,2,0,0,0,3,1,1,0,0,0,0,0,0,0,0,0,2,0,1,0,0,0,0,0,0,0,0,0,0,0,0,0,0,0,0,0,0,0,0,0,0,0,1,0,0,0,0,0,0,0,0,0,1,0,0,0,0,0,0,0,0,0,0,0,0,0,0,0,0,1,0,0,0,0,562.0,Escherichia coli,Bacteria
116312,,5308378,CHEMBL1690627,"Antimicrobial activity against Escherichia coli DH5[alpha] transformed with pAC-ges1 plasmid encoding Beta-lactamase GES-6 K104, S170 mutant by Etest method",F,BAO_0002146,BAO_0000218,organism-based format,C[C@H]1[C@H](NC(=O)/C(=N\OC(C)(C)C(=O)O)c2csc(N)n2)C(=O)N1S(=O)(=O)O,CHEMBL1687781,Antimicrob Agents Chemother,2010.0,CHEMBL158,AZTREONAM,CHEMBL158,0,http://www.openphacts.org/units/MicrogramPerMilliliter,1337882,=,1,1,=,MIC,ug.mL-1,0.094,CHEMBL354,Escherichia coli,Escherichia coli,562.0,,MIC,ug ml-1,UO_0000274,0.094,CHEMBL158,C[C@H]1[C@H](NC(=O)/C(=N\OC(C)(C)C(=O)O)c2csc(N)n2)C(=O)N1S(=O)(=O)O,12.562141912320484,12.562141912320484,0.0349535856009066,-4.756268639419342,0.174788224513646,20.5,435.44000000000017,418.30400000000014,435.051854504,154,0,0.3620751467724121,-0.4782270320177159,0.4782270320177159,0.3620751467724121,1.4642857142857142,2.071428571428572,2.5,32.24529764273617,10.00401161573638,2.513331128805475,-2.416338874010568,2.230948535260857,-2.707807208919476,7.836563836647012,-0.1608446168429468,2.971847309732629,2.2592762983237704,953.8851353067348,21.43879310982592,14.8114553779692,16.444448539824652,12.752743308167698,7.578995896792942,9.855612118054724,6.221230582074894,8.399971119282888,3.730567932227123,5.414072402778615,2.1128455580549623,3.54351374163482,-2.78,690205.5939907836,21.519292322605008,7.325918985638601,4.204134383579708,162.59031069995737,20.994572059745856,11.735768823996422,10.843243482610037,5.601050810983688,11.814359458703011,16.27347016397548,14.141824241834009,14.083731696315263,8.417796984328938,11.336785877934735,5.15571272675054,20.771211599071872,5.380062770465915,6.041840829147961,37.29827438881211,50.26785898322327,0.0,14.605983116249774,5.15571272675054,38.455944068351485,5.733667477162185,11.073990765314376,0.0,0.0,11.050456081168516,5.131558479839333,0.0,11.336785877934735,68.54635098380861,29.525365011975733,0.0,26.46513959392033,10.535775497216456,0.0,0.0,0.0,201.58,51.4842470947288,22.801408536544404,0.0,15.130702465984026,0.0,11.336785877934735,26.151274369537788,0.0,0.0,15.456479851704078,20.23053332942989,31.44978820569469,0.9796905422586336,44.39737831563419,16.334751159546904,3.256457088644816,-3.375611656986792,-2.3123389733980013,0.0,3.692820624691566,-4.756268639419342,0.4615384615384615,28,5,13,0,1,1,0,1,1,10,4,15,7,0,1,1,2,-1.172499999999998,95.65050000000004,1,0,0,1,0,1,0,0,1,1,3,2,0,0,0,3,1,1,0,0,0,0,0,0,0,0,0,2,0,1,0,0,0,0,0,0,0,0,0,0,0,0,0,0,0,0,0,0,0,0,0,0,0,1,0,0,0,0,0,0,0,0,0,1,0,0,0,0,0,0,0,0,0,0,0,0,0,0,0,0,1,0,0,0,0,562.0,Escherichia coli,Bacteria
116313,,5308394,CHEMBL1690625,"Antimicrobial activity against Escherichia coli DH5[alpha] transformed with pAC-ges1 plasmid encoding Beta-lactamase GES-7 K104, G170 mutant by Etest method",F,BAO_0002146,BAO_0000218,organism-based format,C[C@H]1[C@H](NC(=O)/C(=N\OC(C)(C)C(=O)O)c2csc(N)n2)C(=O)N1S(=O)(=O)O,CHEMBL1687781,Antimicrob Agents Chemother,2010.0,CHEMBL158,AZTREONAM,CHEMBL158,0,http://www.openphacts.org/units/MicrogramPerMilliliter,1337882,=,1,1,=,MIC,ug.mL-1,2.0,CHEMBL354,Escherichia coli,Escherichia coli,562.0,,MIC,ug ml-1,UO_0000274,2.0,CHEMBL158,C[C@H]1[C@H](NC(=O)/C(=N\OC(C)(C)C(=O)O)c2csc(N)n2)C(=O)N1S(=O)(=O)O,12.562141912320484,12.562141912320484,0.0349535856009066,-4.756268639419342,0.174788224513646,20.5,435.44000000000017,418.30400000000014,435.051854504,154,0,0.3620751467724121,-0.4782270320177159,0.4782270320177159,0.3620751467724121,1.4642857142857142,2.071428571428572,2.5,32.24529764273617,10.00401161573638,2.513331128805475,-2.416338874010568,2.230948535260857,-2.707807208919476,7.836563836647012,-0.1608446168429468,2.971847309732629,2.2592762983237704,953.8851353067348,21.43879310982592,14.8114553779692,16.444448539824652,12.752743308167698,7.578995896792942,9.855612118054724,6.221230582074894,8.399971119282888,3.730567932227123,5.414072402778615,2.1128455580549623,3.54351374163482,-2.78,690205.5939907836,21.519292322605008,7.325918985638601,4.204134383579708,162.59031069995737,20.994572059745856,11.735768823996422,10.843243482610037,5.601050810983688,11.814359458703011,16.27347016397548,14.141824241834009,14.083731696315263,8.417796984328938,11.336785877934735,5.15571272675054,20.771211599071872,5.380062770465915,6.041840829147961,37.29827438881211,50.26785898322327,0.0,14.605983116249774,5.15571272675054,38.455944068351485,5.733667477162185,11.073990765314376,0.0,0.0,11.050456081168516,5.131558479839333,0.0,11.336785877934735,68.54635098380861,29.525365011975733,0.0,26.46513959392033,10.535775497216456,0.0,0.0,0.0,201.58,51.4842470947288,22.801408536544404,0.0,15.130702465984026,0.0,11.336785877934735,26.151274369537788,0.0,0.0,15.456479851704078,20.23053332942989,31.44978820569469,0.9796905422586336,44.39737831563419,16.334751159546904,3.256457088644816,-3.375611656986792,-2.3123389733980013,0.0,3.692820624691566,-4.756268639419342,0.4615384615384615,28,5,13,0,1,1,0,1,1,10,4,15,7,0,1,1,2,-1.172499999999998,95.65050000000004,1,0,0,1,0,1,0,0,1,1,3,2,0,0,0,3,1,1,0,0,0,0,0,0,0,0,0,2,0,1,0,0,0,0,0,0,0,0,0,0,0,0,0,0,0,0,0,0,0,0,0,0,0,1,0,0,0,0,0,0,0,0,0,1,0,0,0,0,0,0,0,0,0,0,0,0,0,0,0,0,1,0,0,0,0,562.0,Escherichia coli,Bacteria
116313,,5308394,CHEMBL1690625,"Antimicrobial activity against Escherichia coli DH5[alpha] transformed with pAC-ges1 plasmid encoding Beta-lactamase GES-7 K104, G170 mutant by Etest method",F,BAO_0002146,BAO_0000218,organism-based format,C[C@H]1[C@H](NC(=O)/C(=N\OC(C)(C)C(=O)O)c2csc(N)n2)C(=O)N1S(=O)(=O)O,CHEMBL1687781,Antimicrob Agents Chemother,2010.0,CHEMBL158,AZTREONAM,CHEMBL158,0,http://www.openphacts.org/units/MicrogramPerMilliliter,1337882,=,1,1,=,MIC,ug.mL-1,2.0,CHEMBL354,Escherichia coli,Escherichia coli,562.0,,MIC,ug ml-1,UO_0000274,2.0,CHEMBL158,C[C@H]1[C@H](NC(=O)/C(=N\OC(C)(C)C(=O)O)c2csc(N)n2)C(=O)N1S(=O)(=O)O,12.562141912320484,12.562141912320484,0.0349535856009066,-4.756268639419342,0.174788224513646,20.5,435.44000000000017,418.30400000000014,435.051854504,154,0,0.3620751467724121,-0.4782270320177159,0.4782270320177159,0.3620751467724121,1.4642857142857142,2.071428571428572,2.5,32.24529764273617,10.00401161573638,2.513331128805475,-2.416338874010568,2.230948535260857,-2.707807208919476,7.836563836647012,-0.1608446168429468,2.971847309732629,2.2592762983237704,953.8851353067348,21.43879310982592,14.8114553779692,16.444448539824652,12.752743308167698,7.578995896792942,9.855612118054724,6.221230582074894,8.399971119282888,3.730567932227123,5.414072402778615,2.1128455580549623,3.54351374163482,-2.78,690205.5939907836,21.519292322605008,7.325918985638601,4.204134383579708,162.59031069995737,20.994572059745856,11.735768823996422,10.843243482610037,5.601050810983688,11.814359458703011,16.27347016397548,14.141824241834009,14.083731696315263,8.417796984328938,11.336785877934735,5.15571272675054,20.771211599071872,5.380062770465915,6.041840829147961,37.29827438881211,50.26785898322327,0.0,14.605983116249774,5.15571272675054,38.455944068351485,5.733667477162185,11.073990765314376,0.0,0.0,11.050456081168516,5.131558479839333,0.0,11.336785877934735,68.54635098380861,29.525365011975733,0.0,26.46513959392033,10.535775497216456,0.0,0.0,0.0,201.58,51.4842470947288,22.801408536544404,0.0,15.130702465984026,0.0,11.336785877934735,26.151274369537788,0.0,0.0,15.456479851704078,20.23053332942989,31.44978820569469,0.9796905422586336,44.39737831563419,16.334751159546904,3.256457088644816,-3.375611656986792,-2.3123389733980013,0.0,3.692820624691566,-4.756268639419342,0.4615384615384615,28,5,13,0,1,1,0,1,1,10,4,15,7,0,1,1,2,-1.172499999999998,95.65050000000004,1,0,0,1,0,1,0,0,1,1,3,2,0,0,0,3,1,1,0,0,0,0,0,0,0,0,0,2,0,1,0,0,0,0,0,0,0,0,0,0,0,0,0,0,0,0,0,0,0,0,0,0,0,1,0,0,0,0,0,0,0,0,0,1,0,0,0,0,0,0,0,0,0,0,0,0,0,0,0,0,1,0,0,0,0,562.0,Escherichia coli,Bacteria
116313,,5308394,CHEMBL1690625,"Antimicrobial activity against Escherichia coli DH5[alpha] transformed with pAC-ges1 plasmid encoding Beta-lactamase GES-7 K104, G170 mutant by Etest method",F,BAO_0002146,BAO_0000218,organism-based format,C[C@H]1[C@H](NC(=O)/C(=N\OC(C)(C)C(=O)O)c2csc(N)n2)C(=O)N1S(=O)(=O)O,CHEMBL1687781,Antimicrob Agents Chemother,2010.0,CHEMBL158,AZTREONAM,CHEMBL158,0,http://www.openphacts.org/units/MicrogramPerMilliliter,1337882,=,1,1,=,MIC,ug.mL-1,2.0,CHEMBL354,Escherichia coli,Escherichia coli,562.0,,MIC,ug ml-1,UO_0000274,2.0,CHEMBL158,C[C@H]1[C@H](NC(=O)/C(=N\OC(C)(C)C(=O)O)c2csc(N)n2)C(=O)N1S(=O)(=O)O,12.562141912320484,12.562141912320484,0.0349535856009066,-4.756268639419342,0.174788224513646,20.5,435.44000000000017,418.30400000000014,435.051854504,154,0,0.3620751467724121,-0.4782270320177159,0.4782270320177159,0.3620751467724121,1.4642857142857142,2.071428571428572,2.5,32.24529764273617,10.00401161573638,2.513331128805475,-2.416338874010568,2.230948535260857,-2.707807208919476,7.836563836647012,-0.1608446168429468,2.971847309732629,2.2592762983237704,953.8851353067348,21.43879310982592,14.8114553779692,16.444448539824652,12.752743308167698,7.578995896792942,9.855612118054724,6.221230582074894,8.399971119282888,3.730567932227123,5.414072402778615,2.1128455580549623,3.54351374163482,-2.78,690205.5939907836,21.519292322605008,7.325918985638601,4.204134383579708,162.59031069995737,20.994572059745856,11.735768823996422,10.843243482610037,5.601050810983688,11.814359458703011,16.27347016397548,14.141824241834009,14.083731696315263,8.417796984328938,11.336785877934735,5.15571272675054,20.771211599071872,5.380062770465915,6.041840829147961,37.29827438881211,50.26785898322327,0.0,14.605983116249774,5.15571272675054,38.455944068351485,5.733667477162185,11.073990765314376,0.0,0.0,11.050456081168516,5.131558479839333,0.0,11.336785877934735,68.54635098380861,29.525365011975733,0.0,26.46513959392033,10.535775497216456,0.0,0.0,0.0,201.58,51.4842470947288,22.801408536544404,0.0,15.130702465984026,0.0,11.336785877934735,26.151274369537788,0.0,0.0,15.456479851704078,20.23053332942989,31.44978820569469,0.9796905422586336,44.39737831563419,16.334751159546904,3.256457088644816,-3.375611656986792,-2.3123389733980013,0.0,3.692820624691566,-4.756268639419342,0.4615384615384615,28,5,13,0,1,1,0,1,1,10,4,15,7,0,1,1,2,-1.172499999999998,95.65050000000004,1,0,0,1,0,1,0,0,1,1,3,2,0,0,0,3,1,1,0,0,0,0,0,0,0,0,0,2,0,1,0,0,0,0,0,0,0,0,0,0,0,0,0,0,0,0,0,0,0,0,0,0,0,1,0,0,0,0,0,0,0,0,0,1,0,0,0,0,0,0,0,0,0,0,0,0,0,0,0,0,1,0,0,0,0,562.0,Escherichia coli,Bacteria
116313,,5308394,CHEMBL1690625,"Antimicrobial activity against Escherichia coli DH5[alpha] transformed with pAC-ges1 plasmid encoding Beta-lactamase GES-7 K104, G170 mutant by Etest method",F,BAO_0002146,BAO_0000218,organism-based format,C[C@H]1[C@H](NC(=O)/C(=N\OC(C)(C)C(=O)O)c2csc(N)n2)C(=O)N1S(=O)(=O)O,CHEMBL1687781,Antimicrob Agents Chemother,2010.0,CHEMBL158,AZTREONAM,CHEMBL158,0,http://www.openphacts.org/units/MicrogramPerMilliliter,1337882,=,1,1,=,MIC,ug.mL-1,2.0,CHEMBL354,Escherichia coli,Escherichia coli,562.0,,MIC,ug ml-1,UO_0000274,2.0,CHEMBL158,C[C@H]1[C@H](NC(=O)/C(=N\OC(C)(C)C(=O)O)c2csc(N)n2)C(=O)N1S(=O)(=O)O,12.562141912320484,12.562141912320484,0.0349535856009066,-4.756268639419342,0.174788224513646,20.5,435.44000000000017,418.30400000000014,435.051854504,154,0,0.3620751467724121,-0.4782270320177159,0.4782270320177159,0.3620751467724121,1.4642857142857142,2.071428571428572,2.5,32.24529764273617,10.00401161573638,2.513331128805475,-2.416338874010568,2.230948535260857,-2.707807208919476,7.836563836647012,-0.1608446168429468,2.971847309732629,2.2592762983237704,953.8851353067348,21.43879310982592,14.8114553779692,16.444448539824652,12.752743308167698,7.578995896792942,9.855612118054724,6.221230582074894,8.399971119282888,3.730567932227123,5.414072402778615,2.1128455580549623,3.54351374163482,-2.78,690205.5939907836,21.519292322605008,7.325918985638601,4.204134383579708,162.59031069995737,20.994572059745856,11.735768823996422,10.843243482610037,5.601050810983688,11.814359458703011,16.27347016397548,14.141824241834009,14.083731696315263,8.417796984328938,11.336785877934735,5.15571272675054,20.771211599071872,5.380062770465915,6.041840829147961,37.29827438881211,50.26785898322327,0.0,14.605983116249774,5.15571272675054,38.455944068351485,5.733667477162185,11.073990765314376,0.0,0.0,11.050456081168516,5.131558479839333,0.0,11.336785877934735,68.54635098380861,29.525365011975733,0.0,26.46513959392033,10.535775497216456,0.0,0.0,0.0,201.58,51.4842470947288,22.801408536544404,0.0,15.130702465984026,0.0,11.336785877934735,26.151274369537788,0.0,0.0,15.456479851704078,20.23053332942989,31.44978820569469,0.9796905422586336,44.39737831563419,16.334751159546904,3.256457088644816,-3.375611656986792,-2.3123389733980013,0.0,3.692820624691566,-4.756268639419342,0.4615384615384615,28,5,13,0,1,1,0,1,1,10,4,15,7,0,1,1,2,-1.172499999999998,95.65050000000004,1,0,0,1,0,1,0,0,1,1,3,2,0,0,0,3,1,1,0,0,0,0,0,0,0,0,0,2,0,1,0,0,0,0,0,0,0,0,0,0,0,0,0,0,0,0,0,0,0,0,0,0,0,1,0,0,0,0,0,0,0,0,0,1,0,0,0,0,0,0,0,0,0,0,0,0,0,0,0,0,1,0,0,0,0,562.0,Escherichia coli,Bacteria
116314,,5308395,CHEMBL1690628,"Antimicrobial activity against Escherichia coli DH5[alpha] transformed with pAC-ges1 plasmid encoding Beta-lactamase GES-13 K104, N170 mutant by Etest method",F,BAO_0002146,BAO_0000218,organism-based format,C[C@H]1[C@H](NC(=O)/C(=N\OC(C)(C)C(=O)O)c2csc(N)n2)C(=O)N1S(=O)(=O)O,CHEMBL1687781,Antimicrob Agents Chemother,2010.0,CHEMBL158,AZTREONAM,CHEMBL158,0,http://www.openphacts.org/units/MicrogramPerMilliliter,1337882,=,1,1,=,MIC,ug.mL-1,2.0,CHEMBL354,Escherichia coli,Escherichia coli,562.0,,MIC,ug ml-1,UO_0000274,2.0,CHEMBL158,C[C@H]1[C@H](NC(=O)/C(=N\OC(C)(C)C(=O)O)c2csc(N)n2)C(=O)N1S(=O)(=O)O,12.562141912320484,12.562141912320484,0.0349535856009066,-4.756268639419342,0.174788224513646,20.5,435.44000000000017,418.30400000000014,435.051854504,154,0,0.3620751467724121,-0.4782270320177159,0.4782270320177159,0.3620751467724121,1.4642857142857142,2.071428571428572,2.5,32.24529764273617,10.00401161573638,2.513331128805475,-2.416338874010568,2.230948535260857,-2.707807208919476,7.836563836647012,-0.1608446168429468,2.971847309732629,2.2592762983237704,953.8851353067348,21.43879310982592,14.8114553779692,16.444448539824652,12.752743308167698,7.578995896792942,9.855612118054724,6.221230582074894,8.399971119282888,3.730567932227123,5.414072402778615,2.1128455580549623,3.54351374163482,-2.78,690205.5939907836,21.519292322605008,7.325918985638601,4.204134383579708,162.59031069995737,20.994572059745856,11.735768823996422,10.843243482610037,5.601050810983688,11.814359458703011,16.27347016397548,14.141824241834009,14.083731696315263,8.417796984328938,11.336785877934735,5.15571272675054,20.771211599071872,5.380062770465915,6.041840829147961,37.29827438881211,50.26785898322327,0.0,14.605983116249774,5.15571272675054,38.455944068351485,5.733667477162185,11.073990765314376,0.0,0.0,11.050456081168516,5.131558479839333,0.0,11.336785877934735,68.54635098380861,29.525365011975733,0.0,26.46513959392033,10.535775497216456,0.0,0.0,0.0,201.58,51.4842470947288,22.801408536544404,0.0,15.130702465984026,0.0,11.336785877934735,26.151274369537788,0.0,0.0,15.456479851704078,20.23053332942989,31.44978820569469,0.9796905422586336,44.39737831563419,16.334751159546904,3.256457088644816,-3.375611656986792,-2.3123389733980013,0.0,3.692820624691566,-4.756268639419342,0.4615384615384615,28,5,13,0,1,1,0,1,1,10,4,15,7,0,1,1,2,-1.172499999999998,95.65050000000004,1,0,0,1,0,1,0,0,1,1,3,2,0,0,0,3,1,1,0,0,0,0,0,0,0,0,0,2,0,1,0,0,0,0,0,0,0,0,0,0,0,0,0,0,0,0,0,0,0,0,0,0,0,1,0,0,0,0,0,0,0,0,0,1,0,0,0,0,0,0,0,0,0,0,0,0,0,0,0,0,1,0,0,0,0,562.0,Escherichia coli,Bacteria
116314,,5308395,CHEMBL1690628,"Antimicrobial activity against Escherichia coli DH5[alpha] transformed with pAC-ges1 plasmid encoding Beta-lactamase GES-13 K104, N170 mutant by Etest method",F,BAO_0002146,BAO_0000218,organism-based format,C[C@H]1[C@H](NC(=O)/C(=N\OC(C)(C)C(=O)O)c2csc(N)n2)C(=O)N1S(=O)(=O)O,CHEMBL1687781,Antimicrob Agents Chemother,2010.0,CHEMBL158,AZTREONAM,CHEMBL158,0,http://www.openphacts.org/units/MicrogramPerMilliliter,1337882,=,1,1,=,MIC,ug.mL-1,2.0,CHEMBL354,Escherichia coli,Escherichia coli,562.0,,MIC,ug ml-1,UO_0000274,2.0,CHEMBL158,C[C@H]1[C@H](NC(=O)/C(=N\OC(C)(C)C(=O)O)c2csc(N)n2)C(=O)N1S(=O)(=O)O,12.562141912320484,12.562141912320484,0.0349535856009066,-4.756268639419342,0.174788224513646,20.5,435.44000000000017,418.30400000000014,435.051854504,154,0,0.3620751467724121,-0.4782270320177159,0.4782270320177159,0.3620751467724121,1.4642857142857142,2.071428571428572,2.5,32.24529764273617,10.00401161573638,2.513331128805475,-2.416338874010568,2.230948535260857,-2.707807208919476,7.836563836647012,-0.1608446168429468,2.971847309732629,2.2592762983237704,953.8851353067348,21.43879310982592,14.8114553779692,16.444448539824652,12.752743308167698,7.578995896792942,9.855612118054724,6.221230582074894,8.399971119282888,3.730567932227123,5.414072402778615,2.1128455580549623,3.54351374163482,-2.78,690205.5939907836,21.519292322605008,7.325918985638601,4.204134383579708,162.59031069995737,20.994572059745856,11.735768823996422,10.843243482610037,5.601050810983688,11.814359458703011,16.27347016397548,14.141824241834009,14.083731696315263,8.417796984328938,11.336785877934735,5.15571272675054,20.771211599071872,5.380062770465915,6.041840829147961,37.29827438881211,50.26785898322327,0.0,14.605983116249774,5.15571272675054,38.455944068351485,5.733667477162185,11.073990765314376,0.0,0.0,11.050456081168516,5.131558479839333,0.0,11.336785877934735,68.54635098380861,29.525365011975733,0.0,26.46513959392033,10.535775497216456,0.0,0.0,0.0,201.58,51.4842470947288,22.801408536544404,0.0,15.130702465984026,0.0,11.336785877934735,26.151274369537788,0.0,0.0,15.456479851704078,20.23053332942989,31.44978820569469,0.9796905422586336,44.39737831563419,16.334751159546904,3.256457088644816,-3.375611656986792,-2.3123389733980013,0.0,3.692820624691566,-4.756268639419342,0.4615384615384615,28,5,13,0,1,1,0,1,1,10,4,15,7,0,1,1,2,-1.172499999999998,95.65050000000004,1,0,0,1,0,1,0,0,1,1,3,2,0,0,0,3,1,1,0,0,0,0,0,0,0,0,0,2,0,1,0,0,0,0,0,0,0,0,0,0,0,0,0,0,0,0,0,0,0,0,0,0,0,1,0,0,0,0,0,0,0,0,0,1,0,0,0,0,0,0,0,0,0,0,0,0,0,0,0,0,1,0,0,0,0,562.0,Escherichia coli,Bacteria
116314,,5308395,CHEMBL1690628,"Antimicrobial activity against Escherichia coli DH5[alpha] transformed with pAC-ges1 plasmid encoding Beta-lactamase GES-13 K104, N170 mutant by Etest method",F,BAO_0002146,BAO_0000218,organism-based format,C[C@H]1[C@H](NC(=O)/C(=N\OC(C)(C)C(=O)O)c2csc(N)n2)C(=O)N1S(=O)(=O)O,CHEMBL1687781,Antimicrob Agents Chemother,2010.0,CHEMBL158,AZTREONAM,CHEMBL158,0,http://www.openphacts.org/units/MicrogramPerMilliliter,1337882,=,1,1,=,MIC,ug.mL-1,2.0,CHEMBL354,Escherichia coli,Escherichia coli,562.0,,MIC,ug ml-1,UO_0000274,2.0,CHEMBL158,C[C@H]1[C@H](NC(=O)/C(=N\OC(C)(C)C(=O)O)c2csc(N)n2)C(=O)N1S(=O)(=O)O,12.562141912320484,12.562141912320484,0.0349535856009066,-4.756268639419342,0.174788224513646,20.5,435.44000000000017,418.30400000000014,435.051854504,154,0,0.3620751467724121,-0.4782270320177159,0.4782270320177159,0.3620751467724121,1.4642857142857142,2.071428571428572,2.5,32.24529764273617,10.00401161573638,2.513331128805475,-2.416338874010568,2.230948535260857,-2.707807208919476,7.836563836647012,-0.1608446168429468,2.971847309732629,2.2592762983237704,953.8851353067348,21.43879310982592,14.8114553779692,16.444448539824652,12.752743308167698,7.578995896792942,9.855612118054724,6.221230582074894,8.399971119282888,3.730567932227123,5.414072402778615,2.1128455580549623,3.54351374163482,-2.78,690205.5939907836,21.519292322605008,7.325918985638601,4.204134383579708,162.59031069995737,20.994572059745856,11.735768823996422,10.843243482610037,5.601050810983688,11.814359458703011,16.27347016397548,14.141824241834009,14.083731696315263,8.417796984328938,11.336785877934735,5.15571272675054,20.771211599071872,5.380062770465915,6.041840829147961,37.29827438881211,50.26785898322327,0.0,14.605983116249774,5.15571272675054,38.455944068351485,5.733667477162185,11.073990765314376,0.0,0.0,11.050456081168516,5.131558479839333,0.0,11.336785877934735,68.54635098380861,29.525365011975733,0.0,26.46513959392033,10.535775497216456,0.0,0.0,0.0,201.58,51.4842470947288,22.801408536544404,0.0,15.130702465984026,0.0,11.336785877934735,26.151274369537788,0.0,0.0,15.456479851704078,20.23053332942989,31.44978820569469,0.9796905422586336,44.39737831563419,16.334751159546904,3.256457088644816,-3.375611656986792,-2.3123389733980013,0.0,3.692820624691566,-4.756268639419342,0.4615384615384615,28,5,13,0,1,1,0,1,1,10,4,15,7,0,1,1,2,-1.172499999999998,95.65050000000004,1,0,0,1,0,1,0,0,1,1,3,2,0,0,0,3,1,1,0,0,0,0,0,0,0,0,0,2,0,1,0,0,0,0,0,0,0,0,0,0,0,0,0,0,0,0,0,0,0,0,0,0,0,1,0,0,0,0,0,0,0,0,0,1,0,0,0,0,0,0,0,0,0,0,0,0,0,0,0,0,1,0,0,0,0,562.0,Escherichia coli,Bacteria
116314,,5308395,CHEMBL1690628,"Antimicrobial activity against Escherichia coli DH5[alpha] transformed with pAC-ges1 plasmid encoding Beta-lactamase GES-13 K104, N170 mutant by Etest method",F,BAO_0002146,BAO_0000218,organism-based format,C[C@H]1[C@H](NC(=O)/C(=N\OC(C)(C)C(=O)O)c2csc(N)n2)C(=O)N1S(=O)(=O)O,CHEMBL1687781,Antimicrob Agents Chemother,2010.0,CHEMBL158,AZTREONAM,CHEMBL158,0,http://www.openphacts.org/units/MicrogramPerMilliliter,1337882,=,1,1,=,MIC,ug.mL-1,2.0,CHEMBL354,Escherichia coli,Escherichia coli,562.0,,MIC,ug ml-1,UO_0000274,2.0,CHEMBL158,C[C@H]1[C@H](NC(=O)/C(=N\OC(C)(C)C(=O)O)c2csc(N)n2)C(=O)N1S(=O)(=O)O,12.562141912320484,12.562141912320484,0.0349535856009066,-4.756268639419342,0.174788224513646,20.5,435.44000000000017,418.30400000000014,435.051854504,154,0,0.3620751467724121,-0.4782270320177159,0.4782270320177159,0.3620751467724121,1.4642857142857142,2.071428571428572,2.5,32.24529764273617,10.00401161573638,2.513331128805475,-2.416338874010568,2.230948535260857,-2.707807208919476,7.836563836647012,-0.1608446168429468,2.971847309732629,2.2592762983237704,953.8851353067348,21.43879310982592,14.8114553779692,16.444448539824652,12.752743308167698,7.578995896792942,9.855612118054724,6.221230582074894,8.399971119282888,3.730567932227123,5.414072402778615,2.1128455580549623,3.54351374163482,-2.78,690205.5939907836,21.519292322605008,7.325918985638601,4.204134383579708,162.59031069995737,20.994572059745856,11.735768823996422,10.843243482610037,5.601050810983688,11.814359458703011,16.27347016397548,14.141824241834009,14.083731696315263,8.417796984328938,11.336785877934735,5.15571272675054,20.771211599071872,5.380062770465915,6.041840829147961,37.29827438881211,50.26785898322327,0.0,14.605983116249774,5.15571272675054,38.455944068351485,5.733667477162185,11.073990765314376,0.0,0.0,11.050456081168516,5.131558479839333,0.0,11.336785877934735,68.54635098380861,29.525365011975733,0.0,26.46513959392033,10.535775497216456,0.0,0.0,0.0,201.58,51.4842470947288,22.801408536544404,0.0,15.130702465984026,0.0,11.336785877934735,26.151274369537788,0.0,0.0,15.456479851704078,20.23053332942989,31.44978820569469,0.9796905422586336,44.39737831563419,16.334751159546904,3.256457088644816,-3.375611656986792,-2.3123389733980013,0.0,3.692820624691566,-4.756268639419342,0.4615384615384615,28,5,13,0,1,1,0,1,1,10,4,15,7,0,1,1,2,-1.172499999999998,95.65050000000004,1,0,0,1,0,1,0,0,1,1,3,2,0,0,0,3,1,1,0,0,0,0,0,0,0,0,0,2,0,1,0,0,0,0,0,0,0,0,0,0,0,0,0,0,0,0,0,0,0,0,0,0,0,1,0,0,0,0,0,0,0,0,0,1,0,0,0,0,0,0,0,0,0,0,0,0,0,0,0,0,1,0,0,0,0,562.0,Escherichia coli,Bacteria
116315,,5315256,CHEMBL1691683,Antibacterial activity against Escherichia coli isolate 271,F,BAO_0002146,BAO_0000218,organism-based format,C[C@H]1[C@H](NC(=O)/C(=N\OC(C)(C)C(=O)O)c2csc(N)n2)C(=O)N1S(=O)(=O)O,CHEMBL1687800,Antimicrob Agents Chemother,2010.0,CHEMBL158,AZTREONAM,CHEMBL158,0,http://www.openphacts.org/units/MicrogramPerMilliliter,1338151,=,1,1,=,MIC,ug.mL-1,64.0,CHEMBL354,Escherichia coli,Escherichia coli,562.0,,MIC,ug ml-1,UO_0000274,64.0,CHEMBL158,C[C@H]1[C@H](NC(=O)/C(=N\OC(C)(C)C(=O)O)c2csc(N)n2)C(=O)N1S(=O)(=O)O,12.562141912320484,12.562141912320484,0.0349535856009066,-4.756268639419342,0.174788224513646,20.5,435.44000000000017,418.30400000000014,435.051854504,154,0,0.3620751467724121,-0.4782270320177159,0.4782270320177159,0.3620751467724121,1.4642857142857142,2.071428571428572,2.5,32.24529764273617,10.00401161573638,2.513331128805475,-2.416338874010568,2.230948535260857,-2.707807208919476,7.836563836647012,-0.1608446168429468,2.971847309732629,2.2592762983237704,953.8851353067348,21.43879310982592,14.8114553779692,16.444448539824652,12.752743308167698,7.578995896792942,9.855612118054724,6.221230582074894,8.399971119282888,3.730567932227123,5.414072402778615,2.1128455580549623,3.54351374163482,-2.78,690205.5939907836,21.519292322605008,7.325918985638601,4.204134383579708,162.59031069995737,20.994572059745856,11.735768823996422,10.843243482610037,5.601050810983688,11.814359458703011,16.27347016397548,14.141824241834009,14.083731696315263,8.417796984328938,11.336785877934735,5.15571272675054,20.771211599071872,5.380062770465915,6.041840829147961,37.29827438881211,50.26785898322327,0.0,14.605983116249774,5.15571272675054,38.455944068351485,5.733667477162185,11.073990765314376,0.0,0.0,11.050456081168516,5.131558479839333,0.0,11.336785877934735,68.54635098380861,29.525365011975733,0.0,26.46513959392033,10.535775497216456,0.0,0.0,0.0,201.58,51.4842470947288,22.801408536544404,0.0,15.130702465984026,0.0,11.336785877934735,26.151274369537788,0.0,0.0,15.456479851704078,20.23053332942989,31.44978820569469,0.9796905422586336,44.39737831563419,16.334751159546904,3.256457088644816,-3.375611656986792,-2.3123389733980013,0.0,3.692820624691566,-4.756268639419342,0.4615384615384615,28,5,13,0,1,1,0,1,1,10,4,15,7,0,1,1,2,-1.172499999999998,95.65050000000004,1,0,0,1,0,1,0,0,1,1,3,2,0,0,0,3,1,1,0,0,0,0,0,0,0,0,0,2,0,1,0,0,0,0,0,0,0,0,0,0,0,0,0,0,0,0,0,0,0,0,0,0,0,1,0,0,0,0,0,0,0,0,0,1,0,0,0,0,0,0,0,0,0,0,0,0,0,0,0,0,1,0,0,0,0,562.0,Escherichia coli,Bacteria
116315,,5315256,CHEMBL1691683,Antibacterial activity against Escherichia coli isolate 271,F,BAO_0002146,BAO_0000218,organism-based format,C[C@H]1[C@H](NC(=O)/C(=N\OC(C)(C)C(=O)O)c2csc(N)n2)C(=O)N1S(=O)(=O)O,CHEMBL1687800,Antimicrob Agents Chemother,2010.0,CHEMBL158,AZTREONAM,CHEMBL158,0,http://www.openphacts.org/units/MicrogramPerMilliliter,1338151,=,1,1,=,MIC,ug.mL-1,64.0,CHEMBL354,Escherichia coli,Escherichia coli,562.0,,MIC,ug ml-1,UO_0000274,64.0,CHEMBL158,C[C@H]1[C@H](NC(=O)/C(=N\OC(C)(C)C(=O)O)c2csc(N)n2)C(=O)N1S(=O)(=O)O,12.562141912320484,12.562141912320484,0.0349535856009066,-4.756268639419342,0.174788224513646,20.5,435.44000000000017,418.30400000000014,435.051854504,154,0,0.3620751467724121,-0.4782270320177159,0.4782270320177159,0.3620751467724121,1.4642857142857142,2.071428571428572,2.5,32.24529764273617,10.00401161573638,2.513331128805475,-2.416338874010568,2.230948535260857,-2.707807208919476,7.836563836647012,-0.1608446168429468,2.971847309732629,2.2592762983237704,953.8851353067348,21.43879310982592,14.8114553779692,16.444448539824652,12.752743308167698,7.578995896792942,9.855612118054724,6.221230582074894,8.399971119282888,3.730567932227123,5.414072402778615,2.1128455580549623,3.54351374163482,-2.78,690205.5939907836,21.519292322605008,7.325918985638601,4.204134383579708,162.59031069995737,20.994572059745856,11.735768823996422,10.843243482610037,5.601050810983688,11.814359458703011,16.27347016397548,14.141824241834009,14.083731696315263,8.417796984328938,11.336785877934735,5.15571272675054,20.771211599071872,5.380062770465915,6.041840829147961,37.29827438881211,50.26785898322327,0.0,14.605983116249774,5.15571272675054,38.455944068351485,5.733667477162185,11.073990765314376,0.0,0.0,11.050456081168516,5.131558479839333,0.0,11.336785877934735,68.54635098380861,29.525365011975733,0.0,26.46513959392033,10.535775497216456,0.0,0.0,0.0,201.58,51.4842470947288,22.801408536544404,0.0,15.130702465984026,0.0,11.336785877934735,26.151274369537788,0.0,0.0,15.456479851704078,20.23053332942989,31.44978820569469,0.9796905422586336,44.39737831563419,16.334751159546904,3.256457088644816,-3.375611656986792,-2.3123389733980013,0.0,3.692820624691566,-4.756268639419342,0.4615384615384615,28,5,13,0,1,1,0,1,1,10,4,15,7,0,1,1,2,-1.172499999999998,95.65050000000004,1,0,0,1,0,1,0,0,1,1,3,2,0,0,0,3,1,1,0,0,0,0,0,0,0,0,0,2,0,1,0,0,0,0,0,0,0,0,0,0,0,0,0,0,0,0,0,0,0,0,0,0,0,1,0,0,0,0,0,0,0,0,0,1,0,0,0,0,0,0,0,0,0,0,0,0,0,0,0,0,1,0,0,0,0,562.0,Escherichia coli,Bacteria
116315,,5315256,CHEMBL1691683,Antibacterial activity against Escherichia coli isolate 271,F,BAO_0002146,BAO_0000218,organism-based format,C[C@H]1[C@H](NC(=O)/C(=N\OC(C)(C)C(=O)O)c2csc(N)n2)C(=O)N1S(=O)(=O)O,CHEMBL1687800,Antimicrob Agents Chemother,2010.0,CHEMBL158,AZTREONAM,CHEMBL158,0,http://www.openphacts.org/units/MicrogramPerMilliliter,1338151,=,1,1,=,MIC,ug.mL-1,64.0,CHEMBL354,Escherichia coli,Escherichia coli,562.0,,MIC,ug ml-1,UO_0000274,64.0,CHEMBL158,C[C@H]1[C@H](NC(=O)/C(=N\OC(C)(C)C(=O)O)c2csc(N)n2)C(=O)N1S(=O)(=O)O,12.562141912320484,12.562141912320484,0.0349535856009066,-4.756268639419342,0.174788224513646,20.5,435.44000000000017,418.30400000000014,435.051854504,154,0,0.3620751467724121,-0.4782270320177159,0.4782270320177159,0.3620751467724121,1.4642857142857142,2.071428571428572,2.5,32.24529764273617,10.00401161573638,2.513331128805475,-2.416338874010568,2.230948535260857,-2.707807208919476,7.836563836647012,-0.1608446168429468,2.971847309732629,2.2592762983237704,953.8851353067348,21.43879310982592,14.8114553779692,16.444448539824652,12.752743308167698,7.578995896792942,9.855612118054724,6.221230582074894,8.399971119282888,3.730567932227123,5.414072402778615,2.1128455580549623,3.54351374163482,-2.78,690205.5939907836,21.519292322605008,7.325918985638601,4.204134383579708,162.59031069995737,20.994572059745856,11.735768823996422,10.843243482610037,5.601050810983688,11.814359458703011,16.27347016397548,14.141824241834009,14.083731696315263,8.417796984328938,11.336785877934735,5.15571272675054,20.771211599071872,5.380062770465915,6.041840829147961,37.29827438881211,50.26785898322327,0.0,14.605983116249774,5.15571272675054,38.455944068351485,5.733667477162185,11.073990765314376,0.0,0.0,11.050456081168516,5.131558479839333,0.0,11.336785877934735,68.54635098380861,29.525365011975733,0.0,26.46513959392033,10.535775497216456,0.0,0.0,0.0,201.58,51.4842470947288,22.801408536544404,0.0,15.130702465984026,0.0,11.336785877934735,26.151274369537788,0.0,0.0,15.456479851704078,20.23053332942989,31.44978820569469,0.9796905422586336,44.39737831563419,16.334751159546904,3.256457088644816,-3.375611656986792,-2.3123389733980013,0.0,3.692820624691566,-4.756268639419342,0.4615384615384615,28,5,13,0,1,1,0,1,1,10,4,15,7,0,1,1,2,-1.172499999999998,95.65050000000004,1,0,0,1,0,1,0,0,1,1,3,2,0,0,0,3,1,1,0,0,0,0,0,0,0,0,0,2,0,1,0,0,0,0,0,0,0,0,0,0,0,0,0,0,0,0,0,0,0,0,0,0,0,1,0,0,0,0,0,0,0,0,0,1,0,0,0,0,0,0,0,0,0,0,0,0,0,0,0,0,1,0,0,0,0,562.0,Escherichia coli,Bacteria
116315,,5315256,CHEMBL1691683,Antibacterial activity against Escherichia coli isolate 271,F,BAO_0002146,BAO_0000218,organism-based format,C[C@H]1[C@H](NC(=O)/C(=N\OC(C)(C)C(=O)O)c2csc(N)n2)C(=O)N1S(=O)(=O)O,CHEMBL1687800,Antimicrob Agents Chemother,2010.0,CHEMBL158,AZTREONAM,CHEMBL158,0,http://www.openphacts.org/units/MicrogramPerMilliliter,1338151,=,1,1,=,MIC,ug.mL-1,64.0,CHEMBL354,Escherichia coli,Escherichia coli,562.0,,MIC,ug ml-1,UO_0000274,64.0,CHEMBL158,C[C@H]1[C@H](NC(=O)/C(=N\OC(C)(C)C(=O)O)c2csc(N)n2)C(=O)N1S(=O)(=O)O,12.562141912320484,12.562141912320484,0.0349535856009066,-4.756268639419342,0.174788224513646,20.5,435.44000000000017,418.30400000000014,435.051854504,154,0,0.3620751467724121,-0.4782270320177159,0.4782270320177159,0.3620751467724121,1.4642857142857142,2.071428571428572,2.5,32.24529764273617,10.00401161573638,2.513331128805475,-2.416338874010568,2.230948535260857,-2.707807208919476,7.836563836647012,-0.1608446168429468,2.971847309732629,2.2592762983237704,953.8851353067348,21.43879310982592,14.8114553779692,16.444448539824652,12.752743308167698,7.578995896792942,9.855612118054724,6.221230582074894,8.399971119282888,3.730567932227123,5.414072402778615,2.1128455580549623,3.54351374163482,-2.78,690205.5939907836,21.519292322605008,7.325918985638601,4.204134383579708,162.59031069995737,20.994572059745856,11.735768823996422,10.843243482610037,5.601050810983688,11.814359458703011,16.27347016397548,14.141824241834009,14.083731696315263,8.417796984328938,11.336785877934735,5.15571272675054,20.771211599071872,5.380062770465915,6.041840829147961,37.29827438881211,50.26785898322327,0.0,14.605983116249774,5.15571272675054,38.455944068351485,5.733667477162185,11.073990765314376,0.0,0.0,11.050456081168516,5.131558479839333,0.0,11.336785877934735,68.54635098380861,29.525365011975733,0.0,26.46513959392033,10.535775497216456,0.0,0.0,0.0,201.58,51.4842470947288,22.801408536544404,0.0,15.130702465984026,0.0,11.336785877934735,26.151274369537788,0.0,0.0,15.456479851704078,20.23053332942989,31.44978820569469,0.9796905422586336,44.39737831563419,16.334751159546904,3.256457088644816,-3.375611656986792,-2.3123389733980013,0.0,3.692820624691566,-4.756268639419342,0.4615384615384615,28,5,13,0,1,1,0,1,1,10,4,15,7,0,1,1,2,-1.172499999999998,95.65050000000004,1,0,0,1,0,1,0,0,1,1,3,2,0,0,0,3,1,1,0,0,0,0,0,0,0,0,0,2,0,1,0,0,0,0,0,0,0,0,0,0,0,0,0,0,0,0,0,0,0,0,0,0,0,1,0,0,0,0,0,0,0,0,0,1,0,0,0,0,0,0,0,0,0,0,0,0,0,0,0,0,1,0,0,0,0,562.0,Escherichia coli,Bacteria
116316,,5315257,CHEMBL1691684,Antibacterial activity against Escherichia coli TOP10 expressing metallo-beta-lactamase NDM-1,F,BAO_0002146,BAO_0000218,organism-based format,C[C@H]1[C@H](NC(=O)/C(=N\OC(C)(C)C(=O)O)c2csc(N)n2)C(=O)N1S(=O)(=O)O,CHEMBL1687800,Antimicrob Agents Chemother,2010.0,CHEMBL158,AZTREONAM,CHEMBL158,0,http://www.openphacts.org/units/MicrogramPerMilliliter,1338151,=,1,1,=,MIC,ug.mL-1,0.25,CHEMBL354,Escherichia coli,Escherichia coli,562.0,,MIC,ug ml-1,UO_0000274,0.25,CHEMBL158,C[C@H]1[C@H](NC(=O)/C(=N\OC(C)(C)C(=O)O)c2csc(N)n2)C(=O)N1S(=O)(=O)O,12.562141912320484,12.562141912320484,0.0349535856009066,-4.756268639419342,0.174788224513646,20.5,435.44000000000017,418.30400000000014,435.051854504,154,0,0.3620751467724121,-0.4782270320177159,0.4782270320177159,0.3620751467724121,1.4642857142857142,2.071428571428572,2.5,32.24529764273617,10.00401161573638,2.513331128805475,-2.416338874010568,2.230948535260857,-2.707807208919476,7.836563836647012,-0.1608446168429468,2.971847309732629,2.2592762983237704,953.8851353067348,21.43879310982592,14.8114553779692,16.444448539824652,12.752743308167698,7.578995896792942,9.855612118054724,6.221230582074894,8.399971119282888,3.730567932227123,5.414072402778615,2.1128455580549623,3.54351374163482,-2.78,690205.5939907836,21.519292322605008,7.325918985638601,4.204134383579708,162.59031069995737,20.994572059745856,11.735768823996422,10.843243482610037,5.601050810983688,11.814359458703011,16.27347016397548,14.141824241834009,14.083731696315263,8.417796984328938,11.336785877934735,5.15571272675054,20.771211599071872,5.380062770465915,6.041840829147961,37.29827438881211,50.26785898322327,0.0,14.605983116249774,5.15571272675054,38.455944068351485,5.733667477162185,11.073990765314376,0.0,0.0,11.050456081168516,5.131558479839333,0.0,11.336785877934735,68.54635098380861,29.525365011975733,0.0,26.46513959392033,10.535775497216456,0.0,0.0,0.0,201.58,51.4842470947288,22.801408536544404,0.0,15.130702465984026,0.0,11.336785877934735,26.151274369537788,0.0,0.0,15.456479851704078,20.23053332942989,31.44978820569469,0.9796905422586336,44.39737831563419,16.334751159546904,3.256457088644816,-3.375611656986792,-2.3123389733980013,0.0,3.692820624691566,-4.756268639419342,0.4615384615384615,28,5,13,0,1,1,0,1,1,10,4,15,7,0,1,1,2,-1.172499999999998,95.65050000000004,1,0,0,1,0,1,0,0,1,1,3,2,0,0,0,3,1,1,0,0,0,0,0,0,0,0,0,2,0,1,0,0,0,0,0,0,0,0,0,0,0,0,0,0,0,0,0,0,0,0,0,0,0,1,0,0,0,0,0,0,0,0,0,1,0,0,0,0,0,0,0,0,0,0,0,0,0,0,0,0,1,0,0,0,0,562.0,Escherichia coli,Bacteria
116316,,5315257,CHEMBL1691684,Antibacterial activity against Escherichia coli TOP10 expressing metallo-beta-lactamase NDM-1,F,BAO_0002146,BAO_0000218,organism-based format,C[C@H]1[C@H](NC(=O)/C(=N\OC(C)(C)C(=O)O)c2csc(N)n2)C(=O)N1S(=O)(=O)O,CHEMBL1687800,Antimicrob Agents Chemother,2010.0,CHEMBL158,AZTREONAM,CHEMBL158,0,http://www.openphacts.org/units/MicrogramPerMilliliter,1338151,=,1,1,=,MIC,ug.mL-1,0.25,CHEMBL354,Escherichia coli,Escherichia coli,562.0,,MIC,ug ml-1,UO_0000274,0.25,CHEMBL158,C[C@H]1[C@H](NC(=O)/C(=N\OC(C)(C)C(=O)O)c2csc(N)n2)C(=O)N1S(=O)(=O)O,12.562141912320484,12.562141912320484,0.0349535856009066,-4.756268639419342,0.174788224513646,20.5,435.44000000000017,418.30400000000014,435.051854504,154,0,0.3620751467724121,-0.4782270320177159,0.4782270320177159,0.3620751467724121,1.4642857142857142,2.071428571428572,2.5,32.24529764273617,10.00401161573638,2.513331128805475,-2.416338874010568,2.230948535260857,-2.707807208919476,7.836563836647012,-0.1608446168429468,2.971847309732629,2.2592762983237704,953.8851353067348,21.43879310982592,14.8114553779692,16.444448539824652,12.752743308167698,7.578995896792942,9.855612118054724,6.221230582074894,8.399971119282888,3.730567932227123,5.414072402778615,2.1128455580549623,3.54351374163482,-2.78,690205.5939907836,21.519292322605008,7.325918985638601,4.204134383579708,162.59031069995737,20.994572059745856,11.735768823996422,10.843243482610037,5.601050810983688,11.814359458703011,16.27347016397548,14.141824241834009,14.083731696315263,8.417796984328938,11.336785877934735,5.15571272675054,20.771211599071872,5.380062770465915,6.041840829147961,37.29827438881211,50.26785898322327,0.0,14.605983116249774,5.15571272675054,38.455944068351485,5.733667477162185,11.073990765314376,0.0,0.0,11.050456081168516,5.131558479839333,0.0,11.336785877934735,68.54635098380861,29.525365011975733,0.0,26.46513959392033,10.535775497216456,0.0,0.0,0.0,201.58,51.4842470947288,22.801408536544404,0.0,15.130702465984026,0.0,11.336785877934735,26.151274369537788,0.0,0.0,15.456479851704078,20.23053332942989,31.44978820569469,0.9796905422586336,44.39737831563419,16.334751159546904,3.256457088644816,-3.375611656986792,-2.3123389733980013,0.0,3.692820624691566,-4.756268639419342,0.4615384615384615,28,5,13,0,1,1,0,1,1,10,4,15,7,0,1,1,2,-1.172499999999998,95.65050000000004,1,0,0,1,0,1,0,0,1,1,3,2,0,0,0,3,1,1,0,0,0,0,0,0,0,0,0,2,0,1,0,0,0,0,0,0,0,0,0,0,0,0,0,0,0,0,0,0,0,0,0,0,0,1,0,0,0,0,0,0,0,0,0,1,0,0,0,0,0,0,0,0,0,0,0,0,0,0,0,0,1,0,0,0,0,562.0,Escherichia coli,Bacteria
116316,,5315257,CHEMBL1691684,Antibacterial activity against Escherichia coli TOP10 expressing metallo-beta-lactamase NDM-1,F,BAO_0002146,BAO_0000218,organism-based format,C[C@H]1[C@H](NC(=O)/C(=N\OC(C)(C)C(=O)O)c2csc(N)n2)C(=O)N1S(=O)(=O)O,CHEMBL1687800,Antimicrob Agents Chemother,2010.0,CHEMBL158,AZTREONAM,CHEMBL158,0,http://www.openphacts.org/units/MicrogramPerMilliliter,1338151,=,1,1,=,MIC,ug.mL-1,0.25,CHEMBL354,Escherichia coli,Escherichia coli,562.0,,MIC,ug ml-1,UO_0000274,0.25,CHEMBL158,C[C@H]1[C@H](NC(=O)/C(=N\OC(C)(C)C(=O)O)c2csc(N)n2)C(=O)N1S(=O)(=O)O,12.562141912320484,12.562141912320484,0.0349535856009066,-4.756268639419342,0.174788224513646,20.5,435.44000000000017,418.30400000000014,435.051854504,154,0,0.3620751467724121,-0.4782270320177159,0.4782270320177159,0.3620751467724121,1.4642857142857142,2.071428571428572,2.5,32.24529764273617,10.00401161573638,2.513331128805475,-2.416338874010568,2.230948535260857,-2.707807208919476,7.836563836647012,-0.1608446168429468,2.971847309732629,2.2592762983237704,953.8851353067348,21.43879310982592,14.8114553779692,16.444448539824652,12.752743308167698,7.578995896792942,9.855612118054724,6.221230582074894,8.399971119282888,3.730567932227123,5.414072402778615,2.1128455580549623,3.54351374163482,-2.78,690205.5939907836,21.519292322605008,7.325918985638601,4.204134383579708,162.59031069995737,20.994572059745856,11.735768823996422,10.843243482610037,5.601050810983688,11.814359458703011,16.27347016397548,14.141824241834009,14.083731696315263,8.417796984328938,11.336785877934735,5.15571272675054,20.771211599071872,5.380062770465915,6.041840829147961,37.29827438881211,50.26785898322327,0.0,14.605983116249774,5.15571272675054,38.455944068351485,5.733667477162185,11.073990765314376,0.0,0.0,11.050456081168516,5.131558479839333,0.0,11.336785877934735,68.54635098380861,29.525365011975733,0.0,26.46513959392033,10.535775497216456,0.0,0.0,0.0,201.58,51.4842470947288,22.801408536544404,0.0,15.130702465984026,0.0,11.336785877934735,26.151274369537788,0.0,0.0,15.456479851704078,20.23053332942989,31.44978820569469,0.9796905422586336,44.39737831563419,16.334751159546904,3.256457088644816,-3.375611656986792,-2.3123389733980013,0.0,3.692820624691566,-4.756268639419342,0.4615384615384615,28,5,13,0,1,1,0,1,1,10,4,15,7,0,1,1,2,-1.172499999999998,95.65050000000004,1,0,0,1,0,1,0,0,1,1,3,2,0,0,0,3,1,1,0,0,0,0,0,0,0,0,0,2,0,1,0,0,0,0,0,0,0,0,0,0,0,0,0,0,0,0,0,0,0,0,0,0,0,1,0,0,0,0,0,0,0,0,0,1,0,0,0,0,0,0,0,0,0,0,0,0,0,0,0,0,1,0,0,0,0,562.0,Escherichia coli,Bacteria
116316,,5315257,CHEMBL1691684,Antibacterial activity against Escherichia coli TOP10 expressing metallo-beta-lactamase NDM-1,F,BAO_0002146,BAO_0000218,organism-based format,C[C@H]1[C@H](NC(=O)/C(=N\OC(C)(C)C(=O)O)c2csc(N)n2)C(=O)N1S(=O)(=O)O,CHEMBL1687800,Antimicrob Agents Chemother,2010.0,CHEMBL158,AZTREONAM,CHEMBL158,0,http://www.openphacts.org/units/MicrogramPerMilliliter,1338151,=,1,1,=,MIC,ug.mL-1,0.25,CHEMBL354,Escherichia coli,Escherichia coli,562.0,,MIC,ug ml-1,UO_0000274,0.25,CHEMBL158,C[C@H]1[C@H](NC(=O)/C(=N\OC(C)(C)C(=O)O)c2csc(N)n2)C(=O)N1S(=O)(=O)O,12.562141912320484,12.562141912320484,0.0349535856009066,-4.756268639419342,0.174788224513646,20.5,435.44000000000017,418.30400000000014,435.051854504,154,0,0.3620751467724121,-0.4782270320177159,0.4782270320177159,0.3620751467724121,1.4642857142857142,2.071428571428572,2.5,32.24529764273617,10.00401161573638,2.513331128805475,-2.416338874010568,2.230948535260857,-2.707807208919476,7.836563836647012,-0.1608446168429468,2.971847309732629,2.2592762983237704,953.8851353067348,21.43879310982592,14.8114553779692,16.444448539824652,12.752743308167698,7.578995896792942,9.855612118054724,6.221230582074894,8.399971119282888,3.730567932227123,5.414072402778615,2.1128455580549623,3.54351374163482,-2.78,690205.5939907836,21.519292322605008,7.325918985638601,4.204134383579708,162.59031069995737,20.994572059745856,11.735768823996422,10.843243482610037,5.601050810983688,11.814359458703011,16.27347016397548,14.141824241834009,14.083731696315263,8.417796984328938,11.336785877934735,5.15571272675054,20.771211599071872,5.380062770465915,6.041840829147961,37.29827438881211,50.26785898322327,0.0,14.605983116249774,5.15571272675054,38.455944068351485,5.733667477162185,11.073990765314376,0.0,0.0,11.050456081168516,5.131558479839333,0.0,11.336785877934735,68.54635098380861,29.525365011975733,0.0,26.46513959392033,10.535775497216456,0.0,0.0,0.0,201.58,51.4842470947288,22.801408536544404,0.0,15.130702465984026,0.0,11.336785877934735,26.151274369537788,0.0,0.0,15.456479851704078,20.23053332942989,31.44978820569469,0.9796905422586336,44.39737831563419,16.334751159546904,3.256457088644816,-3.375611656986792,-2.3123389733980013,0.0,3.692820624691566,-4.756268639419342,0.4615384615384615,28,5,13,0,1,1,0,1,1,10,4,15,7,0,1,1,2,-1.172499999999998,95.65050000000004,1,0,0,1,0,1,0,0,1,1,3,2,0,0,0,3,1,1,0,0,0,0,0,0,0,0,0,2,0,1,0,0,0,0,0,0,0,0,0,0,0,0,0,0,0,0,0,0,0,0,0,0,0,1,0,0,0,0,0,0,0,0,0,1,0,0,0,0,0,0,0,0,0,0,0,0,0,0,0,0,1,0,0,0,0,562.0,Escherichia coli,Bacteria
116317,,5315258,CHEMBL1691685,Antibacterial activity against Escherichia coli TOP10,F,BAO_0002146,BAO_0000218,organism-based format,C[C@H]1[C@H](NC(=O)/C(=N\OC(C)(C)C(=O)O)c2csc(N)n2)C(=O)N1S(=O)(=O)O,CHEMBL1687800,Antimicrob Agents Chemother,2010.0,CHEMBL158,AZTREONAM,CHEMBL158,0,http://www.openphacts.org/units/MicrogramPerMilliliter,1338151,=,1,1,=,MIC,ug.mL-1,0.12,CHEMBL354,Escherichia coli,Escherichia coli,562.0,,MIC,ug ml-1,UO_0000274,0.12,CHEMBL158,C[C@H]1[C@H](NC(=O)/C(=N\OC(C)(C)C(=O)O)c2csc(N)n2)C(=O)N1S(=O)(=O)O,12.562141912320484,12.562141912320484,0.0349535856009066,-4.756268639419342,0.174788224513646,20.5,435.44000000000017,418.30400000000014,435.051854504,154,0,0.3620751467724121,-0.4782270320177159,0.4782270320177159,0.3620751467724121,1.4642857142857142,2.071428571428572,2.5,32.24529764273617,10.00401161573638,2.513331128805475,-2.416338874010568,2.230948535260857,-2.707807208919476,7.836563836647012,-0.1608446168429468,2.971847309732629,2.2592762983237704,953.8851353067348,21.43879310982592,14.8114553779692,16.444448539824652,12.752743308167698,7.578995896792942,9.855612118054724,6.221230582074894,8.399971119282888,3.730567932227123,5.414072402778615,2.1128455580549623,3.54351374163482,-2.78,690205.5939907836,21.519292322605008,7.325918985638601,4.204134383579708,162.59031069995737,20.994572059745856,11.735768823996422,10.843243482610037,5.601050810983688,11.814359458703011,16.27347016397548,14.141824241834009,14.083731696315263,8.417796984328938,11.336785877934735,5.15571272675054,20.771211599071872,5.380062770465915,6.041840829147961,37.29827438881211,50.26785898322327,0.0,14.605983116249774,5.15571272675054,38.455944068351485,5.733667477162185,11.073990765314376,0.0,0.0,11.050456081168516,5.131558479839333,0.0,11.336785877934735,68.54635098380861,29.525365011975733,0.0,26.46513959392033,10.535775497216456,0.0,0.0,0.0,201.58,51.4842470947288,22.801408536544404,0.0,15.130702465984026,0.0,11.336785877934735,26.151274369537788,0.0,0.0,15.456479851704078,20.23053332942989,31.44978820569469,0.9796905422586336,44.39737831563419,16.334751159546904,3.256457088644816,-3.375611656986792,-2.3123389733980013,0.0,3.692820624691566,-4.756268639419342,0.4615384615384615,28,5,13,0,1,1,0,1,1,10,4,15,7,0,1,1,2,-1.172499999999998,95.65050000000004,1,0,0,1,0,1,0,0,1,1,3,2,0,0,0,3,1,1,0,0,0,0,0,0,0,0,0,2,0,1,0,0,0,0,0,0,0,0,0,0,0,0,0,0,0,0,0,0,0,0,0,0,0,1,0,0,0,0,0,0,0,0,0,1,0,0,0,0,0,0,0,0,0,0,0,0,0,0,0,0,1,0,0,0,0,562.0,Escherichia coli,Bacteria
116317,,5315258,CHEMBL1691685,Antibacterial activity against Escherichia coli TOP10,F,BAO_0002146,BAO_0000218,organism-based format,C[C@H]1[C@H](NC(=O)/C(=N\OC(C)(C)C(=O)O)c2csc(N)n2)C(=O)N1S(=O)(=O)O,CHEMBL1687800,Antimicrob Agents Chemother,2010.0,CHEMBL158,AZTREONAM,CHEMBL158,0,http://www.openphacts.org/units/MicrogramPerMilliliter,1338151,=,1,1,=,MIC,ug.mL-1,0.12,CHEMBL354,Escherichia coli,Escherichia coli,562.0,,MIC,ug ml-1,UO_0000274,0.12,CHEMBL158,C[C@H]1[C@H](NC(=O)/C(=N\OC(C)(C)C(=O)O)c2csc(N)n2)C(=O)N1S(=O)(=O)O,12.562141912320484,12.562141912320484,0.0349535856009066,-4.756268639419342,0.174788224513646,20.5,435.44000000000017,418.30400000000014,435.051854504,154,0,0.3620751467724121,-0.4782270320177159,0.4782270320177159,0.3620751467724121,1.4642857142857142,2.071428571428572,2.5,32.24529764273617,10.00401161573638,2.513331128805475,-2.416338874010568,2.230948535260857,-2.707807208919476,7.836563836647012,-0.1608446168429468,2.971847309732629,2.2592762983237704,953.8851353067348,21.43879310982592,14.8114553779692,16.444448539824652,12.752743308167698,7.578995896792942,9.855612118054724,6.221230582074894,8.399971119282888,3.730567932227123,5.414072402778615,2.1128455580549623,3.54351374163482,-2.78,690205.5939907836,21.519292322605008,7.325918985638601,4.204134383579708,162.59031069995737,20.994572059745856,11.735768823996422,10.843243482610037,5.601050810983688,11.814359458703011,16.27347016397548,14.141824241834009,14.083731696315263,8.417796984328938,11.336785877934735,5.15571272675054,20.771211599071872,5.380062770465915,6.041840829147961,37.29827438881211,50.26785898322327,0.0,14.605983116249774,5.15571272675054,38.455944068351485,5.733667477162185,11.073990765314376,0.0,0.0,11.050456081168516,5.131558479839333,0.0,11.336785877934735,68.54635098380861,29.525365011975733,0.0,26.46513959392033,10.535775497216456,0.0,0.0,0.0,201.58,51.4842470947288,22.801408536544404,0.0,15.130702465984026,0.0,11.336785877934735,26.151274369537788,0.0,0.0,15.456479851704078,20.23053332942989,31.44978820569469,0.9796905422586336,44.39737831563419,16.334751159546904,3.256457088644816,-3.375611656986792,-2.3123389733980013,0.0,3.692820624691566,-4.756268639419342,0.4615384615384615,28,5,13,0,1,1,0,1,1,10,4,15,7,0,1,1,2,-1.172499999999998,95.65050000000004,1,0,0,1,0,1,0,0,1,1,3,2,0,0,0,3,1,1,0,0,0,0,0,0,0,0,0,2,0,1,0,0,0,0,0,0,0,0,0,0,0,0,0,0,0,0,0,0,0,0,0,0,0,1,0,0,0,0,0,0,0,0,0,1,0,0,0,0,0,0,0,0,0,0,0,0,0,0,0,0,1,0,0,0,0,562.0,Escherichia coli,Bacteria
116317,,5315258,CHEMBL1691685,Antibacterial activity against Escherichia coli TOP10,F,BAO_0002146,BAO_0000218,organism-based format,C[C@H]1[C@H](NC(=O)/C(=N\OC(C)(C)C(=O)O)c2csc(N)n2)C(=O)N1S(=O)(=O)O,CHEMBL1687800,Antimicrob Agents Chemother,2010.0,CHEMBL158,AZTREONAM,CHEMBL158,0,http://www.openphacts.org/units/MicrogramPerMilliliter,1338151,=,1,1,=,MIC,ug.mL-1,0.12,CHEMBL354,Escherichia coli,Escherichia coli,562.0,,MIC,ug ml-1,UO_0000274,0.12,CHEMBL158,C[C@H]1[C@H](NC(=O)/C(=N\OC(C)(C)C(=O)O)c2csc(N)n2)C(=O)N1S(=O)(=O)O,12.562141912320484,12.562141912320484,0.0349535856009066,-4.756268639419342,0.174788224513646,20.5,435.44000000000017,418.30400000000014,435.051854504,154,0,0.3620751467724121,-0.4782270320177159,0.4782270320177159,0.3620751467724121,1.4642857142857142,2.071428571428572,2.5,32.24529764273617,10.00401161573638,2.513331128805475,-2.416338874010568,2.230948535260857,-2.707807208919476,7.836563836647012,-0.1608446168429468,2.971847309732629,2.2592762983237704,953.8851353067348,21.43879310982592,14.8114553779692,16.444448539824652,12.752743308167698,7.578995896792942,9.855612118054724,6.221230582074894,8.399971119282888,3.730567932227123,5.414072402778615,2.1128455580549623,3.54351374163482,-2.78,690205.5939907836,21.519292322605008,7.325918985638601,4.204134383579708,162.59031069995737,20.994572059745856,11.735768823996422,10.843243482610037,5.601050810983688,11.814359458703011,16.27347016397548,14.141824241834009,14.083731696315263,8.417796984328938,11.336785877934735,5.15571272675054,20.771211599071872,5.380062770465915,6.041840829147961,37.29827438881211,50.26785898322327,0.0,14.605983116249774,5.15571272675054,38.455944068351485,5.733667477162185,11.073990765314376,0.0,0.0,11.050456081168516,5.131558479839333,0.0,11.336785877934735,68.54635098380861,29.525365011975733,0.0,26.46513959392033,10.535775497216456,0.0,0.0,0.0,201.58,51.4842470947288,22.801408536544404,0.0,15.130702465984026,0.0,11.336785877934735,26.151274369537788,0.0,0.0,15.456479851704078,20.23053332942989,31.44978820569469,0.9796905422586336,44.39737831563419,16.334751159546904,3.256457088644816,-3.375611656986792,-2.3123389733980013,0.0,3.692820624691566,-4.756268639419342,0.4615384615384615,28,5,13,0,1,1,0,1,1,10,4,15,7,0,1,1,2,-1.172499999999998,95.65050000000004,1,0,0,1,0,1,0,0,1,1,3,2,0,0,0,3,1,1,0,0,0,0,0,0,0,0,0,2,0,1,0,0,0,0,0,0,0,0,0,0,0,0,0,0,0,0,0,0,0,0,0,0,0,1,0,0,0,0,0,0,0,0,0,1,0,0,0,0,0,0,0,0,0,0,0,0,0,0,0,0,1,0,0,0,0,562.0,Escherichia coli,Bacteria
116317,,5315258,CHEMBL1691685,Antibacterial activity against Escherichia coli TOP10,F,BAO_0002146,BAO_0000218,organism-based format,C[C@H]1[C@H](NC(=O)/C(=N\OC(C)(C)C(=O)O)c2csc(N)n2)C(=O)N1S(=O)(=O)O,CHEMBL1687800,Antimicrob Agents Chemother,2010.0,CHEMBL158,AZTREONAM,CHEMBL158,0,http://www.openphacts.org/units/MicrogramPerMilliliter,1338151,=,1,1,=,MIC,ug.mL-1,0.12,CHEMBL354,Escherichia coli,Escherichia coli,562.0,,MIC,ug ml-1,UO_0000274,0.12,CHEMBL158,C[C@H]1[C@H](NC(=O)/C(=N\OC(C)(C)C(=O)O)c2csc(N)n2)C(=O)N1S(=O)(=O)O,12.562141912320484,12.562141912320484,0.0349535856009066,-4.756268639419342,0.174788224513646,20.5,435.44000000000017,418.30400000000014,435.051854504,154,0,0.3620751467724121,-0.4782270320177159,0.4782270320177159,0.3620751467724121,1.4642857142857142,2.071428571428572,2.5,32.24529764273617,10.00401161573638,2.513331128805475,-2.416338874010568,2.230948535260857,-2.707807208919476,7.836563836647012,-0.1608446168429468,2.971847309732629,2.2592762983237704,953.8851353067348,21.43879310982592,14.8114553779692,16.444448539824652,12.752743308167698,7.578995896792942,9.855612118054724,6.221230582074894,8.399971119282888,3.730567932227123,5.414072402778615,2.1128455580549623,3.54351374163482,-2.78,690205.5939907836,21.519292322605008,7.325918985638601,4.204134383579708,162.59031069995737,20.994572059745856,11.735768823996422,10.843243482610037,5.601050810983688,11.814359458703011,16.27347016397548,14.141824241834009,14.083731696315263,8.417796984328938,11.336785877934735,5.15571272675054,20.771211599071872,5.380062770465915,6.041840829147961,37.29827438881211,50.26785898322327,0.0,14.605983116249774,5.15571272675054,38.455944068351485,5.733667477162185,11.073990765314376,0.0,0.0,11.050456081168516,5.131558479839333,0.0,11.336785877934735,68.54635098380861,29.525365011975733,0.0,26.46513959392033,10.535775497216456,0.0,0.0,0.0,201.58,51.4842470947288,22.801408536544404,0.0,15.130702465984026,0.0,11.336785877934735,26.151274369537788,0.0,0.0,15.456479851704078,20.23053332942989,31.44978820569469,0.9796905422586336,44.39737831563419,16.334751159546904,3.256457088644816,-3.375611656986792,-2.3123389733980013,0.0,3.692820624691566,-4.756268639419342,0.4615384615384615,28,5,13,0,1,1,0,1,1,10,4,15,7,0,1,1,2,-1.172499999999998,95.65050000000004,1,0,0,1,0,1,0,0,1,1,3,2,0,0,0,3,1,1,0,0,0,0,0,0,0,0,0,2,0,1,0,0,0,0,0,0,0,0,0,0,0,0,0,0,0,0,0,0,0,0,0,0,0,1,0,0,0,0,0,0,0,0,0,1,0,0,0,0,0,0,0,0,0,0,0,0,0,0,0,0,1,0,0,0,0,562.0,Escherichia coli,Bacteria
116320,Not Active (inhibition < 50% @ 10 uM and thus dose-reponse curve not measured),7616258,CHEMBL1909085,DRUGMATRIX: Alpha-1A adrenergic receptor radioligand binding (ligand: prazosin),B,BAO_0000190,BAO_0000249,cell membrane format,C[C@H]1[C@H](NC(=O)/C(=N\OC(C)(C)C(=O)O)c2csc(N)n2)C(=O)N1S(=O)(=O)O,CHEMBL1909046,,,CHEMBL158,AZTREONAM,CHEMBL158,0,,1539525,,15,0,,IC50,,,CHEMBL319,Rattus norvegicus,Alpha-1a adrenergic receptor,10116.0,,IC50,,,,CHEMBL158,C[C@H]1[C@H](NC(=O)/C(=N\OC(C)(C)C(=O)O)c2csc(N)n2)C(=O)N1S(=O)(=O)O,12.562141912320484,12.562141912320484,0.0349535856009066,-4.756268639419342,0.174788224513646,20.5,435.44000000000017,418.30400000000014,435.051854504,154,0,0.3620751467724121,-0.4782270320177159,0.4782270320177159,0.3620751467724121,1.4642857142857142,2.071428571428572,2.5,32.24529764273617,10.00401161573638,2.513331128805475,-2.416338874010568,2.230948535260857,-2.707807208919476,7.836563836647012,-0.1608446168429468,2.971847309732629,2.2592762983237704,953.8851353067348,21.43879310982592,14.8114553779692,16.444448539824652,12.752743308167698,7.578995896792942,9.855612118054724,6.221230582074894,8.399971119282888,3.730567932227123,5.414072402778615,2.1128455580549623,3.54351374163482,-2.78,690205.5939907836,21.519292322605008,7.325918985638601,4.204134383579708,162.59031069995737,20.994572059745856,11.735768823996422,10.843243482610037,5.601050810983688,11.814359458703011,16.27347016397548,14.141824241834009,14.083731696315263,8.417796984328938,11.336785877934735,5.15571272675054,20.771211599071872,5.380062770465915,6.041840829147961,37.29827438881211,50.26785898322327,0.0,14.605983116249774,5.15571272675054,38.455944068351485,5.733667477162185,11.073990765314376,0.0,0.0,11.050456081168516,5.131558479839333,0.0,11.336785877934735,68.54635098380861,29.525365011975733,0.0,26.46513959392033,10.535775497216456,0.0,0.0,0.0,201.58,51.4842470947288,22.801408536544404,0.0,15.130702465984026,0.0,11.336785877934735,26.151274369537788,0.0,0.0,15.456479851704078,20.23053332942989,31.44978820569469,0.9796905422586336,44.39737831563419,16.334751159546904,3.256457088644816,-3.375611656986792,-2.3123389733980013,0.0,3.692820624691566,-4.756268639419342,0.4615384615384615,28,5,13,0,1,1,0,1,1,10,4,15,7,0,1,1,2,-1.172499999999998,95.65050000000004,1,0,0,1,0,1,0,0,1,1,3,2,0,0,0,3,1,1,0,0,0,0,0,0,0,0,0,2,0,1,0,0,0,0,0,0,0,0,0,0,0,0,0,0,0,0,0,0,0,0,0,0,0,1,0,0,0,0,0,0,0,0,0,1,0,0,0,0,0,0,0,0,0,0,0,0,0,0,0,0,1,0,0,0,0,10116.0,Rattus norvegicus,Eukaryota
116321,Not Active (inhibition < 50% @ 10 uM and thus dose-reponse curve not measured),7617591,CHEMBL1909085,DRUGMATRIX: Alpha-1A adrenergic receptor radioligand binding (ligand: prazosin),B,BAO_0000192,BAO_0000249,cell membrane format,C[C@H]1[C@H](NC(=O)/C(=N\OC(C)(C)C(=O)O)c2csc(N)n2)C(=O)N1S(=O)(=O)O,CHEMBL1909046,,,CHEMBL158,AZTREONAM,CHEMBL158,0,,1539525,,15,0,,Ki,,,CHEMBL319,Rattus norvegicus,Alpha-1a adrenergic receptor,10116.0,,Ki,,,,CHEMBL158,C[C@H]1[C@H](NC(=O)/C(=N\OC(C)(C)C(=O)O)c2csc(N)n2)C(=O)N1S(=O)(=O)O,12.562141912320484,12.562141912320484,0.0349535856009066,-4.756268639419342,0.174788224513646,20.5,435.44000000000017,418.30400000000014,435.051854504,154,0,0.3620751467724121,-0.4782270320177159,0.4782270320177159,0.3620751467724121,1.4642857142857142,2.071428571428572,2.5,32.24529764273617,10.00401161573638,2.513331128805475,-2.416338874010568,2.230948535260857,-2.707807208919476,7.836563836647012,-0.1608446168429468,2.971847309732629,2.2592762983237704,953.8851353067348,21.43879310982592,14.8114553779692,16.444448539824652,12.752743308167698,7.578995896792942,9.855612118054724,6.221230582074894,8.399971119282888,3.730567932227123,5.414072402778615,2.1128455580549623,3.54351374163482,-2.78,690205.5939907836,21.519292322605008,7.325918985638601,4.204134383579708,162.59031069995737,20.994572059745856,11.735768823996422,10.843243482610037,5.601050810983688,11.814359458703011,16.27347016397548,14.141824241834009,14.083731696315263,8.417796984328938,11.336785877934735,5.15571272675054,20.771211599071872,5.380062770465915,6.041840829147961,37.29827438881211,50.26785898322327,0.0,14.605983116249774,5.15571272675054,38.455944068351485,5.733667477162185,11.073990765314376,0.0,0.0,11.050456081168516,5.131558479839333,0.0,11.336785877934735,68.54635098380861,29.525365011975733,0.0,26.46513959392033,10.535775497216456,0.0,0.0,0.0,201.58,51.4842470947288,22.801408536544404,0.0,15.130702465984026,0.0,11.336785877934735,26.151274369537788,0.0,0.0,15.456479851704078,20.23053332942989,31.44978820569469,0.9796905422586336,44.39737831563419,16.334751159546904,3.256457088644816,-3.375611656986792,-2.3123389733980013,0.0,3.692820624691566,-4.756268639419342,0.4615384615384615,28,5,13,0,1,1,0,1,1,10,4,15,7,0,1,1,2,-1.172499999999998,95.65050000000004,1,0,0,1,0,1,0,0,1,1,3,2,0,0,0,3,1,1,0,0,0,0,0,0,0,0,0,2,0,1,0,0,0,0,0,0,0,0,0,0,0,0,0,0,0,0,0,0,0,0,0,0,0,1,0,0,0,0,0,0,0,0,0,1,0,0,0,0,0,0,0,0,0,0,0,0,0,0,0,0,1,0,0,0,0,10116.0,Rattus norvegicus,Eukaryota
116322,Not Active (inhibition < 50% @ 10 uM and thus dose-reponse curve not measured),7617592,CHEMBL1909086,DRUGMATRIX: Alpha-1B adrenergic receptor radioligand binding (ligand: prazosin),B,BAO_0000190,BAO_0000249,cell membrane format,C[C@H]1[C@H](NC(=O)/C(=N\OC(C)(C)C(=O)O)c2csc(N)n2)C(=O)N1S(=O)(=O)O,CHEMBL1909046,,,CHEMBL158,AZTREONAM,CHEMBL158,0,,1539525,,15,0,,IC50,,,CHEMBL315,Rattus norvegicus,Alpha-1b adrenergic receptor,10116.0,,IC50,,,,CHEMBL158,C[C@H]1[C@H](NC(=O)/C(=N\OC(C)(C)C(=O)O)c2csc(N)n2)C(=O)N1S(=O)(=O)O,12.562141912320484,12.562141912320484,0.0349535856009066,-4.756268639419342,0.174788224513646,20.5,435.44000000000017,418.30400000000014,435.051854504,154,0,0.3620751467724121,-0.4782270320177159,0.4782270320177159,0.3620751467724121,1.4642857142857142,2.071428571428572,2.5,32.24529764273617,10.00401161573638,2.513331128805475,-2.416338874010568,2.230948535260857,-2.707807208919476,7.836563836647012,-0.1608446168429468,2.971847309732629,2.2592762983237704,953.8851353067348,21.43879310982592,14.8114553779692,16.444448539824652,12.752743308167698,7.578995896792942,9.855612118054724,6.221230582074894,8.399971119282888,3.730567932227123,5.414072402778615,2.1128455580549623,3.54351374163482,-2.78,690205.5939907836,21.519292322605008,7.325918985638601,4.204134383579708,162.59031069995737,20.994572059745856,11.735768823996422,10.843243482610037,5.601050810983688,11.814359458703011,16.27347016397548,14.141824241834009,14.083731696315263,8.417796984328938,11.336785877934735,5.15571272675054,20.771211599071872,5.380062770465915,6.041840829147961,37.29827438881211,50.26785898322327,0.0,14.605983116249774,5.15571272675054,38.455944068351485,5.733667477162185,11.073990765314376,0.0,0.0,11.050456081168516,5.131558479839333,0.0,11.336785877934735,68.54635098380861,29.525365011975733,0.0,26.46513959392033,10.535775497216456,0.0,0.0,0.0,201.58,51.4842470947288,22.801408536544404,0.0,15.130702465984026,0.0,11.336785877934735,26.151274369537788,0.0,0.0,15.456479851704078,20.23053332942989,31.44978820569469,0.9796905422586336,44.39737831563419,16.334751159546904,3.256457088644816,-3.375611656986792,-2.3123389733980013,0.0,3.692820624691566,-4.756268639419342,0.4615384615384615,28,5,13,0,1,1,0,1,1,10,4,15,7,0,1,1,2,-1.172499999999998,95.65050000000004,1,0,0,1,0,1,0,0,1,1,3,2,0,0,0,3,1,1,0,0,0,0,0,0,0,0,0,2,0,1,0,0,0,0,0,0,0,0,0,0,0,0,0,0,0,0,0,0,0,0,0,0,0,1,0,0,0,0,0,0,0,0,0,1,0,0,0,0,0,0,0,0,0,0,0,0,0,0,0,0,1,0,0,0,0,10116.0,Rattus norvegicus,Eukaryota
116323,Not Active (inhibition < 50% @ 10 uM and thus dose-reponse curve not measured),7617593,CHEMBL1909086,DRUGMATRIX: Alpha-1B adrenergic receptor radioligand binding (ligand: prazosin),B,BAO_0000192,BAO_0000249,cell membrane format,C[C@H]1[C@H](NC(=O)/C(=N\OC(C)(C)C(=O)O)c2csc(N)n2)C(=O)N1S(=O)(=O)O,CHEMBL1909046,,,CHEMBL158,AZTREONAM,CHEMBL158,0,,1539525,,15,0,,Ki,,,CHEMBL315,Rattus norvegicus,Alpha-1b adrenergic receptor,10116.0,,Ki,,,,CHEMBL158,C[C@H]1[C@H](NC(=O)/C(=N\OC(C)(C)C(=O)O)c2csc(N)n2)C(=O)N1S(=O)(=O)O,12.562141912320484,12.562141912320484,0.0349535856009066,-4.756268639419342,0.174788224513646,20.5,435.44000000000017,418.30400000000014,435.051854504,154,0,0.3620751467724121,-0.4782270320177159,0.4782270320177159,0.3620751467724121,1.4642857142857142,2.071428571428572,2.5,32.24529764273617,10.00401161573638,2.513331128805475,-2.416338874010568,2.230948535260857,-2.707807208919476,7.836563836647012,-0.1608446168429468,2.971847309732629,2.2592762983237704,953.8851353067348,21.43879310982592,14.8114553779692,16.444448539824652,12.752743308167698,7.578995896792942,9.855612118054724,6.221230582074894,8.399971119282888,3.730567932227123,5.414072402778615,2.1128455580549623,3.54351374163482,-2.78,690205.5939907836,21.519292322605008,7.325918985638601,4.204134383579708,162.59031069995737,20.994572059745856,11.735768823996422,10.843243482610037,5.601050810983688,11.814359458703011,16.27347016397548,14.141824241834009,14.083731696315263,8.417796984328938,11.336785877934735,5.15571272675054,20.771211599071872,5.380062770465915,6.041840829147961,37.29827438881211,50.26785898322327,0.0,14.605983116249774,5.15571272675054,38.455944068351485,5.733667477162185,11.073990765314376,0.0,0.0,11.050456081168516,5.131558479839333,0.0,11.336785877934735,68.54635098380861,29.525365011975733,0.0,26.46513959392033,10.535775497216456,0.0,0.0,0.0,201.58,51.4842470947288,22.801408536544404,0.0,15.130702465984026,0.0,11.336785877934735,26.151274369537788,0.0,0.0,15.456479851704078,20.23053332942989,31.44978820569469,0.9796905422586336,44.39737831563419,16.334751159546904,3.256457088644816,-3.375611656986792,-2.3123389733980013,0.0,3.692820624691566,-4.756268639419342,0.4615384615384615,28,5,13,0,1,1,0,1,1,10,4,15,7,0,1,1,2,-1.172499999999998,95.65050000000004,1,0,0,1,0,1,0,0,1,1,3,2,0,0,0,3,1,1,0,0,0,0,0,0,0,0,0,2,0,1,0,0,0,0,0,0,0,0,0,0,0,0,0,0,0,0,0,0,0,0,0,0,0,1,0,0,0,0,0,0,0,0,0,1,0,0,0,0,0,0,0,0,0,0,0,0,0,0,0,0,1,0,0,0,0,10116.0,Rattus norvegicus,Eukaryota
116324,Not Active (inhibition < 50% @ 10 uM and thus dose-reponse curve not measured),7617610,CHEMBL1909095,DRUGMATRIX: Aldose Reductase enzyme inhibition (substrate: DL-Glyceraldehyde),B,BAO_0000190,BAO_0000221,tissue-based format,C[C@H]1[C@H](NC(=O)/C(=N\OC(C)(C)C(=O)O)c2csc(N)n2)C(=O)N1S(=O)(=O)O,CHEMBL1909046,,,CHEMBL158,AZTREONAM,CHEMBL158,0,,1539525,,15,0,,IC50,,,CHEMBL2622,Rattus norvegicus,Aldose reductase,10116.0,,IC50,,,,CHEMBL158,C[C@H]1[C@H](NC(=O)/C(=N\OC(C)(C)C(=O)O)c2csc(N)n2)C(=O)N1S(=O)(=O)O,12.562141912320484,12.562141912320484,0.0349535856009066,-4.756268639419342,0.174788224513646,20.5,435.44000000000017,418.30400000000014,435.051854504,154,0,0.3620751467724121,-0.4782270320177159,0.4782270320177159,0.3620751467724121,1.4642857142857142,2.071428571428572,2.5,32.24529764273617,10.00401161573638,2.513331128805475,-2.416338874010568,2.230948535260857,-2.707807208919476,7.836563836647012,-0.1608446168429468,2.971847309732629,2.2592762983237704,953.8851353067348,21.43879310982592,14.8114553779692,16.444448539824652,12.752743308167698,7.578995896792942,9.855612118054724,6.221230582074894,8.399971119282888,3.730567932227123,5.414072402778615,2.1128455580549623,3.54351374163482,-2.78,690205.5939907836,21.519292322605008,7.325918985638601,4.204134383579708,162.59031069995737,20.994572059745856,11.735768823996422,10.843243482610037,5.601050810983688,11.814359458703011,16.27347016397548,14.141824241834009,14.083731696315263,8.417796984328938,11.336785877934735,5.15571272675054,20.771211599071872,5.380062770465915,6.041840829147961,37.29827438881211,50.26785898322327,0.0,14.605983116249774,5.15571272675054,38.455944068351485,5.733667477162185,11.073990765314376,0.0,0.0,11.050456081168516,5.131558479839333,0.0,11.336785877934735,68.54635098380861,29.525365011975733,0.0,26.46513959392033,10.535775497216456,0.0,0.0,0.0,201.58,51.4842470947288,22.801408536544404,0.0,15.130702465984026,0.0,11.336785877934735,26.151274369537788,0.0,0.0,15.456479851704078,20.23053332942989,31.44978820569469,0.9796905422586336,44.39737831563419,16.334751159546904,3.256457088644816,-3.375611656986792,-2.3123389733980013,0.0,3.692820624691566,-4.756268639419342,0.4615384615384615,28,5,13,0,1,1,0,1,1,10,4,15,7,0,1,1,2,-1.172499999999998,95.65050000000004,1,0,0,1,0,1,0,0,1,1,3,2,0,0,0,3,1,1,0,0,0,0,0,0,0,0,0,2,0,1,0,0,0,0,0,0,0,0,0,0,0,0,0,0,0,0,0,0,0,0,0,0,0,1,0,0,0,0,0,0,0,0,0,1,0,0,0,0,0,0,0,0,0,0,0,0,0,0,0,0,1,0,0,0,0,10116.0,Rattus norvegicus,Eukaryota
116325,Not Active (inhibition < 50% @ 10 uM and thus dose-reponse curve not measured),7617611,CHEMBL1909095,DRUGMATRIX: Aldose Reductase enzyme inhibition (substrate: DL-Glyceraldehyde),B,BAO_0000192,BAO_0000221,tissue-based format,C[C@H]1[C@H](NC(=O)/C(=N\OC(C)(C)C(=O)O)c2csc(N)n2)C(=O)N1S(=O)(=O)O,CHEMBL1909046,,,CHEMBL158,AZTREONAM,CHEMBL158,0,,1539525,,15,0,,Ki,,,CHEMBL2622,Rattus norvegicus,Aldose reductase,10116.0,,Ki,,,,CHEMBL158,C[C@H]1[C@H](NC(=O)/C(=N\OC(C)(C)C(=O)O)c2csc(N)n2)C(=O)N1S(=O)(=O)O,12.562141912320484,12.562141912320484,0.0349535856009066,-4.756268639419342,0.174788224513646,20.5,435.44000000000017,418.30400000000014,435.051854504,154,0,0.3620751467724121,-0.4782270320177159,0.4782270320177159,0.3620751467724121,1.4642857142857142,2.071428571428572,2.5,32.24529764273617,10.00401161573638,2.513331128805475,-2.416338874010568,2.230948535260857,-2.707807208919476,7.836563836647012,-0.1608446168429468,2.971847309732629,2.2592762983237704,953.8851353067348,21.43879310982592,14.8114553779692,16.444448539824652,12.752743308167698,7.578995896792942,9.855612118054724,6.221230582074894,8.399971119282888,3.730567932227123,5.414072402778615,2.1128455580549623,3.54351374163482,-2.78,690205.5939907836,21.519292322605008,7.325918985638601,4.204134383579708,162.59031069995737,20.994572059745856,11.735768823996422,10.843243482610037,5.601050810983688,11.814359458703011,16.27347016397548,14.141824241834009,14.083731696315263,8.417796984328938,11.336785877934735,5.15571272675054,20.771211599071872,5.380062770465915,6.041840829147961,37.29827438881211,50.26785898322327,0.0,14.605983116249774,5.15571272675054,38.455944068351485,5.733667477162185,11.073990765314376,0.0,0.0,11.050456081168516,5.131558479839333,0.0,11.336785877934735,68.54635098380861,29.525365011975733,0.0,26.46513959392033,10.535775497216456,0.0,0.0,0.0,201.58,51.4842470947288,22.801408536544404,0.0,15.130702465984026,0.0,11.336785877934735,26.151274369537788,0.0,0.0,15.456479851704078,20.23053332942989,31.44978820569469,0.9796905422586336,44.39737831563419,16.334751159546904,3.256457088644816,-3.375611656986792,-2.3123389733980013,0.0,3.692820624691566,-4.756268639419342,0.4615384615384615,28,5,13,0,1,1,0,1,1,10,4,15,7,0,1,1,2,-1.172499999999998,95.65050000000004,1,0,0,1,0,1,0,0,1,1,3,2,0,0,0,3,1,1,0,0,0,0,0,0,0,0,0,2,0,1,0,0,0,0,0,0,0,0,0,0,0,0,0,0,0,0,0,0,0,0,0,0,0,1,0,0,0,0,0,0,0,0,0,1,0,0,0,0,0,0,0,0,0,0,0,0,0,0,0,0,1,0,0,0,0,10116.0,Rattus norvegicus,Eukaryota
116352,Not Active (inhibition < 50% @ 10 uM and thus dose-reponse curve not measured),7617696,CHEMBL1909155,"DRUGMATRIX: Glycine, Strychnine-Sensitive radioligand binding (ligand: [3H] Strychnine)",B,BAO_0000190,BAO_0000249,cell membrane format,C[C@H]1[C@H](NC(=O)/C(=N\OC(C)(C)C(=O)O)c2csc(N)n2)C(=O)N1S(=O)(=O)O,CHEMBL1909046,,,CHEMBL158,AZTREONAM,CHEMBL158,0,,1539525,,15,0,,IC50,,,CHEMBL3392921,Rattus norvegicus,Glycine receptor,10116.0,,IC50,,,,CHEMBL158,C[C@H]1[C@H](NC(=O)/C(=N\OC(C)(C)C(=O)O)c2csc(N)n2)C(=O)N1S(=O)(=O)O,12.562141912320484,12.562141912320484,0.0349535856009066,-4.756268639419342,0.174788224513646,20.5,435.44000000000017,418.30400000000014,435.051854504,154,0,0.3620751467724121,-0.4782270320177159,0.4782270320177159,0.3620751467724121,1.4642857142857142,2.071428571428572,2.5,32.24529764273617,10.00401161573638,2.513331128805475,-2.416338874010568,2.230948535260857,-2.707807208919476,7.836563836647012,-0.1608446168429468,2.971847309732629,2.2592762983237704,953.8851353067348,21.43879310982592,14.8114553779692,16.444448539824652,12.752743308167698,7.578995896792942,9.855612118054724,6.221230582074894,8.399971119282888,3.730567932227123,5.414072402778615,2.1128455580549623,3.54351374163482,-2.78,690205.5939907836,21.519292322605008,7.325918985638601,4.204134383579708,162.59031069995737,20.994572059745856,11.735768823996422,10.843243482610037,5.601050810983688,11.814359458703011,16.27347016397548,14.141824241834009,14.083731696315263,8.417796984328938,11.336785877934735,5.15571272675054,20.771211599071872,5.380062770465915,6.041840829147961,37.29827438881211,50.26785898322327,0.0,14.605983116249774,5.15571272675054,38.455944068351485,5.733667477162185,11.073990765314376,0.0,0.0,11.050456081168516,5.131558479839333,0.0,11.336785877934735,68.54635098380861,29.525365011975733,0.0,26.46513959392033,10.535775497216456,0.0,0.0,0.0,201.58,51.4842470947288,22.801408536544404,0.0,15.130702465984026,0.0,11.336785877934735,26.151274369537788,0.0,0.0,15.456479851704078,20.23053332942989,31.44978820569469,0.9796905422586336,44.39737831563419,16.334751159546904,3.256457088644816,-3.375611656986792,-2.3123389733980013,0.0,3.692820624691566,-4.756268639419342,0.4615384615384615,28,5,13,0,1,1,0,1,1,10,4,15,7,0,1,1,2,-1.172499999999998,95.65050000000004,1,0,0,1,0,1,0,0,1,1,3,2,0,0,0,3,1,1,0,0,0,0,0,0,0,0,0,2,0,1,0,0,0,0,0,0,0,0,0,0,0,0,0,0,0,0,0,0,0,0,0,0,0,1,0,0,0,0,0,0,0,0,0,1,0,0,0,0,0,0,0,0,0,0,0,0,0,0,0,0,1,0,0,0,0,10116.0,Rattus norvegicus,Eukaryota
116353,Not Active (inhibition < 50% @ 10 uM and thus dose-reponse curve not measured),7617697,CHEMBL1909155,"DRUGMATRIX: Glycine, Strychnine-Sensitive radioligand binding (ligand: [3H] Strychnine)",B,BAO_0000192,BAO_0000249,cell membrane format,C[C@H]1[C@H](NC(=O)/C(=N\OC(C)(C)C(=O)O)c2csc(N)n2)C(=O)N1S(=O)(=O)O,CHEMBL1909046,,,CHEMBL158,AZTREONAM,CHEMBL158,0,,1539525,,15,0,,Ki,,,CHEMBL3392921,Rattus norvegicus,Glycine receptor,10116.0,,Ki,,,,CHEMBL158,C[C@H]1[C@H](NC(=O)/C(=N\OC(C)(C)C(=O)O)c2csc(N)n2)C(=O)N1S(=O)(=O)O,12.562141912320484,12.562141912320484,0.0349535856009066,-4.756268639419342,0.174788224513646,20.5,435.44000000000017,418.30400000000014,435.051854504,154,0,0.3620751467724121,-0.4782270320177159,0.4782270320177159,0.3620751467724121,1.4642857142857142,2.071428571428572,2.5,32.24529764273617,10.00401161573638,2.513331128805475,-2.416338874010568,2.230948535260857,-2.707807208919476,7.836563836647012,-0.1608446168429468,2.971847309732629,2.2592762983237704,953.8851353067348,21.43879310982592,14.8114553779692,16.444448539824652,12.752743308167698,7.578995896792942,9.855612118054724,6.221230582074894,8.399971119282888,3.730567932227123,5.414072402778615,2.1128455580549623,3.54351374163482,-2.78,690205.5939907836,21.519292322605008,7.325918985638601,4.204134383579708,162.59031069995737,20.994572059745856,11.735768823996422,10.843243482610037,5.601050810983688,11.814359458703011,16.27347016397548,14.141824241834009,14.083731696315263,8.417796984328938,11.336785877934735,5.15571272675054,20.771211599071872,5.380062770465915,6.041840829147961,37.29827438881211,50.26785898322327,0.0,14.605983116249774,5.15571272675054,38.455944068351485,5.733667477162185,11.073990765314376,0.0,0.0,11.050456081168516,5.131558479839333,0.0,11.336785877934735,68.54635098380861,29.525365011975733,0.0,26.46513959392033,10.535775497216456,0.0,0.0,0.0,201.58,51.4842470947288,22.801408536544404,0.0,15.130702465984026,0.0,11.336785877934735,26.151274369537788,0.0,0.0,15.456479851704078,20.23053332942989,31.44978820569469,0.9796905422586336,44.39737831563419,16.334751159546904,3.256457088644816,-3.375611656986792,-2.3123389733980013,0.0,3.692820624691566,-4.756268639419342,0.4615384615384615,28,5,13,0,1,1,0,1,1,10,4,15,7,0,1,1,2,-1.172499999999998,95.65050000000004,1,0,0,1,0,1,0,0,1,1,3,2,0,0,0,3,1,1,0,0,0,0,0,0,0,0,0,2,0,1,0,0,0,0,0,0,0,0,0,0,0,0,0,0,0,0,0,0,0,0,0,0,0,1,0,0,0,0,0,0,0,0,0,1,0,0,0,0,0,0,0,0,0,0,0,0,0,0,0,0,1,0,0,0,0,10116.0,Rattus norvegicus,Eukaryota
116356,Not Active (inhibition < 50% @ 10 uM and thus dose-reponse curve not measured),7617706,CHEMBL1909160,DRUGMATRIX: Insulin radioligand binding (ligand: [125I] Insulin),B,BAO_0000190,BAO_0000249,cell membrane format,C[C@H]1[C@H](NC(=O)/C(=N\OC(C)(C)C(=O)O)c2csc(N)n2)C(=O)N1S(=O)(=O)O,CHEMBL1909046,,,CHEMBL158,AZTREONAM,CHEMBL158,0,,1539525,,15,0,,IC50,,,CHEMBL5486,Rattus norvegicus,Insulin receptor,10116.0,,IC50,,,,CHEMBL158,C[C@H]1[C@H](NC(=O)/C(=N\OC(C)(C)C(=O)O)c2csc(N)n2)C(=O)N1S(=O)(=O)O,12.562141912320484,12.562141912320484,0.0349535856009066,-4.756268639419342,0.174788224513646,20.5,435.44000000000017,418.30400000000014,435.051854504,154,0,0.3620751467724121,-0.4782270320177159,0.4782270320177159,0.3620751467724121,1.4642857142857142,2.071428571428572,2.5,32.24529764273617,10.00401161573638,2.513331128805475,-2.416338874010568,2.230948535260857,-2.707807208919476,7.836563836647012,-0.1608446168429468,2.971847309732629,2.2592762983237704,953.8851353067348,21.43879310982592,14.8114553779692,16.444448539824652,12.752743308167698,7.578995896792942,9.855612118054724,6.221230582074894,8.399971119282888,3.730567932227123,5.414072402778615,2.1128455580549623,3.54351374163482,-2.78,690205.5939907836,21.519292322605008,7.325918985638601,4.204134383579708,162.59031069995737,20.994572059745856,11.735768823996422,10.843243482610037,5.601050810983688,11.814359458703011,16.27347016397548,14.141824241834009,14.083731696315263,8.417796984328938,11.336785877934735,5.15571272675054,20.771211599071872,5.380062770465915,6.041840829147961,37.29827438881211,50.26785898322327,0.0,14.605983116249774,5.15571272675054,38.455944068351485,5.733667477162185,11.073990765314376,0.0,0.0,11.050456081168516,5.131558479839333,0.0,11.336785877934735,68.54635098380861,29.525365011975733,0.0,26.46513959392033,10.535775497216456,0.0,0.0,0.0,201.58,51.4842470947288,22.801408536544404,0.0,15.130702465984026,0.0,11.336785877934735,26.151274369537788,0.0,0.0,15.456479851704078,20.23053332942989,31.44978820569469,0.9796905422586336,44.39737831563419,16.334751159546904,3.256457088644816,-3.375611656986792,-2.3123389733980013,0.0,3.692820624691566,-4.756268639419342,0.4615384615384615,28,5,13,0,1,1,0,1,1,10,4,15,7,0,1,1,2,-1.172499999999998,95.65050000000004,1,0,0,1,0,1,0,0,1,1,3,2,0,0,0,3,1,1,0,0,0,0,0,0,0,0,0,2,0,1,0,0,0,0,0,0,0,0,0,0,0,0,0,0,0,0,0,0,0,0,0,0,0,1,0,0,0,0,0,0,0,0,0,1,0,0,0,0,0,0,0,0,0,0,0,0,0,0,0,0,1,0,0,0,0,10116.0,Rattus norvegicus,Eukaryota
116357,Not Active (inhibition < 50% @ 10 uM and thus dose-reponse curve not measured),7617707,CHEMBL1909160,DRUGMATRIX: Insulin radioligand binding (ligand: [125I] Insulin),B,BAO_0000192,BAO_0000249,cell membrane format,C[C@H]1[C@H](NC(=O)/C(=N\OC(C)(C)C(=O)O)c2csc(N)n2)C(=O)N1S(=O)(=O)O,CHEMBL1909046,,,CHEMBL158,AZTREONAM,CHEMBL158,0,,1539525,,15,0,,Ki,,,CHEMBL5486,Rattus norvegicus,Insulin receptor,10116.0,,Ki,,,,CHEMBL158,C[C@H]1[C@H](NC(=O)/C(=N\OC(C)(C)C(=O)O)c2csc(N)n2)C(=O)N1S(=O)(=O)O,12.562141912320484,12.562141912320484,0.0349535856009066,-4.756268639419342,0.174788224513646,20.5,435.44000000000017,418.30400000000014,435.051854504,154,0,0.3620751467724121,-0.4782270320177159,0.4782270320177159,0.3620751467724121,1.4642857142857142,2.071428571428572,2.5,32.24529764273617,10.00401161573638,2.513331128805475,-2.416338874010568,2.230948535260857,-2.707807208919476,7.836563836647012,-0.1608446168429468,2.971847309732629,2.2592762983237704,953.8851353067348,21.43879310982592,14.8114553779692,16.444448539824652,12.752743308167698,7.578995896792942,9.855612118054724,6.221230582074894,8.399971119282888,3.730567932227123,5.414072402778615,2.1128455580549623,3.54351374163482,-2.78,690205.5939907836,21.519292322605008,7.325918985638601,4.204134383579708,162.59031069995737,20.994572059745856,11.735768823996422,10.843243482610037,5.601050810983688,11.814359458703011,16.27347016397548,14.141824241834009,14.083731696315263,8.417796984328938,11.336785877934735,5.15571272675054,20.771211599071872,5.380062770465915,6.041840829147961,37.29827438881211,50.26785898322327,0.0,14.605983116249774,5.15571272675054,38.455944068351485,5.733667477162185,11.073990765314376,0.0,0.0,11.050456081168516,5.131558479839333,0.0,11.336785877934735,68.54635098380861,29.525365011975733,0.0,26.46513959392033,10.535775497216456,0.0,0.0,0.0,201.58,51.4842470947288,22.801408536544404,0.0,15.130702465984026,0.0,11.336785877934735,26.151274369537788,0.0,0.0,15.456479851704078,20.23053332942989,31.44978820569469,0.9796905422586336,44.39737831563419,16.334751159546904,3.256457088644816,-3.375611656986792,-2.3123389733980013,0.0,3.692820624691566,-4.756268639419342,0.4615384615384615,28,5,13,0,1,1,0,1,1,10,4,15,7,0,1,1,2,-1.172499999999998,95.65050000000004,1,0,0,1,0,1,0,0,1,1,3,2,0,0,0,3,1,1,0,0,0,0,0,0,0,0,0,2,0,1,0,0,0,0,0,0,0,0,0,0,0,0,0,0,0,0,0,0,0,0,0,0,0,1,0,0,0,0,0,0,0,0,0,1,0,0,0,0,0,0,0,0,0,0,0,0,0,0,0,0,1,0,0,0,0,10116.0,Rattus norvegicus,Eukaryota
116362,Not Active (inhibition < 50% @ 10 uM and thus dose-reponse curve not measured),7617712,CHEMBL1909163,DRUGMATRIX: Leukotriene LTC4 Synthase enzyme inhibition (substrate: LTA4),B,BAO_0000190,BAO_0000221,tissue-based format,C[C@H]1[C@H](NC(=O)/C(=N\OC(C)(C)C(=O)O)c2csc(N)n2)C(=O)N1S(=O)(=O)O,CHEMBL1909046,,,CHEMBL158,AZTREONAM,CHEMBL158,0,,1539525,,15,0,,IC50,,,CHEMBL1909043,Cavia porcellus,Leukotriene C4 synthase,10141.0,,IC50,,,,CHEMBL158,C[C@H]1[C@H](NC(=O)/C(=N\OC(C)(C)C(=O)O)c2csc(N)n2)C(=O)N1S(=O)(=O)O,12.562141912320484,12.562141912320484,0.0349535856009066,-4.756268639419342,0.174788224513646,20.5,435.44000000000017,418.30400000000014,435.051854504,154,0,0.3620751467724121,-0.4782270320177159,0.4782270320177159,0.3620751467724121,1.4642857142857142,2.071428571428572,2.5,32.24529764273617,10.00401161573638,2.513331128805475,-2.416338874010568,2.230948535260857,-2.707807208919476,7.836563836647012,-0.1608446168429468,2.971847309732629,2.2592762983237704,953.8851353067348,21.43879310982592,14.8114553779692,16.444448539824652,12.752743308167698,7.578995896792942,9.855612118054724,6.221230582074894,8.399971119282888,3.730567932227123,5.414072402778615,2.1128455580549623,3.54351374163482,-2.78,690205.5939907836,21.519292322605008,7.325918985638601,4.204134383579708,162.59031069995737,20.994572059745856,11.735768823996422,10.843243482610037,5.601050810983688,11.814359458703011,16.27347016397548,14.141824241834009,14.083731696315263,8.417796984328938,11.336785877934735,5.15571272675054,20.771211599071872,5.380062770465915,6.041840829147961,37.29827438881211,50.26785898322327,0.0,14.605983116249774,5.15571272675054,38.455944068351485,5.733667477162185,11.073990765314376,0.0,0.0,11.050456081168516,5.131558479839333,0.0,11.336785877934735,68.54635098380861,29.525365011975733,0.0,26.46513959392033,10.535775497216456,0.0,0.0,0.0,201.58,51.4842470947288,22.801408536544404,0.0,15.130702465984026,0.0,11.336785877934735,26.151274369537788,0.0,0.0,15.456479851704078,20.23053332942989,31.44978820569469,0.9796905422586336,44.39737831563419,16.334751159546904,3.256457088644816,-3.375611656986792,-2.3123389733980013,0.0,3.692820624691566,-4.756268639419342,0.4615384615384615,28,5,13,0,1,1,0,1,1,10,4,15,7,0,1,1,2,-1.172499999999998,95.65050000000004,1,0,0,1,0,1,0,0,1,1,3,2,0,0,0,3,1,1,0,0,0,0,0,0,0,0,0,2,0,1,0,0,0,0,0,0,0,0,0,0,0,0,0,0,0,0,0,0,0,0,0,0,0,1,0,0,0,0,0,0,0,0,0,1,0,0,0,0,0,0,0,0,0,0,0,0,0,0,0,0,1,0,0,0,0,10141.0,Cavia porcellus,Eukaryota
116363,Not Active (inhibition < 50% @ 10 uM and thus dose-reponse curve not measured),7617713,CHEMBL1909163,DRUGMATRIX: Leukotriene LTC4 Synthase enzyme inhibition (substrate: LTA4),B,BAO_0000192,BAO_0000221,tissue-based format,C[C@H]1[C@H](NC(=O)/C(=N\OC(C)(C)C(=O)O)c2csc(N)n2)C(=O)N1S(=O)(=O)O,CHEMBL1909046,,,CHEMBL158,AZTREONAM,CHEMBL158,0,,1539525,,15,0,,Ki,,,CHEMBL1909043,Cavia porcellus,Leukotriene C4 synthase,10141.0,,Ki,,,,CHEMBL158,C[C@H]1[C@H](NC(=O)/C(=N\OC(C)(C)C(=O)O)c2csc(N)n2)C(=O)N1S(=O)(=O)O,12.562141912320484,12.562141912320484,0.0349535856009066,-4.756268639419342,0.174788224513646,20.5,435.44000000000017,418.30400000000014,435.051854504,154,0,0.3620751467724121,-0.4782270320177159,0.4782270320177159,0.3620751467724121,1.4642857142857142,2.071428571428572,2.5,32.24529764273617,10.00401161573638,2.513331128805475,-2.416338874010568,2.230948535260857,-2.707807208919476,7.836563836647012,-0.1608446168429468,2.971847309732629,2.2592762983237704,953.8851353067348,21.43879310982592,14.8114553779692,16.444448539824652,12.752743308167698,7.578995896792942,9.855612118054724,6.221230582074894,8.399971119282888,3.730567932227123,5.414072402778615,2.1128455580549623,3.54351374163482,-2.78,690205.5939907836,21.519292322605008,7.325918985638601,4.204134383579708,162.59031069995737,20.994572059745856,11.735768823996422,10.843243482610037,5.601050810983688,11.814359458703011,16.27347016397548,14.141824241834009,14.083731696315263,8.417796984328938,11.336785877934735,5.15571272675054,20.771211599071872,5.380062770465915,6.041840829147961,37.29827438881211,50.26785898322327,0.0,14.605983116249774,5.15571272675054,38.455944068351485,5.733667477162185,11.073990765314376,0.0,0.0,11.050456081168516,5.131558479839333,0.0,11.336785877934735,68.54635098380861,29.525365011975733,0.0,26.46513959392033,10.535775497216456,0.0,0.0,0.0,201.58,51.4842470947288,22.801408536544404,0.0,15.130702465984026,0.0,11.336785877934735,26.151274369537788,0.0,0.0,15.456479851704078,20.23053332942989,31.44978820569469,0.9796905422586336,44.39737831563419,16.334751159546904,3.256457088644816,-3.375611656986792,-2.3123389733980013,0.0,3.692820624691566,-4.756268639419342,0.4615384615384615,28,5,13,0,1,1,0,1,1,10,4,15,7,0,1,1,2,-1.172499999999998,95.65050000000004,1,0,0,1,0,1,0,0,1,1,3,2,0,0,0,3,1,1,0,0,0,0,0,0,0,0,0,2,0,1,0,0,0,0,0,0,0,0,0,0,0,0,0,0,0,0,0,0,0,0,0,0,0,1,0,0,0,0,0,0,0,0,0,1,0,0,0,0,0,0,0,0,0,0,0,0,0,0,0,0,1,0,0,0,0,10141.0,Cavia porcellus,Eukaryota
116364,Not Active (inhibition < 50% @ 10 uM and thus dose-reponse curve not measured),7617716,CHEMBL1909165,DRUGMATRIX: Lipoxygenase 15-LO enzyme inhibition (substrate: Linoleic acid),B,BAO_0000190,BAO_0000221,tissue-based format,C[C@H]1[C@H](NC(=O)/C(=N\OC(C)(C)C(=O)O)c2csc(N)n2)C(=O)N1S(=O)(=O)O,CHEMBL1909046,,,CHEMBL158,AZTREONAM,CHEMBL158,0,,1539525,,15,0,,IC50,,,CHEMBL4358,Oryctolagus cuniculus,Arachidonate 15-lipoxygenase,9986.0,,IC50,,,,CHEMBL158,C[C@H]1[C@H](NC(=O)/C(=N\OC(C)(C)C(=O)O)c2csc(N)n2)C(=O)N1S(=O)(=O)O,12.562141912320484,12.562141912320484,0.0349535856009066,-4.756268639419342,0.174788224513646,20.5,435.44000000000017,418.30400000000014,435.051854504,154,0,0.3620751467724121,-0.4782270320177159,0.4782270320177159,0.3620751467724121,1.4642857142857142,2.071428571428572,2.5,32.24529764273617,10.00401161573638,2.513331128805475,-2.416338874010568,2.230948535260857,-2.707807208919476,7.836563836647012,-0.1608446168429468,2.971847309732629,2.2592762983237704,953.8851353067348,21.43879310982592,14.8114553779692,16.444448539824652,12.752743308167698,7.578995896792942,9.855612118054724,6.221230582074894,8.399971119282888,3.730567932227123,5.414072402778615,2.1128455580549623,3.54351374163482,-2.78,690205.5939907836,21.519292322605008,7.325918985638601,4.204134383579708,162.59031069995737,20.994572059745856,11.735768823996422,10.843243482610037,5.601050810983688,11.814359458703011,16.27347016397548,14.141824241834009,14.083731696315263,8.417796984328938,11.336785877934735,5.15571272675054,20.771211599071872,5.380062770465915,6.041840829147961,37.29827438881211,50.26785898322327,0.0,14.605983116249774,5.15571272675054,38.455944068351485,5.733667477162185,11.073990765314376,0.0,0.0,11.050456081168516,5.131558479839333,0.0,11.336785877934735,68.54635098380861,29.525365011975733,0.0,26.46513959392033,10.535775497216456,0.0,0.0,0.0,201.58,51.4842470947288,22.801408536544404,0.0,15.130702465984026,0.0,11.336785877934735,26.151274369537788,0.0,0.0,15.456479851704078,20.23053332942989,31.44978820569469,0.9796905422586336,44.39737831563419,16.334751159546904,3.256457088644816,-3.375611656986792,-2.3123389733980013,0.0,3.692820624691566,-4.756268639419342,0.4615384615384615,28,5,13,0,1,1,0,1,1,10,4,15,7,0,1,1,2,-1.172499999999998,95.65050000000004,1,0,0,1,0,1,0,0,1,1,3,2,0,0,0,3,1,1,0,0,0,0,0,0,0,0,0,2,0,1,0,0,0,0,0,0,0,0,0,0,0,0,0,0,0,0,0,0,0,0,0,0,0,1,0,0,0,0,0,0,0,0,0,1,0,0,0,0,0,0,0,0,0,0,0,0,0,0,0,0,1,0,0,0,0,9986.0,Oryctolagus cuniculus,Eukaryota
116365,Not Active (inhibition < 50% @ 10 uM and thus dose-reponse curve not measured),7617717,CHEMBL1909165,DRUGMATRIX: Lipoxygenase 15-LO enzyme inhibition (substrate: Linoleic acid),B,BAO_0000192,BAO_0000221,tissue-based format,C[C@H]1[C@H](NC(=O)/C(=N\OC(C)(C)C(=O)O)c2csc(N)n2)C(=O)N1S(=O)(=O)O,CHEMBL1909046,,,CHEMBL158,AZTREONAM,CHEMBL158,0,,1539525,,15,0,,Ki,,,CHEMBL4358,Oryctolagus cuniculus,Arachidonate 15-lipoxygenase,9986.0,,Ki,,,,CHEMBL158,C[C@H]1[C@H](NC(=O)/C(=N\OC(C)(C)C(=O)O)c2csc(N)n2)C(=O)N1S(=O)(=O)O,12.562141912320484,12.562141912320484,0.0349535856009066,-4.756268639419342,0.174788224513646,20.5,435.44000000000017,418.30400000000014,435.051854504,154,0,0.3620751467724121,-0.4782270320177159,0.4782270320177159,0.3620751467724121,1.4642857142857142,2.071428571428572,2.5,32.24529764273617,10.00401161573638,2.513331128805475,-2.416338874010568,2.230948535260857,-2.707807208919476,7.836563836647012,-0.1608446168429468,2.971847309732629,2.2592762983237704,953.8851353067348,21.43879310982592,14.8114553779692,16.444448539824652,12.752743308167698,7.578995896792942,9.855612118054724,6.221230582074894,8.399971119282888,3.730567932227123,5.414072402778615,2.1128455580549623,3.54351374163482,-2.78,690205.5939907836,21.519292322605008,7.325918985638601,4.204134383579708,162.59031069995737,20.994572059745856,11.735768823996422,10.843243482610037,5.601050810983688,11.814359458703011,16.27347016397548,14.141824241834009,14.083731696315263,8.417796984328938,11.336785877934735,5.15571272675054,20.771211599071872,5.380062770465915,6.041840829147961,37.29827438881211,50.26785898322327,0.0,14.605983116249774,5.15571272675054,38.455944068351485,5.733667477162185,11.073990765314376,0.0,0.0,11.050456081168516,5.131558479839333,0.0,11.336785877934735,68.54635098380861,29.525365011975733,0.0,26.46513959392033,10.535775497216456,0.0,0.0,0.0,201.58,51.4842470947288,22.801408536544404,0.0,15.130702465984026,0.0,11.336785877934735,26.151274369537788,0.0,0.0,15.456479851704078,20.23053332942989,31.44978820569469,0.9796905422586336,44.39737831563419,16.334751159546904,3.256457088644816,-3.375611656986792,-2.3123389733980013,0.0,3.692820624691566,-4.756268639419342,0.4615384615384615,28,5,13,0,1,1,0,1,1,10,4,15,7,0,1,1,2,-1.172499999999998,95.65050000000004,1,0,0,1,0,1,0,0,1,1,3,2,0,0,0,3,1,1,0,0,0,0,0,0,0,0,0,2,0,1,0,0,0,0,0,0,0,0,0,0,0,0,0,0,0,0,0,0,0,0,0,0,0,1,0,0,0,0,0,0,0,0,0,1,0,0,0,0,0,0,0,0,0,0,0,0,0,0,0,0,1,0,0,0,0,9986.0,Oryctolagus cuniculus,Eukaryota
116368,Not Active (inhibition < 50% @ 10 uM and thus dose-reponse curve not measured),7619106,CHEMBL1909178,"DRUGMATRIX: Nitric Oxide Synthase, Neuronal (nNOS) radioligand binding (ligand: [3H]L-Arginine)",B,BAO_0000190,BAO_0000221,tissue-based format,C[C@H]1[C@H](NC(=O)/C(=N\OC(C)(C)C(=O)O)c2csc(N)n2)C(=O)N1S(=O)(=O)O,CHEMBL1909046,,,CHEMBL158,AZTREONAM,CHEMBL158,0,,1539525,,15,0,,IC50,,,CHEMBL3048,Rattus norvegicus,"Nitric-oxide synthase, brain",10116.0,,IC50,,,,CHEMBL158,C[C@H]1[C@H](NC(=O)/C(=N\OC(C)(C)C(=O)O)c2csc(N)n2)C(=O)N1S(=O)(=O)O,12.562141912320484,12.562141912320484,0.0349535856009066,-4.756268639419342,0.174788224513646,20.5,435.44000000000017,418.30400000000014,435.051854504,154,0,0.3620751467724121,-0.4782270320177159,0.4782270320177159,0.3620751467724121,1.4642857142857142,2.071428571428572,2.5,32.24529764273617,10.00401161573638,2.513331128805475,-2.416338874010568,2.230948535260857,-2.707807208919476,7.836563836647012,-0.1608446168429468,2.971847309732629,2.2592762983237704,953.8851353067348,21.43879310982592,14.8114553779692,16.444448539824652,12.752743308167698,7.578995896792942,9.855612118054724,6.221230582074894,8.399971119282888,3.730567932227123,5.414072402778615,2.1128455580549623,3.54351374163482,-2.78,690205.5939907836,21.519292322605008,7.325918985638601,4.204134383579708,162.59031069995737,20.994572059745856,11.735768823996422,10.843243482610037,5.601050810983688,11.814359458703011,16.27347016397548,14.141824241834009,14.083731696315263,8.417796984328938,11.336785877934735,5.15571272675054,20.771211599071872,5.380062770465915,6.041840829147961,37.29827438881211,50.26785898322327,0.0,14.605983116249774,5.15571272675054,38.455944068351485,5.733667477162185,11.073990765314376,0.0,0.0,11.050456081168516,5.131558479839333,0.0,11.336785877934735,68.54635098380861,29.525365011975733,0.0,26.46513959392033,10.535775497216456,0.0,0.0,0.0,201.58,51.4842470947288,22.801408536544404,0.0,15.130702465984026,0.0,11.336785877934735,26.151274369537788,0.0,0.0,15.456479851704078,20.23053332942989,31.44978820569469,0.9796905422586336,44.39737831563419,16.334751159546904,3.256457088644816,-3.375611656986792,-2.3123389733980013,0.0,3.692820624691566,-4.756268639419342,0.4615384615384615,28,5,13,0,1,1,0,1,1,10,4,15,7,0,1,1,2,-1.172499999999998,95.65050000000004,1,0,0,1,0,1,0,0,1,1,3,2,0,0,0,3,1,1,0,0,0,0,0,0,0,0,0,2,0,1,0,0,0,0,0,0,0,0,0,0,0,0,0,0,0,0,0,0,0,0,0,0,0,1,0,0,0,0,0,0,0,0,0,1,0,0,0,0,0,0,0,0,0,0,0,0,0,0,0,0,1,0,0,0,0,10116.0,Rattus norvegicus,Eukaryota
116369,Not Active (inhibition < 50% @ 10 uM and thus dose-reponse curve not measured),7619107,CHEMBL1909178,"DRUGMATRIX: Nitric Oxide Synthase, Neuronal (nNOS) radioligand binding (ligand: [3H]L-Arginine)",B,BAO_0000192,BAO_0000221,tissue-based format,C[C@H]1[C@H](NC(=O)/C(=N\OC(C)(C)C(=O)O)c2csc(N)n2)C(=O)N1S(=O)(=O)O,CHEMBL1909046,,,CHEMBL158,AZTREONAM,CHEMBL158,0,,1539525,,15,0,,Ki,,,CHEMBL3048,Rattus norvegicus,"Nitric-oxide synthase, brain",10116.0,,Ki,,,,CHEMBL158,C[C@H]1[C@H](NC(=O)/C(=N\OC(C)(C)C(=O)O)c2csc(N)n2)C(=O)N1S(=O)(=O)O,12.562141912320484,12.562141912320484,0.0349535856009066,-4.756268639419342,0.174788224513646,20.5,435.44000000000017,418.30400000000014,435.051854504,154,0,0.3620751467724121,-0.4782270320177159,0.4782270320177159,0.3620751467724121,1.4642857142857142,2.071428571428572,2.5,32.24529764273617,10.00401161573638,2.513331128805475,-2.416338874010568,2.230948535260857,-2.707807208919476,7.836563836647012,-0.1608446168429468,2.971847309732629,2.2592762983237704,953.8851353067348,21.43879310982592,14.8114553779692,16.444448539824652,12.752743308167698,7.578995896792942,9.855612118054724,6.221230582074894,8.399971119282888,3.730567932227123,5.414072402778615,2.1128455580549623,3.54351374163482,-2.78,690205.5939907836,21.519292322605008,7.325918985638601,4.204134383579708,162.59031069995737,20.994572059745856,11.735768823996422,10.843243482610037,5.601050810983688,11.814359458703011,16.27347016397548,14.141824241834009,14.083731696315263,8.417796984328938,11.336785877934735,5.15571272675054,20.771211599071872,5.380062770465915,6.041840829147961,37.29827438881211,50.26785898322327,0.0,14.605983116249774,5.15571272675054,38.455944068351485,5.733667477162185,11.073990765314376,0.0,0.0,11.050456081168516,5.131558479839333,0.0,11.336785877934735,68.54635098380861,29.525365011975733,0.0,26.46513959392033,10.535775497216456,0.0,0.0,0.0,201.58,51.4842470947288,22.801408536544404,0.0,15.130702465984026,0.0,11.336785877934735,26.151274369537788,0.0,0.0,15.456479851704078,20.23053332942989,31.44978820569469,0.9796905422586336,44.39737831563419,16.334751159546904,3.256457088644816,-3.375611656986792,-2.3123389733980013,0.0,3.692820624691566,-4.756268639419342,0.4615384615384615,28,5,13,0,1,1,0,1,1,10,4,15,7,0,1,1,2,-1.172499999999998,95.65050000000004,1,0,0,1,0,1,0,0,1,1,3,2,0,0,0,3,1,1,0,0,0,0,0,0,0,0,0,2,0,1,0,0,0,0,0,0,0,0,0,0,0,0,0,0,0,0,0,0,0,0,0,0,0,1,0,0,0,0,0,0,0,0,0,1,0,0,0,0,0,0,0,0,0,0,0,0,0,0,0,0,1,0,0,0,0,10116.0,Rattus norvegicus,Eukaryota
116380,Not Active (inhibition < 50% @ 10 uM and thus dose-reponse curve not measured),7619132,CHEMBL1909191,DRUGMATRIX: Progesterone radioligand binding (ligand: [3H] R-5020),B,BAO_0000190,BAO_0000221,tissue-based format,C[C@H]1[C@H](NC(=O)/C(=N\OC(C)(C)C(=O)O)c2csc(N)n2)C(=O)N1S(=O)(=O)O,CHEMBL1909046,,,CHEMBL158,AZTREONAM,CHEMBL158,0,,1539525,,15,0,,IC50,,,CHEMBL1909044,Bos taurus,Progesterone receptor,9913.0,,IC50,,,,CHEMBL158,C[C@H]1[C@H](NC(=O)/C(=N\OC(C)(C)C(=O)O)c2csc(N)n2)C(=O)N1S(=O)(=O)O,12.562141912320484,12.562141912320484,0.0349535856009066,-4.756268639419342,0.174788224513646,20.5,435.44000000000017,418.30400000000014,435.051854504,154,0,0.3620751467724121,-0.4782270320177159,0.4782270320177159,0.3620751467724121,1.4642857142857142,2.071428571428572,2.5,32.24529764273617,10.00401161573638,2.513331128805475,-2.416338874010568,2.230948535260857,-2.707807208919476,7.836563836647012,-0.1608446168429468,2.971847309732629,2.2592762983237704,953.8851353067348,21.43879310982592,14.8114553779692,16.444448539824652,12.752743308167698,7.578995896792942,9.855612118054724,6.221230582074894,8.399971119282888,3.730567932227123,5.414072402778615,2.1128455580549623,3.54351374163482,-2.78,690205.5939907836,21.519292322605008,7.325918985638601,4.204134383579708,162.59031069995737,20.994572059745856,11.735768823996422,10.843243482610037,5.601050810983688,11.814359458703011,16.27347016397548,14.141824241834009,14.083731696315263,8.417796984328938,11.336785877934735,5.15571272675054,20.771211599071872,5.380062770465915,6.041840829147961,37.29827438881211,50.26785898322327,0.0,14.605983116249774,5.15571272675054,38.455944068351485,5.733667477162185,11.073990765314376,0.0,0.0,11.050456081168516,5.131558479839333,0.0,11.336785877934735,68.54635098380861,29.525365011975733,0.0,26.46513959392033,10.535775497216456,0.0,0.0,0.0,201.58,51.4842470947288,22.801408536544404,0.0,15.130702465984026,0.0,11.336785877934735,26.151274369537788,0.0,0.0,15.456479851704078,20.23053332942989,31.44978820569469,0.9796905422586336,44.39737831563419,16.334751159546904,3.256457088644816,-3.375611656986792,-2.3123389733980013,0.0,3.692820624691566,-4.756268639419342,0.4615384615384615,28,5,13,0,1,1,0,1,1,10,4,15,7,0,1,1,2,-1.172499999999998,95.65050000000004,1,0,0,1,0,1,0,0,1,1,3,2,0,0,0,3,1,1,0,0,0,0,0,0,0,0,0,2,0,1,0,0,0,0,0,0,0,0,0,0,0,0,0,0,0,0,0,0,0,0,0,0,0,1,0,0,0,0,0,0,0,0,0,1,0,0,0,0,0,0,0,0,0,0,0,0,0,0,0,0,1,0,0,0,0,9913.0,Bos taurus,Eukaryota
116381,Not Active (inhibition < 50% @ 10 uM and thus dose-reponse curve not measured),7619133,CHEMBL1909191,DRUGMATRIX: Progesterone radioligand binding (ligand: [3H] R-5020),B,BAO_0000192,BAO_0000221,tissue-based format,C[C@H]1[C@H](NC(=O)/C(=N\OC(C)(C)C(=O)O)c2csc(N)n2)C(=O)N1S(=O)(=O)O,CHEMBL1909046,,,CHEMBL158,AZTREONAM,CHEMBL158,0,,1539525,,15,0,,Ki,,,CHEMBL1909044,Bos taurus,Progesterone receptor,9913.0,,Ki,,,,CHEMBL158,C[C@H]1[C@H](NC(=O)/C(=N\OC(C)(C)C(=O)O)c2csc(N)n2)C(=O)N1S(=O)(=O)O,12.562141912320484,12.562141912320484,0.0349535856009066,-4.756268639419342,0.174788224513646,20.5,435.44000000000017,418.30400000000014,435.051854504,154,0,0.3620751467724121,-0.4782270320177159,0.4782270320177159,0.3620751467724121,1.4642857142857142,2.071428571428572,2.5,32.24529764273617,10.00401161573638,2.513331128805475,-2.416338874010568,2.230948535260857,-2.707807208919476,7.836563836647012,-0.1608446168429468,2.971847309732629,2.2592762983237704,953.8851353067348,21.43879310982592,14.8114553779692,16.444448539824652,12.752743308167698,7.578995896792942,9.855612118054724,6.221230582074894,8.399971119282888,3.730567932227123,5.414072402778615,2.1128455580549623,3.54351374163482,-2.78,690205.5939907836,21.519292322605008,7.325918985638601,4.204134383579708,162.59031069995737,20.994572059745856,11.735768823996422,10.843243482610037,5.601050810983688,11.814359458703011,16.27347016397548,14.141824241834009,14.083731696315263,8.417796984328938,11.336785877934735,5.15571272675054,20.771211599071872,5.380062770465915,6.041840829147961,37.29827438881211,50.26785898322327,0.0,14.605983116249774,5.15571272675054,38.455944068351485,5.733667477162185,11.073990765314376,0.0,0.0,11.050456081168516,5.131558479839333,0.0,11.336785877934735,68.54635098380861,29.525365011975733,0.0,26.46513959392033,10.535775497216456,0.0,0.0,0.0,201.58,51.4842470947288,22.801408536544404,0.0,15.130702465984026,0.0,11.336785877934735,26.151274369537788,0.0,0.0,15.456479851704078,20.23053332942989,31.44978820569469,0.9796905422586336,44.39737831563419,16.334751159546904,3.256457088644816,-3.375611656986792,-2.3123389733980013,0.0,3.692820624691566,-4.756268639419342,0.4615384615384615,28,5,13,0,1,1,0,1,1,10,4,15,7,0,1,1,2,-1.172499999999998,95.65050000000004,1,0,0,1,0,1,0,0,1,1,3,2,0,0,0,3,1,1,0,0,0,0,0,0,0,0,0,2,0,1,0,0,0,0,0,0,0,0,0,0,0,0,0,0,0,0,0,0,0,0,0,0,0,1,0,0,0,0,0,0,0,0,0,1,0,0,0,0,0,0,0,0,0,0,0,0,0,0,0,0,1,0,0,0,0,9913.0,Bos taurus,Eukaryota
116382,Not Active (inhibition < 50% @ 10 uM and thus dose-reponse curve not measured),7619134,CHEMBL1909192,"DRUGMATRIX: Peptidase, Angiotensin Converting Enzyme enzyme inhibition (substrate: FAPGG)",B,BAO_0000190,BAO_0000221,tissue-based format,C[C@H]1[C@H](NC(=O)/C(=N\OC(C)(C)C(=O)O)c2csc(N)n2)C(=O)N1S(=O)(=O)O,CHEMBL1909046,,,CHEMBL158,AZTREONAM,CHEMBL158,0,,1539525,,15,0,,IC50,,,CHEMBL4074,Oryctolagus cuniculus,Angiotensin-converting enzyme,9986.0,,IC50,,,,CHEMBL158,C[C@H]1[C@H](NC(=O)/C(=N\OC(C)(C)C(=O)O)c2csc(N)n2)C(=O)N1S(=O)(=O)O,12.562141912320484,12.562141912320484,0.0349535856009066,-4.756268639419342,0.174788224513646,20.5,435.44000000000017,418.30400000000014,435.051854504,154,0,0.3620751467724121,-0.4782270320177159,0.4782270320177159,0.3620751467724121,1.4642857142857142,2.071428571428572,2.5,32.24529764273617,10.00401161573638,2.513331128805475,-2.416338874010568,2.230948535260857,-2.707807208919476,7.836563836647012,-0.1608446168429468,2.971847309732629,2.2592762983237704,953.8851353067348,21.43879310982592,14.8114553779692,16.444448539824652,12.752743308167698,7.578995896792942,9.855612118054724,6.221230582074894,8.399971119282888,3.730567932227123,5.414072402778615,2.1128455580549623,3.54351374163482,-2.78,690205.5939907836,21.519292322605008,7.325918985638601,4.204134383579708,162.59031069995737,20.994572059745856,11.735768823996422,10.843243482610037,5.601050810983688,11.814359458703011,16.27347016397548,14.141824241834009,14.083731696315263,8.417796984328938,11.336785877934735,5.15571272675054,20.771211599071872,5.380062770465915,6.041840829147961,37.29827438881211,50.26785898322327,0.0,14.605983116249774,5.15571272675054,38.455944068351485,5.733667477162185,11.073990765314376,0.0,0.0,11.050456081168516,5.131558479839333,0.0,11.336785877934735,68.54635098380861,29.525365011975733,0.0,26.46513959392033,10.535775497216456,0.0,0.0,0.0,201.58,51.4842470947288,22.801408536544404,0.0,15.130702465984026,0.0,11.336785877934735,26.151274369537788,0.0,0.0,15.456479851704078,20.23053332942989,31.44978820569469,0.9796905422586336,44.39737831563419,16.334751159546904,3.256457088644816,-3.375611656986792,-2.3123389733980013,0.0,3.692820624691566,-4.756268639419342,0.4615384615384615,28,5,13,0,1,1,0,1,1,10,4,15,7,0,1,1,2,-1.172499999999998,95.65050000000004,1,0,0,1,0,1,0,0,1,1,3,2,0,0,0,3,1,1,0,0,0,0,0,0,0,0,0,2,0,1,0,0,0,0,0,0,0,0,0,0,0,0,0,0,0,0,0,0,0,0,0,0,0,1,0,0,0,0,0,0,0,0,0,1,0,0,0,0,0,0,0,0,0,0,0,0,0,0,0,0,1,0,0,0,0,9986.0,Oryctolagus cuniculus,Eukaryota
116383,Not Active (inhibition < 50% @ 10 uM and thus dose-reponse curve not measured),7619135,CHEMBL1909192,"DRUGMATRIX: Peptidase, Angiotensin Converting Enzyme enzyme inhibition (substrate: FAPGG)",B,BAO_0000192,BAO_0000221,tissue-based format,C[C@H]1[C@H](NC(=O)/C(=N\OC(C)(C)C(=O)O)c2csc(N)n2)C(=O)N1S(=O)(=O)O,CHEMBL1909046,,,CHEMBL158,AZTREONAM,CHEMBL158,0,,1539525,,15,0,,Ki,,,CHEMBL4074,Oryctolagus cuniculus,Angiotensin-converting enzyme,9986.0,,Ki,,,,CHEMBL158,C[C@H]1[C@H](NC(=O)/C(=N\OC(C)(C)C(=O)O)c2csc(N)n2)C(=O)N1S(=O)(=O)O,12.562141912320484,12.562141912320484,0.0349535856009066,-4.756268639419342,0.174788224513646,20.5,435.44000000000017,418.30400000000014,435.051854504,154,0,0.3620751467724121,-0.4782270320177159,0.4782270320177159,0.3620751467724121,1.4642857142857142,2.071428571428572,2.5,32.24529764273617,10.00401161573638,2.513331128805475,-2.416338874010568,2.230948535260857,-2.707807208919476,7.836563836647012,-0.1608446168429468,2.971847309732629,2.2592762983237704,953.8851353067348,21.43879310982592,14.8114553779692,16.444448539824652,12.752743308167698,7.578995896792942,9.855612118054724,6.221230582074894,8.399971119282888,3.730567932227123,5.414072402778615,2.1128455580549623,3.54351374163482,-2.78,690205.5939907836,21.519292322605008,7.325918985638601,4.204134383579708,162.59031069995737,20.994572059745856,11.735768823996422,10.843243482610037,5.601050810983688,11.814359458703011,16.27347016397548,14.141824241834009,14.083731696315263,8.417796984328938,11.336785877934735,5.15571272675054,20.771211599071872,5.380062770465915,6.041840829147961,37.29827438881211,50.26785898322327,0.0,14.605983116249774,5.15571272675054,38.455944068351485,5.733667477162185,11.073990765314376,0.0,0.0,11.050456081168516,5.131558479839333,0.0,11.336785877934735,68.54635098380861,29.525365011975733,0.0,26.46513959392033,10.535775497216456,0.0,0.0,0.0,201.58,51.4842470947288,22.801408536544404,0.0,15.130702465984026,0.0,11.336785877934735,26.151274369537788,0.0,0.0,15.456479851704078,20.23053332942989,31.44978820569469,0.9796905422586336,44.39737831563419,16.334751159546904,3.256457088644816,-3.375611656986792,-2.3123389733980013,0.0,3.692820624691566,-4.756268639419342,0.4615384615384615,28,5,13,0,1,1,0,1,1,10,4,15,7,0,1,1,2,-1.172499999999998,95.65050000000004,1,0,0,1,0,1,0,0,1,1,3,2,0,0,0,3,1,1,0,0,0,0,0,0,0,0,0,2,0,1,0,0,0,0,0,0,0,0,0,0,0,0,0,0,0,0,0,0,0,0,0,0,0,1,0,0,0,0,0,0,0,0,0,1,0,0,0,0,0,0,0,0,0,0,0,0,0,0,0,0,1,0,0,0,0,9986.0,Oryctolagus cuniculus,Eukaryota
116386,Not Active (inhibition < 50% @ 10 uM and thus dose-reponse curve not measured),7619168,CHEMBL1909209,DRUGMATRIX: Serotonin (5-Hydroxytryptamine) 5-HT1A radioligand binding (ligand: [3H] 8-OH-DPAT),B,BAO_0000190,BAO_0000249,cell membrane format,C[C@H]1[C@H](NC(=O)/C(=N\OC(C)(C)C(=O)O)c2csc(N)n2)C(=O)N1S(=O)(=O)O,CHEMBL1909046,,,CHEMBL158,AZTREONAM,CHEMBL158,0,,1539525,,15,0,,IC50,,,CHEMBL273,Rattus norvegicus,Serotonin 1a (5-HT1a) receptor,10116.0,,IC50,,,,CHEMBL158,C[C@H]1[C@H](NC(=O)/C(=N\OC(C)(C)C(=O)O)c2csc(N)n2)C(=O)N1S(=O)(=O)O,12.562141912320484,12.562141912320484,0.0349535856009066,-4.756268639419342,0.174788224513646,20.5,435.44000000000017,418.30400000000014,435.051854504,154,0,0.3620751467724121,-0.4782270320177159,0.4782270320177159,0.3620751467724121,1.4642857142857142,2.071428571428572,2.5,32.24529764273617,10.00401161573638,2.513331128805475,-2.416338874010568,2.230948535260857,-2.707807208919476,7.836563836647012,-0.1608446168429468,2.971847309732629,2.2592762983237704,953.8851353067348,21.43879310982592,14.8114553779692,16.444448539824652,12.752743308167698,7.578995896792942,9.855612118054724,6.221230582074894,8.399971119282888,3.730567932227123,5.414072402778615,2.1128455580549623,3.54351374163482,-2.78,690205.5939907836,21.519292322605008,7.325918985638601,4.204134383579708,162.59031069995737,20.994572059745856,11.735768823996422,10.843243482610037,5.601050810983688,11.814359458703011,16.27347016397548,14.141824241834009,14.083731696315263,8.417796984328938,11.336785877934735,5.15571272675054,20.771211599071872,5.380062770465915,6.041840829147961,37.29827438881211,50.26785898322327,0.0,14.605983116249774,5.15571272675054,38.455944068351485,5.733667477162185,11.073990765314376,0.0,0.0,11.050456081168516,5.131558479839333,0.0,11.336785877934735,68.54635098380861,29.525365011975733,0.0,26.46513959392033,10.535775497216456,0.0,0.0,0.0,201.58,51.4842470947288,22.801408536544404,0.0,15.130702465984026,0.0,11.336785877934735,26.151274369537788,0.0,0.0,15.456479851704078,20.23053332942989,31.44978820569469,0.9796905422586336,44.39737831563419,16.334751159546904,3.256457088644816,-3.375611656986792,-2.3123389733980013,0.0,3.692820624691566,-4.756268639419342,0.4615384615384615,28,5,13,0,1,1,0,1,1,10,4,15,7,0,1,1,2,-1.172499999999998,95.65050000000004,1,0,0,1,0,1,0,0,1,1,3,2,0,0,0,3,1,1,0,0,0,0,0,0,0,0,0,2,0,1,0,0,0,0,0,0,0,0,0,0,0,0,0,0,0,0,0,0,0,0,0,0,0,1,0,0,0,0,0,0,0,0,0,1,0,0,0,0,0,0,0,0,0,0,0,0,0,0,0,0,1,0,0,0,0,10116.0,Rattus norvegicus,Eukaryota
116387,Not Active (inhibition < 50% @ 10 uM and thus dose-reponse curve not measured),7619169,CHEMBL1909209,DRUGMATRIX: Serotonin (5-Hydroxytryptamine) 5-HT1A radioligand binding (ligand: [3H] 8-OH-DPAT),B,BAO_0000192,BAO_0000249,cell membrane format,C[C@H]1[C@H](NC(=O)/C(=N\OC(C)(C)C(=O)O)c2csc(N)n2)C(=O)N1S(=O)(=O)O,CHEMBL1909046,,,CHEMBL158,AZTREONAM,CHEMBL158,0,,1539525,,15,0,,Ki,,,CHEMBL273,Rattus norvegicus,Serotonin 1a (5-HT1a) receptor,10116.0,,Ki,,,,CHEMBL158,C[C@H]1[C@H](NC(=O)/C(=N\OC(C)(C)C(=O)O)c2csc(N)n2)C(=O)N1S(=O)(=O)O,12.562141912320484,12.562141912320484,0.0349535856009066,-4.756268639419342,0.174788224513646,20.5,435.44000000000017,418.30400000000014,435.051854504,154,0,0.3620751467724121,-0.4782270320177159,0.4782270320177159,0.3620751467724121,1.4642857142857142,2.071428571428572,2.5,32.24529764273617,10.00401161573638,2.513331128805475,-2.416338874010568,2.230948535260857,-2.707807208919476,7.836563836647012,-0.1608446168429468,2.971847309732629,2.2592762983237704,953.8851353067348,21.43879310982592,14.8114553779692,16.444448539824652,12.752743308167698,7.578995896792942,9.855612118054724,6.221230582074894,8.399971119282888,3.730567932227123,5.414072402778615,2.1128455580549623,3.54351374163482,-2.78,690205.5939907836,21.519292322605008,7.325918985638601,4.204134383579708,162.59031069995737,20.994572059745856,11.735768823996422,10.843243482610037,5.601050810983688,11.814359458703011,16.27347016397548,14.141824241834009,14.083731696315263,8.417796984328938,11.336785877934735,5.15571272675054,20.771211599071872,5.380062770465915,6.041840829147961,37.29827438881211,50.26785898322327,0.0,14.605983116249774,5.15571272675054,38.455944068351485,5.733667477162185,11.073990765314376,0.0,0.0,11.050456081168516,5.131558479839333,0.0,11.336785877934735,68.54635098380861,29.525365011975733,0.0,26.46513959392033,10.535775497216456,0.0,0.0,0.0,201.58,51.4842470947288,22.801408536544404,0.0,15.130702465984026,0.0,11.336785877934735,26.151274369537788,0.0,0.0,15.456479851704078,20.23053332942989,31.44978820569469,0.9796905422586336,44.39737831563419,16.334751159546904,3.256457088644816,-3.375611656986792,-2.3123389733980013,0.0,3.692820624691566,-4.756268639419342,0.4615384615384615,28,5,13,0,1,1,0,1,1,10,4,15,7,0,1,1,2,-1.172499999999998,95.65050000000004,1,0,0,1,0,1,0,0,1,1,3,2,0,0,0,3,1,1,0,0,0,0,0,0,0,0,0,2,0,1,0,0,0,0,0,0,0,0,0,0,0,0,0,0,0,0,0,0,0,0,0,0,0,1,0,0,0,0,0,0,0,0,0,1,0,0,0,0,0,0,0,0,0,0,0,0,0,0,0,0,1,0,0,0,0,10116.0,Rattus norvegicus,Eukaryota
116388,Not Active (inhibition < 50% @ 10 uM and thus dose-reponse curve not measured),7619170,CHEMBL1909210,DRUGMATRIX: Serotonin (5-Hydroxytryptamine) 5-HT1B radioligand binding (ligand: [125I] Cyanopindolol),B,BAO_0000190,BAO_0000249,cell membrane format,C[C@H]1[C@H](NC(=O)/C(=N\OC(C)(C)C(=O)O)c2csc(N)n2)C(=O)N1S(=O)(=O)O,CHEMBL1909046,,,CHEMBL158,AZTREONAM,CHEMBL158,0,,1539525,,15,0,,IC50,,,CHEMBL3459,Rattus norvegicus,Serotonin 1b (5-HT1b) receptor,10116.0,,IC50,,,,CHEMBL158,C[C@H]1[C@H](NC(=O)/C(=N\OC(C)(C)C(=O)O)c2csc(N)n2)C(=O)N1S(=O)(=O)O,12.562141912320484,12.562141912320484,0.0349535856009066,-4.756268639419342,0.174788224513646,20.5,435.44000000000017,418.30400000000014,435.051854504,154,0,0.3620751467724121,-0.4782270320177159,0.4782270320177159,0.3620751467724121,1.4642857142857142,2.071428571428572,2.5,32.24529764273617,10.00401161573638,2.513331128805475,-2.416338874010568,2.230948535260857,-2.707807208919476,7.836563836647012,-0.1608446168429468,2.971847309732629,2.2592762983237704,953.8851353067348,21.43879310982592,14.8114553779692,16.444448539824652,12.752743308167698,7.578995896792942,9.855612118054724,6.221230582074894,8.399971119282888,3.730567932227123,5.414072402778615,2.1128455580549623,3.54351374163482,-2.78,690205.5939907836,21.519292322605008,7.325918985638601,4.204134383579708,162.59031069995737,20.994572059745856,11.735768823996422,10.843243482610037,5.601050810983688,11.814359458703011,16.27347016397548,14.141824241834009,14.083731696315263,8.417796984328938,11.336785877934735,5.15571272675054,20.771211599071872,5.380062770465915,6.041840829147961,37.29827438881211,50.26785898322327,0.0,14.605983116249774,5.15571272675054,38.455944068351485,5.733667477162185,11.073990765314376,0.0,0.0,11.050456081168516,5.131558479839333,0.0,11.336785877934735,68.54635098380861,29.525365011975733,0.0,26.46513959392033,10.535775497216456,0.0,0.0,0.0,201.58,51.4842470947288,22.801408536544404,0.0,15.130702465984026,0.0,11.336785877934735,26.151274369537788,0.0,0.0,15.456479851704078,20.23053332942989,31.44978820569469,0.9796905422586336,44.39737831563419,16.334751159546904,3.256457088644816,-3.375611656986792,-2.3123389733980013,0.0,3.692820624691566,-4.756268639419342,0.4615384615384615,28,5,13,0,1,1,0,1,1,10,4,15,7,0,1,1,2,-1.172499999999998,95.65050000000004,1,0,0,1,0,1,0,0,1,1,3,2,0,0,0,3,1,1,0,0,0,0,0,0,0,0,0,2,0,1,0,0,0,0,0,0,0,0,0,0,0,0,0,0,0,0,0,0,0,0,0,0,0,1,0,0,0,0,0,0,0,0,0,1,0,0,0,0,0,0,0,0,0,0,0,0,0,0,0,0,1,0,0,0,0,10116.0,Rattus norvegicus,Eukaryota
116389,Not Active (inhibition < 50% @ 10 uM and thus dose-reponse curve not measured),7619171,CHEMBL1909210,DRUGMATRIX: Serotonin (5-Hydroxytryptamine) 5-HT1B radioligand binding (ligand: [125I] Cyanopindolol),B,BAO_0000192,BAO_0000249,cell membrane format,C[C@H]1[C@H](NC(=O)/C(=N\OC(C)(C)C(=O)O)c2csc(N)n2)C(=O)N1S(=O)(=O)O,CHEMBL1909046,,,CHEMBL158,AZTREONAM,CHEMBL158,0,,1539525,,15,0,,Ki,,,CHEMBL3459,Rattus norvegicus,Serotonin 1b (5-HT1b) receptor,10116.0,,Ki,,,,CHEMBL158,C[C@H]1[C@H](NC(=O)/C(=N\OC(C)(C)C(=O)O)c2csc(N)n2)C(=O)N1S(=O)(=O)O,12.562141912320484,12.562141912320484,0.0349535856009066,-4.756268639419342,0.174788224513646,20.5,435.44000000000017,418.30400000000014,435.051854504,154,0,0.3620751467724121,-0.4782270320177159,0.4782270320177159,0.3620751467724121,1.4642857142857142,2.071428571428572,2.5,32.24529764273617,10.00401161573638,2.513331128805475,-2.416338874010568,2.230948535260857,-2.707807208919476,7.836563836647012,-0.1608446168429468,2.971847309732629,2.2592762983237704,953.8851353067348,21.43879310982592,14.8114553779692,16.444448539824652,12.752743308167698,7.578995896792942,9.855612118054724,6.221230582074894,8.399971119282888,3.730567932227123,5.414072402778615,2.1128455580549623,3.54351374163482,-2.78,690205.5939907836,21.519292322605008,7.325918985638601,4.204134383579708,162.59031069995737,20.994572059745856,11.735768823996422,10.843243482610037,5.601050810983688,11.814359458703011,16.27347016397548,14.141824241834009,14.083731696315263,8.417796984328938,11.336785877934735,5.15571272675054,20.771211599071872,5.380062770465915,6.041840829147961,37.29827438881211,50.26785898322327,0.0,14.605983116249774,5.15571272675054,38.455944068351485,5.733667477162185,11.073990765314376,0.0,0.0,11.050456081168516,5.131558479839333,0.0,11.336785877934735,68.54635098380861,29.525365011975733,0.0,26.46513959392033,10.535775497216456,0.0,0.0,0.0,201.58,51.4842470947288,22.801408536544404,0.0,15.130702465984026,0.0,11.336785877934735,26.151274369537788,0.0,0.0,15.456479851704078,20.23053332942989,31.44978820569469,0.9796905422586336,44.39737831563419,16.334751159546904,3.256457088644816,-3.375611656986792,-2.3123389733980013,0.0,3.692820624691566,-4.756268639419342,0.4615384615384615,28,5,13,0,1,1,0,1,1,10,4,15,7,0,1,1,2,-1.172499999999998,95.65050000000004,1,0,0,1,0,1,0,0,1,1,3,2,0,0,0,3,1,1,0,0,0,0,0,0,0,0,0,2,0,1,0,0,0,0,0,0,0,0,0,0,0,0,0,0,0,0,0,0,0,0,0,0,0,1,0,0,0,0,0,0,0,0,0,1,0,0,0,0,0,0,0,0,0,0,0,0,0,0,0,0,1,0,0,0,0,10116.0,Rattus norvegicus,Eukaryota
116392,Not Active (inhibition < 50% @ 10 uM and thus dose-reponse curve not measured),7619180,CHEMBL1909107,DRUGMATRIX: Serotonin (5-Hydroxytryptamine) 5-HT4 radioligand binding (ligand: [3H] GR-113808),B,BAO_0000190,BAO_0000249,cell membrane format,C[C@H]1[C@H](NC(=O)/C(=N\OC(C)(C)C(=O)O)c2csc(N)n2)C(=O)N1S(=O)(=O)O,CHEMBL1909046,,,CHEMBL158,AZTREONAM,CHEMBL158,0,,1539525,,15,0,,IC50,,,CHEMBL5017,Cavia porcellus,Serotonin 4 (5-HT4) receptor,10141.0,,IC50,,,,CHEMBL158,C[C@H]1[C@H](NC(=O)/C(=N\OC(C)(C)C(=O)O)c2csc(N)n2)C(=O)N1S(=O)(=O)O,12.562141912320484,12.562141912320484,0.0349535856009066,-4.756268639419342,0.174788224513646,20.5,435.44000000000017,418.30400000000014,435.051854504,154,0,0.3620751467724121,-0.4782270320177159,0.4782270320177159,0.3620751467724121,1.4642857142857142,2.071428571428572,2.5,32.24529764273617,10.00401161573638,2.513331128805475,-2.416338874010568,2.230948535260857,-2.707807208919476,7.836563836647012,-0.1608446168429468,2.971847309732629,2.2592762983237704,953.8851353067348,21.43879310982592,14.8114553779692,16.444448539824652,12.752743308167698,7.578995896792942,9.855612118054724,6.221230582074894,8.399971119282888,3.730567932227123,5.414072402778615,2.1128455580549623,3.54351374163482,-2.78,690205.5939907836,21.519292322605008,7.325918985638601,4.204134383579708,162.59031069995737,20.994572059745856,11.735768823996422,10.843243482610037,5.601050810983688,11.814359458703011,16.27347016397548,14.141824241834009,14.083731696315263,8.417796984328938,11.336785877934735,5.15571272675054,20.771211599071872,5.380062770465915,6.041840829147961,37.29827438881211,50.26785898322327,0.0,14.605983116249774,5.15571272675054,38.455944068351485,5.733667477162185,11.073990765314376,0.0,0.0,11.050456081168516,5.131558479839333,0.0,11.336785877934735,68.54635098380861,29.525365011975733,0.0,26.46513959392033,10.535775497216456,0.0,0.0,0.0,201.58,51.4842470947288,22.801408536544404,0.0,15.130702465984026,0.0,11.336785877934735,26.151274369537788,0.0,0.0,15.456479851704078,20.23053332942989,31.44978820569469,0.9796905422586336,44.39737831563419,16.334751159546904,3.256457088644816,-3.375611656986792,-2.3123389733980013,0.0,3.692820624691566,-4.756268639419342,0.4615384615384615,28,5,13,0,1,1,0,1,1,10,4,15,7,0,1,1,2,-1.172499999999998,95.65050000000004,1,0,0,1,0,1,0,0,1,1,3,2,0,0,0,3,1,1,0,0,0,0,0,0,0,0,0,2,0,1,0,0,0,0,0,0,0,0,0,0,0,0,0,0,0,0,0,0,0,0,0,0,0,1,0,0,0,0,0,0,0,0,0,1,0,0,0,0,0,0,0,0,0,0,0,0,0,0,0,0,1,0,0,0,0,10141.0,Cavia porcellus,Eukaryota
116393,Not Active (inhibition < 50% @ 10 uM and thus dose-reponse curve not measured),7619181,CHEMBL1909107,DRUGMATRIX: Serotonin (5-Hydroxytryptamine) 5-HT4 radioligand binding (ligand: [3H] GR-113808),B,BAO_0000192,BAO_0000249,cell membrane format,C[C@H]1[C@H](NC(=O)/C(=N\OC(C)(C)C(=O)O)c2csc(N)n2)C(=O)N1S(=O)(=O)O,CHEMBL1909046,,,CHEMBL158,AZTREONAM,CHEMBL158,0,,1539525,,15,0,,Ki,,,CHEMBL5017,Cavia porcellus,Serotonin 4 (5-HT4) receptor,10141.0,,Ki,,,,CHEMBL158,C[C@H]1[C@H](NC(=O)/C(=N\OC(C)(C)C(=O)O)c2csc(N)n2)C(=O)N1S(=O)(=O)O,12.562141912320484,12.562141912320484,0.0349535856009066,-4.756268639419342,0.174788224513646,20.5,435.44000000000017,418.30400000000014,435.051854504,154,0,0.3620751467724121,-0.4782270320177159,0.4782270320177159,0.3620751467724121,1.4642857142857142,2.071428571428572,2.5,32.24529764273617,10.00401161573638,2.513331128805475,-2.416338874010568,2.230948535260857,-2.707807208919476,7.836563836647012,-0.1608446168429468,2.971847309732629,2.2592762983237704,953.8851353067348,21.43879310982592,14.8114553779692,16.444448539824652,12.752743308167698,7.578995896792942,9.855612118054724,6.221230582074894,8.399971119282888,3.730567932227123,5.414072402778615,2.1128455580549623,3.54351374163482,-2.78,690205.5939907836,21.519292322605008,7.325918985638601,4.204134383579708,162.59031069995737,20.994572059745856,11.735768823996422,10.843243482610037,5.601050810983688,11.814359458703011,16.27347016397548,14.141824241834009,14.083731696315263,8.417796984328938,11.336785877934735,5.15571272675054,20.771211599071872,5.380062770465915,6.041840829147961,37.29827438881211,50.26785898322327,0.0,14.605983116249774,5.15571272675054,38.455944068351485,5.733667477162185,11.073990765314376,0.0,0.0,11.050456081168516,5.131558479839333,0.0,11.336785877934735,68.54635098380861,29.525365011975733,0.0,26.46513959392033,10.535775497216456,0.0,0.0,0.0,201.58,51.4842470947288,22.801408536544404,0.0,15.130702465984026,0.0,11.336785877934735,26.151274369537788,0.0,0.0,15.456479851704078,20.23053332942989,31.44978820569469,0.9796905422586336,44.39737831563419,16.334751159546904,3.256457088644816,-3.375611656986792,-2.3123389733980013,0.0,3.692820624691566,-4.756268639419342,0.4615384615384615,28,5,13,0,1,1,0,1,1,10,4,15,7,0,1,1,2,-1.172499999999998,95.65050000000004,1,0,0,1,0,1,0,0,1,1,3,2,0,0,0,3,1,1,0,0,0,0,0,0,0,0,0,2,0,1,0,0,0,0,0,0,0,0,0,0,0,0,0,0,0,0,0,0,0,0,0,0,0,1,0,0,0,0,0,0,0,0,0,1,0,0,0,0,0,0,0,0,0,0,0,0,0,0,0,0,1,0,0,0,0,10141.0,Cavia porcellus,Eukaryota
116398,Not Active (inhibition < 50% @ 10 uM and thus dose-reponse curve not measured),7619196,CHEMBL1909115,DRUGMATRIX: Androgen (Testosterone) AR radioligand binding (ligand: [3H] Mibolerone),B,BAO_0000190,BAO_0000249,cell membrane format,C[C@H]1[C@H](NC(=O)/C(=N\OC(C)(C)C(=O)O)c2csc(N)n2)C(=O)N1S(=O)(=O)O,CHEMBL1909046,,,CHEMBL158,AZTREONAM,CHEMBL158,0,,1539525,,15,0,,IC50,,,CHEMBL3072,Rattus norvegicus,Androgen Receptor,10116.0,,IC50,,,,CHEMBL158,C[C@H]1[C@H](NC(=O)/C(=N\OC(C)(C)C(=O)O)c2csc(N)n2)C(=O)N1S(=O)(=O)O,12.562141912320484,12.562141912320484,0.0349535856009066,-4.756268639419342,0.174788224513646,20.5,435.44000000000017,418.30400000000014,435.051854504,154,0,0.3620751467724121,-0.4782270320177159,0.4782270320177159,0.3620751467724121,1.4642857142857142,2.071428571428572,2.5,32.24529764273617,10.00401161573638,2.513331128805475,-2.416338874010568,2.230948535260857,-2.707807208919476,7.836563836647012,-0.1608446168429468,2.971847309732629,2.2592762983237704,953.8851353067348,21.43879310982592,14.8114553779692,16.444448539824652,12.752743308167698,7.578995896792942,9.855612118054724,6.221230582074894,8.399971119282888,3.730567932227123,5.414072402778615,2.1128455580549623,3.54351374163482,-2.78,690205.5939907836,21.519292322605008,7.325918985638601,4.204134383579708,162.59031069995737,20.994572059745856,11.735768823996422,10.843243482610037,5.601050810983688,11.814359458703011,16.27347016397548,14.141824241834009,14.083731696315263,8.417796984328938,11.336785877934735,5.15571272675054,20.771211599071872,5.380062770465915,6.041840829147961,37.29827438881211,50.26785898322327,0.0,14.605983116249774,5.15571272675054,38.455944068351485,5.733667477162185,11.073990765314376,0.0,0.0,11.050456081168516,5.131558479839333,0.0,11.336785877934735,68.54635098380861,29.525365011975733,0.0,26.46513959392033,10.535775497216456,0.0,0.0,0.0,201.58,51.4842470947288,22.801408536544404,0.0,15.130702465984026,0.0,11.336785877934735,26.151274369537788,0.0,0.0,15.456479851704078,20.23053332942989,31.44978820569469,0.9796905422586336,44.39737831563419,16.334751159546904,3.256457088644816,-3.375611656986792,-2.3123389733980013,0.0,3.692820624691566,-4.756268639419342,0.4615384615384615,28,5,13,0,1,1,0,1,1,10,4,15,7,0,1,1,2,-1.172499999999998,95.65050000000004,1,0,0,1,0,1,0,0,1,1,3,2,0,0,0,3,1,1,0,0,0,0,0,0,0,0,0,2,0,1,0,0,0,0,0,0,0,0,0,0,0,0,0,0,0,0,0,0,0,0,0,0,0,1,0,0,0,0,0,0,0,0,0,1,0,0,0,0,0,0,0,0,0,0,0,0,0,0,0,0,1,0,0,0,0,10116.0,Rattus norvegicus,Eukaryota
116399,Not Active (inhibition < 50% @ 10 uM and thus dose-reponse curve not measured),7619197,CHEMBL1909115,DRUGMATRIX: Androgen (Testosterone) AR radioligand binding (ligand: [3H] Mibolerone),B,BAO_0000192,BAO_0000249,cell membrane format,C[C@H]1[C@H](NC(=O)/C(=N\OC(C)(C)C(=O)O)c2csc(N)n2)C(=O)N1S(=O)(=O)O,CHEMBL1909046,,,CHEMBL158,AZTREONAM,CHEMBL158,0,,1539525,,15,0,,Ki,,,CHEMBL3072,Rattus norvegicus,Androgen Receptor,10116.0,,Ki,,,,CHEMBL158,C[C@H]1[C@H](NC(=O)/C(=N\OC(C)(C)C(=O)O)c2csc(N)n2)C(=O)N1S(=O)(=O)O,12.562141912320484,12.562141912320484,0.0349535856009066,-4.756268639419342,0.174788224513646,20.5,435.44000000000017,418.30400000000014,435.051854504,154,0,0.3620751467724121,-0.4782270320177159,0.4782270320177159,0.3620751467724121,1.4642857142857142,2.071428571428572,2.5,32.24529764273617,10.00401161573638,2.513331128805475,-2.416338874010568,2.230948535260857,-2.707807208919476,7.836563836647012,-0.1608446168429468,2.971847309732629,2.2592762983237704,953.8851353067348,21.43879310982592,14.8114553779692,16.444448539824652,12.752743308167698,7.578995896792942,9.855612118054724,6.221230582074894,8.399971119282888,3.730567932227123,5.414072402778615,2.1128455580549623,3.54351374163482,-2.78,690205.5939907836,21.519292322605008,7.325918985638601,4.204134383579708,162.59031069995737,20.994572059745856,11.735768823996422,10.843243482610037,5.601050810983688,11.814359458703011,16.27347016397548,14.141824241834009,14.083731696315263,8.417796984328938,11.336785877934735,5.15571272675054,20.771211599071872,5.380062770465915,6.041840829147961,37.29827438881211,50.26785898322327,0.0,14.605983116249774,5.15571272675054,38.455944068351485,5.733667477162185,11.073990765314376,0.0,0.0,11.050456081168516,5.131558479839333,0.0,11.336785877934735,68.54635098380861,29.525365011975733,0.0,26.46513959392033,10.535775497216456,0.0,0.0,0.0,201.58,51.4842470947288,22.801408536544404,0.0,15.130702465984026,0.0,11.336785877934735,26.151274369537788,0.0,0.0,15.456479851704078,20.23053332942989,31.44978820569469,0.9796905422586336,44.39737831563419,16.334751159546904,3.256457088644816,-3.375611656986792,-2.3123389733980013,0.0,3.692820624691566,-4.756268639419342,0.4615384615384615,28,5,13,0,1,1,0,1,1,10,4,15,7,0,1,1,2,-1.172499999999998,95.65050000000004,1,0,0,1,0,1,0,0,1,1,3,2,0,0,0,3,1,1,0,0,0,0,0,0,0,0,0,2,0,1,0,0,0,0,0,0,0,0,0,0,0,0,0,0,0,0,0,0,0,0,0,0,0,1,0,0,0,0,0,0,0,0,0,1,0,0,0,0,0,0,0,0,0,0,0,0,0,0,0,0,1,0,0,0,0,10116.0,Rattus norvegicus,Eukaryota
116402,,8057812,CHEMBL1960115,Antibacterial activity against Pseudomonas aeruginosa after 16 to 20 hrs by broth microdilution method,F,BAO_0000179,BAO_0000218,organism-based format,C[C@H]1[C@H](NC(=O)/C(=N\OC(C)(C)C(=O)O)c2csc(N)n2)C(=O)N1S(=O)(=O)O,CHEMBL1955743,J Med Chem,2012.0,CHEMBL158,AZTREONAM,CHEMBL158,0,http://www.openphacts.org/units/MicrogramPerMilliliter,1580381,=,1,1,=,MIC90,ug.mL-1,64.0,CHEMBL348,Pseudomonas aeruginosa,Pseudomonas aeruginosa,287.0,,MIC90,ug ml-1,UO_0000274,64.0,CHEMBL158,C[C@H]1[C@H](NC(=O)/C(=N\OC(C)(C)C(=O)O)c2csc(N)n2)C(=O)N1S(=O)(=O)O,12.562141912320484,12.562141912320484,0.0349535856009066,-4.756268639419342,0.174788224513646,20.5,435.44000000000017,418.30400000000014,435.051854504,154,0,0.3620751467724121,-0.4782270320177159,0.4782270320177159,0.3620751467724121,1.4642857142857142,2.071428571428572,2.5,32.24529764273617,10.00401161573638,2.513331128805475,-2.416338874010568,2.230948535260857,-2.707807208919476,7.836563836647012,-0.1608446168429468,2.971847309732629,2.2592762983237704,953.8851353067348,21.43879310982592,14.8114553779692,16.444448539824652,12.752743308167698,7.578995896792942,9.855612118054724,6.221230582074894,8.399971119282888,3.730567932227123,5.414072402778615,2.1128455580549623,3.54351374163482,-2.78,690205.5939907836,21.519292322605008,7.325918985638601,4.204134383579708,162.59031069995737,20.994572059745856,11.735768823996422,10.843243482610037,5.601050810983688,11.814359458703011,16.27347016397548,14.141824241834009,14.083731696315263,8.417796984328938,11.336785877934735,5.15571272675054,20.771211599071872,5.380062770465915,6.041840829147961,37.29827438881211,50.26785898322327,0.0,14.605983116249774,5.15571272675054,38.455944068351485,5.733667477162185,11.073990765314376,0.0,0.0,11.050456081168516,5.131558479839333,0.0,11.336785877934735,68.54635098380861,29.525365011975733,0.0,26.46513959392033,10.535775497216456,0.0,0.0,0.0,201.58,51.4842470947288,22.801408536544404,0.0,15.130702465984026,0.0,11.336785877934735,26.151274369537788,0.0,0.0,15.456479851704078,20.23053332942989,31.44978820569469,0.9796905422586336,44.39737831563419,16.334751159546904,3.256457088644816,-3.375611656986792,-2.3123389733980013,0.0,3.692820624691566,-4.756268639419342,0.4615384615384615,28,5,13,0,1,1,0,1,1,10,4,15,7,0,1,1,2,-1.172499999999998,95.65050000000004,1,0,0,1,0,1,0,0,1,1,3,2,0,0,0,3,1,1,0,0,0,0,0,0,0,0,0,2,0,1,0,0,0,0,0,0,0,0,0,0,0,0,0,0,0,0,0,0,0,0,0,0,0,1,0,0,0,0,0,0,0,0,0,1,0,0,0,0,0,0,0,0,0,0,0,0,0,0,0,0,1,0,0,0,0,287.0,Pseudomonas aeruginosa,Bacteria
116402,,8057812,CHEMBL1960115,Antibacterial activity against Pseudomonas aeruginosa after 16 to 20 hrs by broth microdilution method,F,BAO_0000179,BAO_0000218,organism-based format,C[C@H]1[C@H](NC(=O)/C(=N\OC(C)(C)C(=O)O)c2csc(N)n2)C(=O)N1S(=O)(=O)O,CHEMBL1955743,J Med Chem,2012.0,CHEMBL158,AZTREONAM,CHEMBL158,0,http://www.openphacts.org/units/MicrogramPerMilliliter,1580381,=,1,1,=,MIC90,ug.mL-1,64.0,CHEMBL348,Pseudomonas aeruginosa,Pseudomonas aeruginosa,287.0,,MIC90,ug ml-1,UO_0000274,64.0,CHEMBL158,C[C@H]1[C@H](NC(=O)/C(=N\OC(C)(C)C(=O)O)c2csc(N)n2)C(=O)N1S(=O)(=O)O,12.562141912320484,12.562141912320484,0.0349535856009066,-4.756268639419342,0.174788224513646,20.5,435.44000000000017,418.30400000000014,435.051854504,154,0,0.3620751467724121,-0.4782270320177159,0.4782270320177159,0.3620751467724121,1.4642857142857142,2.071428571428572,2.5,32.24529764273617,10.00401161573638,2.513331128805475,-2.416338874010568,2.230948535260857,-2.707807208919476,7.836563836647012,-0.1608446168429468,2.971847309732629,2.2592762983237704,953.8851353067348,21.43879310982592,14.8114553779692,16.444448539824652,12.752743308167698,7.578995896792942,9.855612118054724,6.221230582074894,8.399971119282888,3.730567932227123,5.414072402778615,2.1128455580549623,3.54351374163482,-2.78,690205.5939907836,21.519292322605008,7.325918985638601,4.204134383579708,162.59031069995737,20.994572059745856,11.735768823996422,10.843243482610037,5.601050810983688,11.814359458703011,16.27347016397548,14.141824241834009,14.083731696315263,8.417796984328938,11.336785877934735,5.15571272675054,20.771211599071872,5.380062770465915,6.041840829147961,37.29827438881211,50.26785898322327,0.0,14.605983116249774,5.15571272675054,38.455944068351485,5.733667477162185,11.073990765314376,0.0,0.0,11.050456081168516,5.131558479839333,0.0,11.336785877934735,68.54635098380861,29.525365011975733,0.0,26.46513959392033,10.535775497216456,0.0,0.0,0.0,201.58,51.4842470947288,22.801408536544404,0.0,15.130702465984026,0.0,11.336785877934735,26.151274369537788,0.0,0.0,15.456479851704078,20.23053332942989,31.44978820569469,0.9796905422586336,44.39737831563419,16.334751159546904,3.256457088644816,-3.375611656986792,-2.3123389733980013,0.0,3.692820624691566,-4.756268639419342,0.4615384615384615,28,5,13,0,1,1,0,1,1,10,4,15,7,0,1,1,2,-1.172499999999998,95.65050000000004,1,0,0,1,0,1,0,0,1,1,3,2,0,0,0,3,1,1,0,0,0,0,0,0,0,0,0,2,0,1,0,0,0,0,0,0,0,0,0,0,0,0,0,0,0,0,0,0,0,0,0,0,0,1,0,0,0,0,0,0,0,0,0,1,0,0,0,0,0,0,0,0,0,0,0,0,0,0,0,0,1,0,0,0,0,287.0,Pseudomonas aeruginosa,Bacteria
116402,,8057812,CHEMBL1960115,Antibacterial activity against Pseudomonas aeruginosa after 16 to 20 hrs by broth microdilution method,F,BAO_0000179,BAO_0000218,organism-based format,C[C@H]1[C@H](NC(=O)/C(=N\OC(C)(C)C(=O)O)c2csc(N)n2)C(=O)N1S(=O)(=O)O,CHEMBL1955743,J Med Chem,2012.0,CHEMBL158,AZTREONAM,CHEMBL158,0,http://www.openphacts.org/units/MicrogramPerMilliliter,1580381,=,1,1,=,MIC90,ug.mL-1,64.0,CHEMBL348,Pseudomonas aeruginosa,Pseudomonas aeruginosa,287.0,,MIC90,ug ml-1,UO_0000274,64.0,CHEMBL158,C[C@H]1[C@H](NC(=O)/C(=N\OC(C)(C)C(=O)O)c2csc(N)n2)C(=O)N1S(=O)(=O)O,12.562141912320484,12.562141912320484,0.0349535856009066,-4.756268639419342,0.174788224513646,20.5,435.44000000000017,418.30400000000014,435.051854504,154,0,0.3620751467724121,-0.4782270320177159,0.4782270320177159,0.3620751467724121,1.4642857142857142,2.071428571428572,2.5,32.24529764273617,10.00401161573638,2.513331128805475,-2.416338874010568,2.230948535260857,-2.707807208919476,7.836563836647012,-0.1608446168429468,2.971847309732629,2.2592762983237704,953.8851353067348,21.43879310982592,14.8114553779692,16.444448539824652,12.752743308167698,7.578995896792942,9.855612118054724,6.221230582074894,8.399971119282888,3.730567932227123,5.414072402778615,2.1128455580549623,3.54351374163482,-2.78,690205.5939907836,21.519292322605008,7.325918985638601,4.204134383579708,162.59031069995737,20.994572059745856,11.735768823996422,10.843243482610037,5.601050810983688,11.814359458703011,16.27347016397548,14.141824241834009,14.083731696315263,8.417796984328938,11.336785877934735,5.15571272675054,20.771211599071872,5.380062770465915,6.041840829147961,37.29827438881211,50.26785898322327,0.0,14.605983116249774,5.15571272675054,38.455944068351485,5.733667477162185,11.073990765314376,0.0,0.0,11.050456081168516,5.131558479839333,0.0,11.336785877934735,68.54635098380861,29.525365011975733,0.0,26.46513959392033,10.535775497216456,0.0,0.0,0.0,201.58,51.4842470947288,22.801408536544404,0.0,15.130702465984026,0.0,11.336785877934735,26.151274369537788,0.0,0.0,15.456479851704078,20.23053332942989,31.44978820569469,0.9796905422586336,44.39737831563419,16.334751159546904,3.256457088644816,-3.375611656986792,-2.3123389733980013,0.0,3.692820624691566,-4.756268639419342,0.4615384615384615,28,5,13,0,1,1,0,1,1,10,4,15,7,0,1,1,2,-1.172499999999998,95.65050000000004,1,0,0,1,0,1,0,0,1,1,3,2,0,0,0,3,1,1,0,0,0,0,0,0,0,0,0,2,0,1,0,0,0,0,0,0,0,0,0,0,0,0,0,0,0,0,0,0,0,0,0,0,0,1,0,0,0,0,0,0,0,0,0,1,0,0,0,0,0,0,0,0,0,0,0,0,0,0,0,0,1,0,0,0,0,287.0,Pseudomonas aeruginosa,Bacteria
116403,,8057822,CHEMBL1960116,Antibacterial activity against Klebsiella pneumoniae after 16 to 20 hrs by broth microdilution method,F,BAO_0000179,BAO_0000218,organism-based format,C[C@H]1[C@H](NC(=O)/C(=N\OC(C)(C)C(=O)O)c2csc(N)n2)C(=O)N1S(=O)(=O)O,CHEMBL1955743,J Med Chem,2012.0,CHEMBL158,AZTREONAM,CHEMBL158,0,http://www.openphacts.org/units/MicrogramPerMilliliter,1580381,>,1,1,>,MIC90,ug.mL-1,64.0,CHEMBL350,Klebsiella pneumoniae,Klebsiella pneumoniae,573.0,,MIC90,ug ml-1,UO_0000274,64.0,CHEMBL158,C[C@H]1[C@H](NC(=O)/C(=N\OC(C)(C)C(=O)O)c2csc(N)n2)C(=O)N1S(=O)(=O)O,12.562141912320484,12.562141912320484,0.0349535856009066,-4.756268639419342,0.174788224513646,20.5,435.44000000000017,418.30400000000014,435.051854504,154,0,0.3620751467724121,-0.4782270320177159,0.4782270320177159,0.3620751467724121,1.4642857142857142,2.071428571428572,2.5,32.24529764273617,10.00401161573638,2.513331128805475,-2.416338874010568,2.230948535260857,-2.707807208919476,7.836563836647012,-0.1608446168429468,2.971847309732629,2.2592762983237704,953.8851353067348,21.43879310982592,14.8114553779692,16.444448539824652,12.752743308167698,7.578995896792942,9.855612118054724,6.221230582074894,8.399971119282888,3.730567932227123,5.414072402778615,2.1128455580549623,3.54351374163482,-2.78,690205.5939907836,21.519292322605008,7.325918985638601,4.204134383579708,162.59031069995737,20.994572059745856,11.735768823996422,10.843243482610037,5.601050810983688,11.814359458703011,16.27347016397548,14.141824241834009,14.083731696315263,8.417796984328938,11.336785877934735,5.15571272675054,20.771211599071872,5.380062770465915,6.041840829147961,37.29827438881211,50.26785898322327,0.0,14.605983116249774,5.15571272675054,38.455944068351485,5.733667477162185,11.073990765314376,0.0,0.0,11.050456081168516,5.131558479839333,0.0,11.336785877934735,68.54635098380861,29.525365011975733,0.0,26.46513959392033,10.535775497216456,0.0,0.0,0.0,201.58,51.4842470947288,22.801408536544404,0.0,15.130702465984026,0.0,11.336785877934735,26.151274369537788,0.0,0.0,15.456479851704078,20.23053332942989,31.44978820569469,0.9796905422586336,44.39737831563419,16.334751159546904,3.256457088644816,-3.375611656986792,-2.3123389733980013,0.0,3.692820624691566,-4.756268639419342,0.4615384615384615,28,5,13,0,1,1,0,1,1,10,4,15,7,0,1,1,2,-1.172499999999998,95.65050000000004,1,0,0,1,0,1,0,0,1,1,3,2,0,0,0,3,1,1,0,0,0,0,0,0,0,0,0,2,0,1,0,0,0,0,0,0,0,0,0,0,0,0,0,0,0,0,0,0,0,0,0,0,0,1,0,0,0,0,0,0,0,0,0,1,0,0,0,0,0,0,0,0,0,0,0,0,0,0,0,0,1,0,0,0,0,573.0,Klebsiella pneumoniae,Bacteria
116403,,8057822,CHEMBL1960116,Antibacterial activity against Klebsiella pneumoniae after 16 to 20 hrs by broth microdilution method,F,BAO_0000179,BAO_0000218,organism-based format,C[C@H]1[C@H](NC(=O)/C(=N\OC(C)(C)C(=O)O)c2csc(N)n2)C(=O)N1S(=O)(=O)O,CHEMBL1955743,J Med Chem,2012.0,CHEMBL158,AZTREONAM,CHEMBL158,0,http://www.openphacts.org/units/MicrogramPerMilliliter,1580381,>,1,1,>,MIC90,ug.mL-1,64.0,CHEMBL350,Klebsiella pneumoniae,Klebsiella pneumoniae,573.0,,MIC90,ug ml-1,UO_0000274,64.0,CHEMBL158,C[C@H]1[C@H](NC(=O)/C(=N\OC(C)(C)C(=O)O)c2csc(N)n2)C(=O)N1S(=O)(=O)O,12.562141912320484,12.562141912320484,0.0349535856009066,-4.756268639419342,0.174788224513646,20.5,435.44000000000017,418.30400000000014,435.051854504,154,0,0.3620751467724121,-0.4782270320177159,0.4782270320177159,0.3620751467724121,1.4642857142857142,2.071428571428572,2.5,32.24529764273617,10.00401161573638,2.513331128805475,-2.416338874010568,2.230948535260857,-2.707807208919476,7.836563836647012,-0.1608446168429468,2.971847309732629,2.2592762983237704,953.8851353067348,21.43879310982592,14.8114553779692,16.444448539824652,12.752743308167698,7.578995896792942,9.855612118054724,6.221230582074894,8.399971119282888,3.730567932227123,5.414072402778615,2.1128455580549623,3.54351374163482,-2.78,690205.5939907836,21.519292322605008,7.325918985638601,4.204134383579708,162.59031069995737,20.994572059745856,11.735768823996422,10.843243482610037,5.601050810983688,11.814359458703011,16.27347016397548,14.141824241834009,14.083731696315263,8.417796984328938,11.336785877934735,5.15571272675054,20.771211599071872,5.380062770465915,6.041840829147961,37.29827438881211,50.26785898322327,0.0,14.605983116249774,5.15571272675054,38.455944068351485,5.733667477162185,11.073990765314376,0.0,0.0,11.050456081168516,5.131558479839333,0.0,11.336785877934735,68.54635098380861,29.525365011975733,0.0,26.46513959392033,10.535775497216456,0.0,0.0,0.0,201.58,51.4842470947288,22.801408536544404,0.0,15.130702465984026,0.0,11.336785877934735,26.151274369537788,0.0,0.0,15.456479851704078,20.23053332942989,31.44978820569469,0.9796905422586336,44.39737831563419,16.334751159546904,3.256457088644816,-3.375611656986792,-2.3123389733980013,0.0,3.692820624691566,-4.756268639419342,0.4615384615384615,28,5,13,0,1,1,0,1,1,10,4,15,7,0,1,1,2,-1.172499999999998,95.65050000000004,1,0,0,1,0,1,0,0,1,1,3,2,0,0,0,3,1,1,0,0,0,0,0,0,0,0,0,2,0,1,0,0,0,0,0,0,0,0,0,0,0,0,0,0,0,0,0,0,0,0,0,0,0,1,0,0,0,0,0,0,0,0,0,1,0,0,0,0,0,0,0,0,0,0,0,0,0,0,0,0,1,0,0,0,0,573.0,Klebsiella pneumoniae,Bacteria
116404,,8057832,CHEMBL1960117,Antibacterial activity against Escherichia coli after 16 to 20 hrs by broth microdilution method,F,BAO_0000179,BAO_0000218,organism-based format,C[C@H]1[C@H](NC(=O)/C(=N\OC(C)(C)C(=O)O)c2csc(N)n2)C(=O)N1S(=O)(=O)O,CHEMBL1955743,J Med Chem,2012.0,CHEMBL158,AZTREONAM,CHEMBL158,0,http://www.openphacts.org/units/MicrogramPerMilliliter,1580381,>,1,1,>,MIC90,ug.mL-1,64.0,CHEMBL354,Escherichia coli,Escherichia coli,562.0,,MIC90,ug ml-1,UO_0000274,64.0,CHEMBL158,C[C@H]1[C@H](NC(=O)/C(=N\OC(C)(C)C(=O)O)c2csc(N)n2)C(=O)N1S(=O)(=O)O,12.562141912320484,12.562141912320484,0.0349535856009066,-4.756268639419342,0.174788224513646,20.5,435.44000000000017,418.30400000000014,435.051854504,154,0,0.3620751467724121,-0.4782270320177159,0.4782270320177159,0.3620751467724121,1.4642857142857142,2.071428571428572,2.5,32.24529764273617,10.00401161573638,2.513331128805475,-2.416338874010568,2.230948535260857,-2.707807208919476,7.836563836647012,-0.1608446168429468,2.971847309732629,2.2592762983237704,953.8851353067348,21.43879310982592,14.8114553779692,16.444448539824652,12.752743308167698,7.578995896792942,9.855612118054724,6.221230582074894,8.399971119282888,3.730567932227123,5.414072402778615,2.1128455580549623,3.54351374163482,-2.78,690205.5939907836,21.519292322605008,7.325918985638601,4.204134383579708,162.59031069995737,20.994572059745856,11.735768823996422,10.843243482610037,5.601050810983688,11.814359458703011,16.27347016397548,14.141824241834009,14.083731696315263,8.417796984328938,11.336785877934735,5.15571272675054,20.771211599071872,5.380062770465915,6.041840829147961,37.29827438881211,50.26785898322327,0.0,14.605983116249774,5.15571272675054,38.455944068351485,5.733667477162185,11.073990765314376,0.0,0.0,11.050456081168516,5.131558479839333,0.0,11.336785877934735,68.54635098380861,29.525365011975733,0.0,26.46513959392033,10.535775497216456,0.0,0.0,0.0,201.58,51.4842470947288,22.801408536544404,0.0,15.130702465984026,0.0,11.336785877934735,26.151274369537788,0.0,0.0,15.456479851704078,20.23053332942989,31.44978820569469,0.9796905422586336,44.39737831563419,16.334751159546904,3.256457088644816,-3.375611656986792,-2.3123389733980013,0.0,3.692820624691566,-4.756268639419342,0.4615384615384615,28,5,13,0,1,1,0,1,1,10,4,15,7,0,1,1,2,-1.172499999999998,95.65050000000004,1,0,0,1,0,1,0,0,1,1,3,2,0,0,0,3,1,1,0,0,0,0,0,0,0,0,0,2,0,1,0,0,0,0,0,0,0,0,0,0,0,0,0,0,0,0,0,0,0,0,0,0,0,1,0,0,0,0,0,0,0,0,0,1,0,0,0,0,0,0,0,0,0,0,0,0,0,0,0,0,1,0,0,0,0,562.0,Escherichia coli,Bacteria
116404,,8057832,CHEMBL1960117,Antibacterial activity against Escherichia coli after 16 to 20 hrs by broth microdilution method,F,BAO_0000179,BAO_0000218,organism-based format,C[C@H]1[C@H](NC(=O)/C(=N\OC(C)(C)C(=O)O)c2csc(N)n2)C(=O)N1S(=O)(=O)O,CHEMBL1955743,J Med Chem,2012.0,CHEMBL158,AZTREONAM,CHEMBL158,0,http://www.openphacts.org/units/MicrogramPerMilliliter,1580381,>,1,1,>,MIC90,ug.mL-1,64.0,CHEMBL354,Escherichia coli,Escherichia coli,562.0,,MIC90,ug ml-1,UO_0000274,64.0,CHEMBL158,C[C@H]1[C@H](NC(=O)/C(=N\OC(C)(C)C(=O)O)c2csc(N)n2)C(=O)N1S(=O)(=O)O,12.562141912320484,12.562141912320484,0.0349535856009066,-4.756268639419342,0.174788224513646,20.5,435.44000000000017,418.30400000000014,435.051854504,154,0,0.3620751467724121,-0.4782270320177159,0.4782270320177159,0.3620751467724121,1.4642857142857142,2.071428571428572,2.5,32.24529764273617,10.00401161573638,2.513331128805475,-2.416338874010568,2.230948535260857,-2.707807208919476,7.836563836647012,-0.1608446168429468,2.971847309732629,2.2592762983237704,953.8851353067348,21.43879310982592,14.8114553779692,16.444448539824652,12.752743308167698,7.578995896792942,9.855612118054724,6.221230582074894,8.399971119282888,3.730567932227123,5.414072402778615,2.1128455580549623,3.54351374163482,-2.78,690205.5939907836,21.519292322605008,7.325918985638601,4.204134383579708,162.59031069995737,20.994572059745856,11.735768823996422,10.843243482610037,5.601050810983688,11.814359458703011,16.27347016397548,14.141824241834009,14.083731696315263,8.417796984328938,11.336785877934735,5.15571272675054,20.771211599071872,5.380062770465915,6.041840829147961,37.29827438881211,50.26785898322327,0.0,14.605983116249774,5.15571272675054,38.455944068351485,5.733667477162185,11.073990765314376,0.0,0.0,11.050456081168516,5.131558479839333,0.0,11.336785877934735,68.54635098380861,29.525365011975733,0.0,26.46513959392033,10.535775497216456,0.0,0.0,0.0,201.58,51.4842470947288,22.801408536544404,0.0,15.130702465984026,0.0,11.336785877934735,26.151274369537788,0.0,0.0,15.456479851704078,20.23053332942989,31.44978820569469,0.9796905422586336,44.39737831563419,16.334751159546904,3.256457088644816,-3.375611656986792,-2.3123389733980013,0.0,3.692820624691566,-4.756268639419342,0.4615384615384615,28,5,13,0,1,1,0,1,1,10,4,15,7,0,1,1,2,-1.172499999999998,95.65050000000004,1,0,0,1,0,1,0,0,1,1,3,2,0,0,0,3,1,1,0,0,0,0,0,0,0,0,0,2,0,1,0,0,0,0,0,0,0,0,0,0,0,0,0,0,0,0,0,0,0,0,0,0,0,1,0,0,0,0,0,0,0,0,0,1,0,0,0,0,0,0,0,0,0,0,0,0,0,0,0,0,1,0,0,0,0,562.0,Escherichia coli,Bacteria
116404,,8057832,CHEMBL1960117,Antibacterial activity against Escherichia coli after 16 to 20 hrs by broth microdilution method,F,BAO_0000179,BAO_0000218,organism-based format,C[C@H]1[C@H](NC(=O)/C(=N\OC(C)(C)C(=O)O)c2csc(N)n2)C(=O)N1S(=O)(=O)O,CHEMBL1955743,J Med Chem,2012.0,CHEMBL158,AZTREONAM,CHEMBL158,0,http://www.openphacts.org/units/MicrogramPerMilliliter,1580381,>,1,1,>,MIC90,ug.mL-1,64.0,CHEMBL354,Escherichia coli,Escherichia coli,562.0,,MIC90,ug ml-1,UO_0000274,64.0,CHEMBL158,C[C@H]1[C@H](NC(=O)/C(=N\OC(C)(C)C(=O)O)c2csc(N)n2)C(=O)N1S(=O)(=O)O,12.562141912320484,12.562141912320484,0.0349535856009066,-4.756268639419342,0.174788224513646,20.5,435.44000000000017,418.30400000000014,435.051854504,154,0,0.3620751467724121,-0.4782270320177159,0.4782270320177159,0.3620751467724121,1.4642857142857142,2.071428571428572,2.5,32.24529764273617,10.00401161573638,2.513331128805475,-2.416338874010568,2.230948535260857,-2.707807208919476,7.836563836647012,-0.1608446168429468,2.971847309732629,2.2592762983237704,953.8851353067348,21.43879310982592,14.8114553779692,16.444448539824652,12.752743308167698,7.578995896792942,9.855612118054724,6.221230582074894,8.399971119282888,3.730567932227123,5.414072402778615,2.1128455580549623,3.54351374163482,-2.78,690205.5939907836,21.519292322605008,7.325918985638601,4.204134383579708,162.59031069995737,20.994572059745856,11.735768823996422,10.843243482610037,5.601050810983688,11.814359458703011,16.27347016397548,14.141824241834009,14.083731696315263,8.417796984328938,11.336785877934735,5.15571272675054,20.771211599071872,5.380062770465915,6.041840829147961,37.29827438881211,50.26785898322327,0.0,14.605983116249774,5.15571272675054,38.455944068351485,5.733667477162185,11.073990765314376,0.0,0.0,11.050456081168516,5.131558479839333,0.0,11.336785877934735,68.54635098380861,29.525365011975733,0.0,26.46513959392033,10.535775497216456,0.0,0.0,0.0,201.58,51.4842470947288,22.801408536544404,0.0,15.130702465984026,0.0,11.336785877934735,26.151274369537788,0.0,0.0,15.456479851704078,20.23053332942989,31.44978820569469,0.9796905422586336,44.39737831563419,16.334751159546904,3.256457088644816,-3.375611656986792,-2.3123389733980013,0.0,3.692820624691566,-4.756268639419342,0.4615384615384615,28,5,13,0,1,1,0,1,1,10,4,15,7,0,1,1,2,-1.172499999999998,95.65050000000004,1,0,0,1,0,1,0,0,1,1,3,2,0,0,0,3,1,1,0,0,0,0,0,0,0,0,0,2,0,1,0,0,0,0,0,0,0,0,0,0,0,0,0,0,0,0,0,0,0,0,0,0,0,1,0,0,0,0,0,0,0,0,0,1,0,0,0,0,0,0,0,0,0,0,0,0,0,0,0,0,1,0,0,0,0,562.0,Escherichia coli,Bacteria
116404,,8057832,CHEMBL1960117,Antibacterial activity against Escherichia coli after 16 to 20 hrs by broth microdilution method,F,BAO_0000179,BAO_0000218,organism-based format,C[C@H]1[C@H](NC(=O)/C(=N\OC(C)(C)C(=O)O)c2csc(N)n2)C(=O)N1S(=O)(=O)O,CHEMBL1955743,J Med Chem,2012.0,CHEMBL158,AZTREONAM,CHEMBL158,0,http://www.openphacts.org/units/MicrogramPerMilliliter,1580381,>,1,1,>,MIC90,ug.mL-1,64.0,CHEMBL354,Escherichia coli,Escherichia coli,562.0,,MIC90,ug ml-1,UO_0000274,64.0,CHEMBL158,C[C@H]1[C@H](NC(=O)/C(=N\OC(C)(C)C(=O)O)c2csc(N)n2)C(=O)N1S(=O)(=O)O,12.562141912320484,12.562141912320484,0.0349535856009066,-4.756268639419342,0.174788224513646,20.5,435.44000000000017,418.30400000000014,435.051854504,154,0,0.3620751467724121,-0.4782270320177159,0.4782270320177159,0.3620751467724121,1.4642857142857142,2.071428571428572,2.5,32.24529764273617,10.00401161573638,2.513331128805475,-2.416338874010568,2.230948535260857,-2.707807208919476,7.836563836647012,-0.1608446168429468,2.971847309732629,2.2592762983237704,953.8851353067348,21.43879310982592,14.8114553779692,16.444448539824652,12.752743308167698,7.578995896792942,9.855612118054724,6.221230582074894,8.399971119282888,3.730567932227123,5.414072402778615,2.1128455580549623,3.54351374163482,-2.78,690205.5939907836,21.519292322605008,7.325918985638601,4.204134383579708,162.59031069995737,20.994572059745856,11.735768823996422,10.843243482610037,5.601050810983688,11.814359458703011,16.27347016397548,14.141824241834009,14.083731696315263,8.417796984328938,11.336785877934735,5.15571272675054,20.771211599071872,5.380062770465915,6.041840829147961,37.29827438881211,50.26785898322327,0.0,14.605983116249774,5.15571272675054,38.455944068351485,5.733667477162185,11.073990765314376,0.0,0.0,11.050456081168516,5.131558479839333,0.0,11.336785877934735,68.54635098380861,29.525365011975733,0.0,26.46513959392033,10.535775497216456,0.0,0.0,0.0,201.58,51.4842470947288,22.801408536544404,0.0,15.130702465984026,0.0,11.336785877934735,26.151274369537788,0.0,0.0,15.456479851704078,20.23053332942989,31.44978820569469,0.9796905422586336,44.39737831563419,16.334751159546904,3.256457088644816,-3.375611656986792,-2.3123389733980013,0.0,3.692820624691566,-4.756268639419342,0.4615384615384615,28,5,13,0,1,1,0,1,1,10,4,15,7,0,1,1,2,-1.172499999999998,95.65050000000004,1,0,0,1,0,1,0,0,1,1,3,2,0,0,0,3,1,1,0,0,0,0,0,0,0,0,0,2,0,1,0,0,0,0,0,0,0,0,0,0,0,0,0,0,0,0,0,0,0,0,0,0,0,1,0,0,0,0,0,0,0,0,0,1,0,0,0,0,0,0,0,0,0,0,0,0,0,0,0,0,1,0,0,0,0,562.0,Escherichia coli,Bacteria
116405,,8057842,CHEMBL1960118,Antibacterial activity against Enterobacter aerogenes after 16 to 20 hrs by broth microdilution method,F,BAO_0000179,BAO_0000218,organism-based format,C[C@H]1[C@H](NC(=O)/C(=N\OC(C)(C)C(=O)O)c2csc(N)n2)C(=O)N1S(=O)(=O)O,CHEMBL1955743,J Med Chem,2012.0,CHEMBL158,AZTREONAM,CHEMBL158,0,http://www.openphacts.org/units/MicrogramPerMilliliter,1580381,=,1,1,=,MIC90,ug.mL-1,32.0,CHEMBL612508,Klebsiella aerogenes,Klebsiella aerogenes,548.0,,MIC90,ug ml-1,UO_0000274,32.0,CHEMBL158,C[C@H]1[C@H](NC(=O)/C(=N\OC(C)(C)C(=O)O)c2csc(N)n2)C(=O)N1S(=O)(=O)O,12.562141912320484,12.562141912320484,0.0349535856009066,-4.756268639419342,0.174788224513646,20.5,435.44000000000017,418.30400000000014,435.051854504,154,0,0.3620751467724121,-0.4782270320177159,0.4782270320177159,0.3620751467724121,1.4642857142857142,2.071428571428572,2.5,32.24529764273617,10.00401161573638,2.513331128805475,-2.416338874010568,2.230948535260857,-2.707807208919476,7.836563836647012,-0.1608446168429468,2.971847309732629,2.2592762983237704,953.8851353067348,21.43879310982592,14.8114553779692,16.444448539824652,12.752743308167698,7.578995896792942,9.855612118054724,6.221230582074894,8.399971119282888,3.730567932227123,5.414072402778615,2.1128455580549623,3.54351374163482,-2.78,690205.5939907836,21.519292322605008,7.325918985638601,4.204134383579708,162.59031069995737,20.994572059745856,11.735768823996422,10.843243482610037,5.601050810983688,11.814359458703011,16.27347016397548,14.141824241834009,14.083731696315263,8.417796984328938,11.336785877934735,5.15571272675054,20.771211599071872,5.380062770465915,6.041840829147961,37.29827438881211,50.26785898322327,0.0,14.605983116249774,5.15571272675054,38.455944068351485,5.733667477162185,11.073990765314376,0.0,0.0,11.050456081168516,5.131558479839333,0.0,11.336785877934735,68.54635098380861,29.525365011975733,0.0,26.46513959392033,10.535775497216456,0.0,0.0,0.0,201.58,51.4842470947288,22.801408536544404,0.0,15.130702465984026,0.0,11.336785877934735,26.151274369537788,0.0,0.0,15.456479851704078,20.23053332942989,31.44978820569469,0.9796905422586336,44.39737831563419,16.334751159546904,3.256457088644816,-3.375611656986792,-2.3123389733980013,0.0,3.692820624691566,-4.756268639419342,0.4615384615384615,28,5,13,0,1,1,0,1,1,10,4,15,7,0,1,1,2,-1.172499999999998,95.65050000000004,1,0,0,1,0,1,0,0,1,1,3,2,0,0,0,3,1,1,0,0,0,0,0,0,0,0,0,2,0,1,0,0,0,0,0,0,0,0,0,0,0,0,0,0,0,0,0,0,0,0,0,0,0,1,0,0,0,0,0,0,0,0,0,1,0,0,0,0,0,0,0,0,0,0,0,0,0,0,0,0,1,0,0,0,0,548.0,Klebsiella aerogenes,Bacteria
116406,,8057852,CHEMBL1960119,Antibacterial activity against Citrobacter freundii after 16 to 20 hrs by broth microdilution method,F,BAO_0000179,BAO_0000218,organism-based format,C[C@H]1[C@H](NC(=O)/C(=N\OC(C)(C)C(=O)O)c2csc(N)n2)C(=O)N1S(=O)(=O)O,CHEMBL1955743,J Med Chem,2012.0,CHEMBL158,AZTREONAM,CHEMBL158,0,http://www.openphacts.org/units/MicrogramPerMilliliter,1580381,>,1,1,>,MIC90,ug.mL-1,64.0,CHEMBL612615,Citrobacter freundii,Citrobacter freundii,546.0,,MIC90,ug ml-1,UO_0000274,64.0,CHEMBL158,C[C@H]1[C@H](NC(=O)/C(=N\OC(C)(C)C(=O)O)c2csc(N)n2)C(=O)N1S(=O)(=O)O,12.562141912320484,12.562141912320484,0.0349535856009066,-4.756268639419342,0.174788224513646,20.5,435.44000000000017,418.30400000000014,435.051854504,154,0,0.3620751467724121,-0.4782270320177159,0.4782270320177159,0.3620751467724121,1.4642857142857142,2.071428571428572,2.5,32.24529764273617,10.00401161573638,2.513331128805475,-2.416338874010568,2.230948535260857,-2.707807208919476,7.836563836647012,-0.1608446168429468,2.971847309732629,2.2592762983237704,953.8851353067348,21.43879310982592,14.8114553779692,16.444448539824652,12.752743308167698,7.578995896792942,9.855612118054724,6.221230582074894,8.399971119282888,3.730567932227123,5.414072402778615,2.1128455580549623,3.54351374163482,-2.78,690205.5939907836,21.519292322605008,7.325918985638601,4.204134383579708,162.59031069995737,20.994572059745856,11.735768823996422,10.843243482610037,5.601050810983688,11.814359458703011,16.27347016397548,14.141824241834009,14.083731696315263,8.417796984328938,11.336785877934735,5.15571272675054,20.771211599071872,5.380062770465915,6.041840829147961,37.29827438881211,50.26785898322327,0.0,14.605983116249774,5.15571272675054,38.455944068351485,5.733667477162185,11.073990765314376,0.0,0.0,11.050456081168516,5.131558479839333,0.0,11.336785877934735,68.54635098380861,29.525365011975733,0.0,26.46513959392033,10.535775497216456,0.0,0.0,0.0,201.58,51.4842470947288,22.801408536544404,0.0,15.130702465984026,0.0,11.336785877934735,26.151274369537788,0.0,0.0,15.456479851704078,20.23053332942989,31.44978820569469,0.9796905422586336,44.39737831563419,16.334751159546904,3.256457088644816,-3.375611656986792,-2.3123389733980013,0.0,3.692820624691566,-4.756268639419342,0.4615384615384615,28,5,13,0,1,1,0,1,1,10,4,15,7,0,1,1,2,-1.172499999999998,95.65050000000004,1,0,0,1,0,1,0,0,1,1,3,2,0,0,0,3,1,1,0,0,0,0,0,0,0,0,0,2,0,1,0,0,0,0,0,0,0,0,0,0,0,0,0,0,0,0,0,0,0,0,0,0,0,1,0,0,0,0,0,0,0,0,0,1,0,0,0,0,0,0,0,0,0,0,0,0,0,0,0,0,1,0,0,0,0,546.0,Citrobacter freundii,Bacteria
116407,,8057862,CHEMBL1960120,Antibacterial activity against Acinetobacter baumannii after 16 to 20 hrs by broth microdilution method,F,BAO_0000179,BAO_0000218,organism-based format,C[C@H]1[C@H](NC(=O)/C(=N\OC(C)(C)C(=O)O)c2csc(N)n2)C(=O)N1S(=O)(=O)O,CHEMBL1955743,J Med Chem,2012.0,CHEMBL158,AZTREONAM,CHEMBL158,0,http://www.openphacts.org/units/MicrogramPerMilliliter,1580381,=,1,1,=,MIC90,ug.mL-1,32.0,CHEMBL614425,Acinetobacter baumannii,Acinetobacter baumannii,470.0,,MIC90,ug ml-1,UO_0000274,32.0,CHEMBL158,C[C@H]1[C@H](NC(=O)/C(=N\OC(C)(C)C(=O)O)c2csc(N)n2)C(=O)N1S(=O)(=O)O,12.562141912320484,12.562141912320484,0.0349535856009066,-4.756268639419342,0.174788224513646,20.5,435.44000000000017,418.30400000000014,435.051854504,154,0,0.3620751467724121,-0.4782270320177159,0.4782270320177159,0.3620751467724121,1.4642857142857142,2.071428571428572,2.5,32.24529764273617,10.00401161573638,2.513331128805475,-2.416338874010568,2.230948535260857,-2.707807208919476,7.836563836647012,-0.1608446168429468,2.971847309732629,2.2592762983237704,953.8851353067348,21.43879310982592,14.8114553779692,16.444448539824652,12.752743308167698,7.578995896792942,9.855612118054724,6.221230582074894,8.399971119282888,3.730567932227123,5.414072402778615,2.1128455580549623,3.54351374163482,-2.78,690205.5939907836,21.519292322605008,7.325918985638601,4.204134383579708,162.59031069995737,20.994572059745856,11.735768823996422,10.843243482610037,5.601050810983688,11.814359458703011,16.27347016397548,14.141824241834009,14.083731696315263,8.417796984328938,11.336785877934735,5.15571272675054,20.771211599071872,5.380062770465915,6.041840829147961,37.29827438881211,50.26785898322327,0.0,14.605983116249774,5.15571272675054,38.455944068351485,5.733667477162185,11.073990765314376,0.0,0.0,11.050456081168516,5.131558479839333,0.0,11.336785877934735,68.54635098380861,29.525365011975733,0.0,26.46513959392033,10.535775497216456,0.0,0.0,0.0,201.58,51.4842470947288,22.801408536544404,0.0,15.130702465984026,0.0,11.336785877934735,26.151274369537788,0.0,0.0,15.456479851704078,20.23053332942989,31.44978820569469,0.9796905422586336,44.39737831563419,16.334751159546904,3.256457088644816,-3.375611656986792,-2.3123389733980013,0.0,3.692820624691566,-4.756268639419342,0.4615384615384615,28,5,13,0,1,1,0,1,1,10,4,15,7,0,1,1,2,-1.172499999999998,95.65050000000004,1,0,0,1,0,1,0,0,1,1,3,2,0,0,0,3,1,1,0,0,0,0,0,0,0,0,0,2,0,1,0,0,0,0,0,0,0,0,0,0,0,0,0,0,0,0,0,0,0,0,0,0,0,1,0,0,0,0,0,0,0,0,0,1,0,0,0,0,0,0,0,0,0,0,0,0,0,0,0,0,1,0,0,0,0,470.0,Acinetobacter baumannii,Bacteria
116408,,10848710,CHEMBL2019316,Antibacterial activity against Pseudomonas aeruginosa isolate 1091-05,F,BAO_0002146,BAO_0000218,organism-based format,C[C@H]1[C@H](NC(=O)/C(=N\OC(C)(C)C(=O)O)c2csc(N)n2)C(=O)N1S(=O)(=O)O,CHEMBL2016521,ACS Med Chem Lett,2011.0,CHEMBL158,AZTREONAM,CHEMBL158,0,http://www.openphacts.org/units/MicrogramPerMilliliter,1634337,=,1,1,=,MIC,ug.mL-1,8.0,CHEMBL348,Pseudomonas aeruginosa,Pseudomonas aeruginosa,287.0,,MIC,ug ml-1,UO_0000274,8.0,CHEMBL158,C[C@H]1[C@H](NC(=O)/C(=N\OC(C)(C)C(=O)O)c2csc(N)n2)C(=O)N1S(=O)(=O)O,12.562141912320484,12.562141912320484,0.0349535856009066,-4.756268639419342,0.174788224513646,20.5,435.44000000000017,418.30400000000014,435.051854504,154,0,0.3620751467724121,-0.4782270320177159,0.4782270320177159,0.3620751467724121,1.4642857142857142,2.071428571428572,2.5,32.24529764273617,10.00401161573638,2.513331128805475,-2.416338874010568,2.230948535260857,-2.707807208919476,7.836563836647012,-0.1608446168429468,2.971847309732629,2.2592762983237704,953.8851353067348,21.43879310982592,14.8114553779692,16.444448539824652,12.752743308167698,7.578995896792942,9.855612118054724,6.221230582074894,8.399971119282888,3.730567932227123,5.414072402778615,2.1128455580549623,3.54351374163482,-2.78,690205.5939907836,21.519292322605008,7.325918985638601,4.204134383579708,162.59031069995737,20.994572059745856,11.735768823996422,10.843243482610037,5.601050810983688,11.814359458703011,16.27347016397548,14.141824241834009,14.083731696315263,8.417796984328938,11.336785877934735,5.15571272675054,20.771211599071872,5.380062770465915,6.041840829147961,37.29827438881211,50.26785898322327,0.0,14.605983116249774,5.15571272675054,38.455944068351485,5.733667477162185,11.073990765314376,0.0,0.0,11.050456081168516,5.131558479839333,0.0,11.336785877934735,68.54635098380861,29.525365011975733,0.0,26.46513959392033,10.535775497216456,0.0,0.0,0.0,201.58,51.4842470947288,22.801408536544404,0.0,15.130702465984026,0.0,11.336785877934735,26.151274369537788,0.0,0.0,15.456479851704078,20.23053332942989,31.44978820569469,0.9796905422586336,44.39737831563419,16.334751159546904,3.256457088644816,-3.375611656986792,-2.3123389733980013,0.0,3.692820624691566,-4.756268639419342,0.4615384615384615,28,5,13,0,1,1,0,1,1,10,4,15,7,0,1,1,2,-1.172499999999998,95.65050000000004,1,0,0,1,0,1,0,0,1,1,3,2,0,0,0,3,1,1,0,0,0,0,0,0,0,0,0,2,0,1,0,0,0,0,0,0,0,0,0,0,0,0,0,0,0,0,0,0,0,0,0,0,0,1,0,0,0,0,0,0,0,0,0,1,0,0,0,0,0,0,0,0,0,0,0,0,0,0,0,0,1,0,0,0,0,287.0,Pseudomonas aeruginosa,Bacteria
116408,,10848710,CHEMBL2019316,Antibacterial activity against Pseudomonas aeruginosa isolate 1091-05,F,BAO_0002146,BAO_0000218,organism-based format,C[C@H]1[C@H](NC(=O)/C(=N\OC(C)(C)C(=O)O)c2csc(N)n2)C(=O)N1S(=O)(=O)O,CHEMBL2016521,ACS Med Chem Lett,2011.0,CHEMBL158,AZTREONAM,CHEMBL158,0,http://www.openphacts.org/units/MicrogramPerMilliliter,1634337,=,1,1,=,MIC,ug.mL-1,8.0,CHEMBL348,Pseudomonas aeruginosa,Pseudomonas aeruginosa,287.0,,MIC,ug ml-1,UO_0000274,8.0,CHEMBL158,C[C@H]1[C@H](NC(=O)/C(=N\OC(C)(C)C(=O)O)c2csc(N)n2)C(=O)N1S(=O)(=O)O,12.562141912320484,12.562141912320484,0.0349535856009066,-4.756268639419342,0.174788224513646,20.5,435.44000000000017,418.30400000000014,435.051854504,154,0,0.3620751467724121,-0.4782270320177159,0.4782270320177159,0.3620751467724121,1.4642857142857142,2.071428571428572,2.5,32.24529764273617,10.00401161573638,2.513331128805475,-2.416338874010568,2.230948535260857,-2.707807208919476,7.836563836647012,-0.1608446168429468,2.971847309732629,2.2592762983237704,953.8851353067348,21.43879310982592,14.8114553779692,16.444448539824652,12.752743308167698,7.578995896792942,9.855612118054724,6.221230582074894,8.399971119282888,3.730567932227123,5.414072402778615,2.1128455580549623,3.54351374163482,-2.78,690205.5939907836,21.519292322605008,7.325918985638601,4.204134383579708,162.59031069995737,20.994572059745856,11.735768823996422,10.843243482610037,5.601050810983688,11.814359458703011,16.27347016397548,14.141824241834009,14.083731696315263,8.417796984328938,11.336785877934735,5.15571272675054,20.771211599071872,5.380062770465915,6.041840829147961,37.29827438881211,50.26785898322327,0.0,14.605983116249774,5.15571272675054,38.455944068351485,5.733667477162185,11.073990765314376,0.0,0.0,11.050456081168516,5.131558479839333,0.0,11.336785877934735,68.54635098380861,29.525365011975733,0.0,26.46513959392033,10.535775497216456,0.0,0.0,0.0,201.58,51.4842470947288,22.801408536544404,0.0,15.130702465984026,0.0,11.336785877934735,26.151274369537788,0.0,0.0,15.456479851704078,20.23053332942989,31.44978820569469,0.9796905422586336,44.39737831563419,16.334751159546904,3.256457088644816,-3.375611656986792,-2.3123389733980013,0.0,3.692820624691566,-4.756268639419342,0.4615384615384615,28,5,13,0,1,1,0,1,1,10,4,15,7,0,1,1,2,-1.172499999999998,95.65050000000004,1,0,0,1,0,1,0,0,1,1,3,2,0,0,0,3,1,1,0,0,0,0,0,0,0,0,0,2,0,1,0,0,0,0,0,0,0,0,0,0,0,0,0,0,0,0,0,0,0,0,0,0,0,1,0,0,0,0,0,0,0,0,0,1,0,0,0,0,0,0,0,0,0,0,0,0,0,0,0,0,1,0,0,0,0,287.0,Pseudomonas aeruginosa,Bacteria
116408,,10848710,CHEMBL2019316,Antibacterial activity against Pseudomonas aeruginosa isolate 1091-05,F,BAO_0002146,BAO_0000218,organism-based format,C[C@H]1[C@H](NC(=O)/C(=N\OC(C)(C)C(=O)O)c2csc(N)n2)C(=O)N1S(=O)(=O)O,CHEMBL2016521,ACS Med Chem Lett,2011.0,CHEMBL158,AZTREONAM,CHEMBL158,0,http://www.openphacts.org/units/MicrogramPerMilliliter,1634337,=,1,1,=,MIC,ug.mL-1,8.0,CHEMBL348,Pseudomonas aeruginosa,Pseudomonas aeruginosa,287.0,,MIC,ug ml-1,UO_0000274,8.0,CHEMBL158,C[C@H]1[C@H](NC(=O)/C(=N\OC(C)(C)C(=O)O)c2csc(N)n2)C(=O)N1S(=O)(=O)O,12.562141912320484,12.562141912320484,0.0349535856009066,-4.756268639419342,0.174788224513646,20.5,435.44000000000017,418.30400000000014,435.051854504,154,0,0.3620751467724121,-0.4782270320177159,0.4782270320177159,0.3620751467724121,1.4642857142857142,2.071428571428572,2.5,32.24529764273617,10.00401161573638,2.513331128805475,-2.416338874010568,2.230948535260857,-2.707807208919476,7.836563836647012,-0.1608446168429468,2.971847309732629,2.2592762983237704,953.8851353067348,21.43879310982592,14.8114553779692,16.444448539824652,12.752743308167698,7.578995896792942,9.855612118054724,6.221230582074894,8.399971119282888,3.730567932227123,5.414072402778615,2.1128455580549623,3.54351374163482,-2.78,690205.5939907836,21.519292322605008,7.325918985638601,4.204134383579708,162.59031069995737,20.994572059745856,11.735768823996422,10.843243482610037,5.601050810983688,11.814359458703011,16.27347016397548,14.141824241834009,14.083731696315263,8.417796984328938,11.336785877934735,5.15571272675054,20.771211599071872,5.380062770465915,6.041840829147961,37.29827438881211,50.26785898322327,0.0,14.605983116249774,5.15571272675054,38.455944068351485,5.733667477162185,11.073990765314376,0.0,0.0,11.050456081168516,5.131558479839333,0.0,11.336785877934735,68.54635098380861,29.525365011975733,0.0,26.46513959392033,10.535775497216456,0.0,0.0,0.0,201.58,51.4842470947288,22.801408536544404,0.0,15.130702465984026,0.0,11.336785877934735,26.151274369537788,0.0,0.0,15.456479851704078,20.23053332942989,31.44978820569469,0.9796905422586336,44.39737831563419,16.334751159546904,3.256457088644816,-3.375611656986792,-2.3123389733980013,0.0,3.692820624691566,-4.756268639419342,0.4615384615384615,28,5,13,0,1,1,0,1,1,10,4,15,7,0,1,1,2,-1.172499999999998,95.65050000000004,1,0,0,1,0,1,0,0,1,1,3,2,0,0,0,3,1,1,0,0,0,0,0,0,0,0,0,2,0,1,0,0,0,0,0,0,0,0,0,0,0,0,0,0,0,0,0,0,0,0,0,0,0,1,0,0,0,0,0,0,0,0,0,1,0,0,0,0,0,0,0,0,0,0,0,0,0,0,0,0,1,0,0,0,0,287.0,Pseudomonas aeruginosa,Bacteria
116409,,10848722,CHEMBL2019317,Antibacterial activity against Klebsiella pneumoniae 1000-02,F,BAO_0002146,BAO_0000218,organism-based format,C[C@H]1[C@H](NC(=O)/C(=N\OC(C)(C)C(=O)O)c2csc(N)n2)C(=O)N1S(=O)(=O)O,CHEMBL2016521,ACS Med Chem Lett,2011.0,CHEMBL158,AZTREONAM,CHEMBL158,0,http://www.openphacts.org/units/MicrogramPerMilliliter,1634337,>,1,1,>,MIC,ug.mL-1,64.0,CHEMBL350,Klebsiella pneumoniae,Klebsiella pneumoniae,573.0,,MIC,ug ml-1,UO_0000274,64.0,CHEMBL158,C[C@H]1[C@H](NC(=O)/C(=N\OC(C)(C)C(=O)O)c2csc(N)n2)C(=O)N1S(=O)(=O)O,12.562141912320484,12.562141912320484,0.0349535856009066,-4.756268639419342,0.174788224513646,20.5,435.44000000000017,418.30400000000014,435.051854504,154,0,0.3620751467724121,-0.4782270320177159,0.4782270320177159,0.3620751467724121,1.4642857142857142,2.071428571428572,2.5,32.24529764273617,10.00401161573638,2.513331128805475,-2.416338874010568,2.230948535260857,-2.707807208919476,7.836563836647012,-0.1608446168429468,2.971847309732629,2.2592762983237704,953.8851353067348,21.43879310982592,14.8114553779692,16.444448539824652,12.752743308167698,7.578995896792942,9.855612118054724,6.221230582074894,8.399971119282888,3.730567932227123,5.414072402778615,2.1128455580549623,3.54351374163482,-2.78,690205.5939907836,21.519292322605008,7.325918985638601,4.204134383579708,162.59031069995737,20.994572059745856,11.735768823996422,10.843243482610037,5.601050810983688,11.814359458703011,16.27347016397548,14.141824241834009,14.083731696315263,8.417796984328938,11.336785877934735,5.15571272675054,20.771211599071872,5.380062770465915,6.041840829147961,37.29827438881211,50.26785898322327,0.0,14.605983116249774,5.15571272675054,38.455944068351485,5.733667477162185,11.073990765314376,0.0,0.0,11.050456081168516,5.131558479839333,0.0,11.336785877934735,68.54635098380861,29.525365011975733,0.0,26.46513959392033,10.535775497216456,0.0,0.0,0.0,201.58,51.4842470947288,22.801408536544404,0.0,15.130702465984026,0.0,11.336785877934735,26.151274369537788,0.0,0.0,15.456479851704078,20.23053332942989,31.44978820569469,0.9796905422586336,44.39737831563419,16.334751159546904,3.256457088644816,-3.375611656986792,-2.3123389733980013,0.0,3.692820624691566,-4.756268639419342,0.4615384615384615,28,5,13,0,1,1,0,1,1,10,4,15,7,0,1,1,2,-1.172499999999998,95.65050000000004,1,0,0,1,0,1,0,0,1,1,3,2,0,0,0,3,1,1,0,0,0,0,0,0,0,0,0,2,0,1,0,0,0,0,0,0,0,0,0,0,0,0,0,0,0,0,0,0,0,0,0,0,0,1,0,0,0,0,0,0,0,0,0,1,0,0,0,0,0,0,0,0,0,0,0,0,0,0,0,0,1,0,0,0,0,573.0,Klebsiella pneumoniae,Bacteria
116409,,10848722,CHEMBL2019317,Antibacterial activity against Klebsiella pneumoniae 1000-02,F,BAO_0002146,BAO_0000218,organism-based format,C[C@H]1[C@H](NC(=O)/C(=N\OC(C)(C)C(=O)O)c2csc(N)n2)C(=O)N1S(=O)(=O)O,CHEMBL2016521,ACS Med Chem Lett,2011.0,CHEMBL158,AZTREONAM,CHEMBL158,0,http://www.openphacts.org/units/MicrogramPerMilliliter,1634337,>,1,1,>,MIC,ug.mL-1,64.0,CHEMBL350,Klebsiella pneumoniae,Klebsiella pneumoniae,573.0,,MIC,ug ml-1,UO_0000274,64.0,CHEMBL158,C[C@H]1[C@H](NC(=O)/C(=N\OC(C)(C)C(=O)O)c2csc(N)n2)C(=O)N1S(=O)(=O)O,12.562141912320484,12.562141912320484,0.0349535856009066,-4.756268639419342,0.174788224513646,20.5,435.44000000000017,418.30400000000014,435.051854504,154,0,0.3620751467724121,-0.4782270320177159,0.4782270320177159,0.3620751467724121,1.4642857142857142,2.071428571428572,2.5,32.24529764273617,10.00401161573638,2.513331128805475,-2.416338874010568,2.230948535260857,-2.707807208919476,7.836563836647012,-0.1608446168429468,2.971847309732629,2.2592762983237704,953.8851353067348,21.43879310982592,14.8114553779692,16.444448539824652,12.752743308167698,7.578995896792942,9.855612118054724,6.221230582074894,8.399971119282888,3.730567932227123,5.414072402778615,2.1128455580549623,3.54351374163482,-2.78,690205.5939907836,21.519292322605008,7.325918985638601,4.204134383579708,162.59031069995737,20.994572059745856,11.735768823996422,10.843243482610037,5.601050810983688,11.814359458703011,16.27347016397548,14.141824241834009,14.083731696315263,8.417796984328938,11.336785877934735,5.15571272675054,20.771211599071872,5.380062770465915,6.041840829147961,37.29827438881211,50.26785898322327,0.0,14.605983116249774,5.15571272675054,38.455944068351485,5.733667477162185,11.073990765314376,0.0,0.0,11.050456081168516,5.131558479839333,0.0,11.336785877934735,68.54635098380861,29.525365011975733,0.0,26.46513959392033,10.535775497216456,0.0,0.0,0.0,201.58,51.4842470947288,22.801408536544404,0.0,15.130702465984026,0.0,11.336785877934735,26.151274369537788,0.0,0.0,15.456479851704078,20.23053332942989,31.44978820569469,0.9796905422586336,44.39737831563419,16.334751159546904,3.256457088644816,-3.375611656986792,-2.3123389733980013,0.0,3.692820624691566,-4.756268639419342,0.4615384615384615,28,5,13,0,1,1,0,1,1,10,4,15,7,0,1,1,2,-1.172499999999998,95.65050000000004,1,0,0,1,0,1,0,0,1,1,3,2,0,0,0,3,1,1,0,0,0,0,0,0,0,0,0,2,0,1,0,0,0,0,0,0,0,0,0,0,0,0,0,0,0,0,0,0,0,0,0,0,0,1,0,0,0,0,0,0,0,0,0,1,0,0,0,0,0,0,0,0,0,0,0,0,0,0,0,0,1,0,0,0,0,573.0,Klebsiella pneumoniae,Bacteria
116410,,10848734,CHEMBL2019318,Antibacterial activity against Acinetobacter baumannii AB-3167,F,BAO_0002146,BAO_0000218,organism-based format,C[C@H]1[C@H](NC(=O)/C(=N\OC(C)(C)C(=O)O)c2csc(N)n2)C(=O)N1S(=O)(=O)O,CHEMBL2016521,ACS Med Chem Lett,2011.0,CHEMBL158,AZTREONAM,CHEMBL158,0,http://www.openphacts.org/units/MicrogramPerMilliliter,1634337,=,1,1,=,MIC,ug.mL-1,32.0,CHEMBL614425,Acinetobacter baumannii,Acinetobacter baumannii,470.0,,MIC,ug ml-1,UO_0000274,32.0,CHEMBL158,C[C@H]1[C@H](NC(=O)/C(=N\OC(C)(C)C(=O)O)c2csc(N)n2)C(=O)N1S(=O)(=O)O,12.562141912320484,12.562141912320484,0.0349535856009066,-4.756268639419342,0.174788224513646,20.5,435.44000000000017,418.30400000000014,435.051854504,154,0,0.3620751467724121,-0.4782270320177159,0.4782270320177159,0.3620751467724121,1.4642857142857142,2.071428571428572,2.5,32.24529764273617,10.00401161573638,2.513331128805475,-2.416338874010568,2.230948535260857,-2.707807208919476,7.836563836647012,-0.1608446168429468,2.971847309732629,2.2592762983237704,953.8851353067348,21.43879310982592,14.8114553779692,16.444448539824652,12.752743308167698,7.578995896792942,9.855612118054724,6.221230582074894,8.399971119282888,3.730567932227123,5.414072402778615,2.1128455580549623,3.54351374163482,-2.78,690205.5939907836,21.519292322605008,7.325918985638601,4.204134383579708,162.59031069995737,20.994572059745856,11.735768823996422,10.843243482610037,5.601050810983688,11.814359458703011,16.27347016397548,14.141824241834009,14.083731696315263,8.417796984328938,11.336785877934735,5.15571272675054,20.771211599071872,5.380062770465915,6.041840829147961,37.29827438881211,50.26785898322327,0.0,14.605983116249774,5.15571272675054,38.455944068351485,5.733667477162185,11.073990765314376,0.0,0.0,11.050456081168516,5.131558479839333,0.0,11.336785877934735,68.54635098380861,29.525365011975733,0.0,26.46513959392033,10.535775497216456,0.0,0.0,0.0,201.58,51.4842470947288,22.801408536544404,0.0,15.130702465984026,0.0,11.336785877934735,26.151274369537788,0.0,0.0,15.456479851704078,20.23053332942989,31.44978820569469,0.9796905422586336,44.39737831563419,16.334751159546904,3.256457088644816,-3.375611656986792,-2.3123389733980013,0.0,3.692820624691566,-4.756268639419342,0.4615384615384615,28,5,13,0,1,1,0,1,1,10,4,15,7,0,1,1,2,-1.172499999999998,95.65050000000004,1,0,0,1,0,1,0,0,1,1,3,2,0,0,0,3,1,1,0,0,0,0,0,0,0,0,0,2,0,1,0,0,0,0,0,0,0,0,0,0,0,0,0,0,0,0,0,0,0,0,0,0,0,1,0,0,0,0,0,0,0,0,0,1,0,0,0,0,0,0,0,0,0,0,0,0,0,0,0,0,1,0,0,0,0,470.0,Acinetobacter baumannii,Bacteria
116411,,10848745,CHEMBL2019319,Antibacterial activity against Pseudomonas aeruginosa,F,BAO_0000179,BAO_0000218,organism-based format,C[C@H]1[C@H](NC(=O)/C(=N\OC(C)(C)C(=O)O)c2csc(N)n2)C(=O)N1S(=O)(=O)O,CHEMBL2016521,ACS Med Chem Lett,2011.0,CHEMBL158,AZTREONAM,CHEMBL158,0,http://www.openphacts.org/units/MicrogramPerMilliliter,1634337,>,1,1,>,MIC90,ug.mL-1,64.0,CHEMBL348,Pseudomonas aeruginosa,Pseudomonas aeruginosa,287.0,,MIC90,ug ml-1,UO_0000274,64.0,CHEMBL158,C[C@H]1[C@H](NC(=O)/C(=N\OC(C)(C)C(=O)O)c2csc(N)n2)C(=O)N1S(=O)(=O)O,12.562141912320484,12.562141912320484,0.0349535856009066,-4.756268639419342,0.174788224513646,20.5,435.44000000000017,418.30400000000014,435.051854504,154,0,0.3620751467724121,-0.4782270320177159,0.4782270320177159,0.3620751467724121,1.4642857142857142,2.071428571428572,2.5,32.24529764273617,10.00401161573638,2.513331128805475,-2.416338874010568,2.230948535260857,-2.707807208919476,7.836563836647012,-0.1608446168429468,2.971847309732629,2.2592762983237704,953.8851353067348,21.43879310982592,14.8114553779692,16.444448539824652,12.752743308167698,7.578995896792942,9.855612118054724,6.221230582074894,8.399971119282888,3.730567932227123,5.414072402778615,2.1128455580549623,3.54351374163482,-2.78,690205.5939907836,21.519292322605008,7.325918985638601,4.204134383579708,162.59031069995737,20.994572059745856,11.735768823996422,10.843243482610037,5.601050810983688,11.814359458703011,16.27347016397548,14.141824241834009,14.083731696315263,8.417796984328938,11.336785877934735,5.15571272675054,20.771211599071872,5.380062770465915,6.041840829147961,37.29827438881211,50.26785898322327,0.0,14.605983116249774,5.15571272675054,38.455944068351485,5.733667477162185,11.073990765314376,0.0,0.0,11.050456081168516,5.131558479839333,0.0,11.336785877934735,68.54635098380861,29.525365011975733,0.0,26.46513959392033,10.535775497216456,0.0,0.0,0.0,201.58,51.4842470947288,22.801408536544404,0.0,15.130702465984026,0.0,11.336785877934735,26.151274369537788,0.0,0.0,15.456479851704078,20.23053332942989,31.44978820569469,0.9796905422586336,44.39737831563419,16.334751159546904,3.256457088644816,-3.375611656986792,-2.3123389733980013,0.0,3.692820624691566,-4.756268639419342,0.4615384615384615,28,5,13,0,1,1,0,1,1,10,4,15,7,0,1,1,2,-1.172499999999998,95.65050000000004,1,0,0,1,0,1,0,0,1,1,3,2,0,0,0,3,1,1,0,0,0,0,0,0,0,0,0,2,0,1,0,0,0,0,0,0,0,0,0,0,0,0,0,0,0,0,0,0,0,0,0,0,0,1,0,0,0,0,0,0,0,0,0,1,0,0,0,0,0,0,0,0,0,0,0,0,0,0,0,0,1,0,0,0,0,287.0,Pseudomonas aeruginosa,Bacteria
116411,,10848745,CHEMBL2019319,Antibacterial activity against Pseudomonas aeruginosa,F,BAO_0000179,BAO_0000218,organism-based format,C[C@H]1[C@H](NC(=O)/C(=N\OC(C)(C)C(=O)O)c2csc(N)n2)C(=O)N1S(=O)(=O)O,CHEMBL2016521,ACS Med Chem Lett,2011.0,CHEMBL158,AZTREONAM,CHEMBL158,0,http://www.openphacts.org/units/MicrogramPerMilliliter,1634337,>,1,1,>,MIC90,ug.mL-1,64.0,CHEMBL348,Pseudomonas aeruginosa,Pseudomonas aeruginosa,287.0,,MIC90,ug ml-1,UO_0000274,64.0,CHEMBL158,C[C@H]1[C@H](NC(=O)/C(=N\OC(C)(C)C(=O)O)c2csc(N)n2)C(=O)N1S(=O)(=O)O,12.562141912320484,12.562141912320484,0.0349535856009066,-4.756268639419342,0.174788224513646,20.5,435.44000000000017,418.30400000000014,435.051854504,154,0,0.3620751467724121,-0.4782270320177159,0.4782270320177159,0.3620751467724121,1.4642857142857142,2.071428571428572,2.5,32.24529764273617,10.00401161573638,2.513331128805475,-2.416338874010568,2.230948535260857,-2.707807208919476,7.836563836647012,-0.1608446168429468,2.971847309732629,2.2592762983237704,953.8851353067348,21.43879310982592,14.8114553779692,16.444448539824652,12.752743308167698,7.578995896792942,9.855612118054724,6.221230582074894,8.399971119282888,3.730567932227123,5.414072402778615,2.1128455580549623,3.54351374163482,-2.78,690205.5939907836,21.519292322605008,7.325918985638601,4.204134383579708,162.59031069995737,20.994572059745856,11.735768823996422,10.843243482610037,5.601050810983688,11.814359458703011,16.27347016397548,14.141824241834009,14.083731696315263,8.417796984328938,11.336785877934735,5.15571272675054,20.771211599071872,5.380062770465915,6.041840829147961,37.29827438881211,50.26785898322327,0.0,14.605983116249774,5.15571272675054,38.455944068351485,5.733667477162185,11.073990765314376,0.0,0.0,11.050456081168516,5.131558479839333,0.0,11.336785877934735,68.54635098380861,29.525365011975733,0.0,26.46513959392033,10.535775497216456,0.0,0.0,0.0,201.58,51.4842470947288,22.801408536544404,0.0,15.130702465984026,0.0,11.336785877934735,26.151274369537788,0.0,0.0,15.456479851704078,20.23053332942989,31.44978820569469,0.9796905422586336,44.39737831563419,16.334751159546904,3.256457088644816,-3.375611656986792,-2.3123389733980013,0.0,3.692820624691566,-4.756268639419342,0.4615384615384615,28,5,13,0,1,1,0,1,1,10,4,15,7,0,1,1,2,-1.172499999999998,95.65050000000004,1,0,0,1,0,1,0,0,1,1,3,2,0,0,0,3,1,1,0,0,0,0,0,0,0,0,0,2,0,1,0,0,0,0,0,0,0,0,0,0,0,0,0,0,0,0,0,0,0,0,0,0,0,1,0,0,0,0,0,0,0,0,0,1,0,0,0,0,0,0,0,0,0,0,0,0,0,0,0,0,1,0,0,0,0,287.0,Pseudomonas aeruginosa,Bacteria
116411,,10848745,CHEMBL2019319,Antibacterial activity against Pseudomonas aeruginosa,F,BAO_0000179,BAO_0000218,organism-based format,C[C@H]1[C@H](NC(=O)/C(=N\OC(C)(C)C(=O)O)c2csc(N)n2)C(=O)N1S(=O)(=O)O,CHEMBL2016521,ACS Med Chem Lett,2011.0,CHEMBL158,AZTREONAM,CHEMBL158,0,http://www.openphacts.org/units/MicrogramPerMilliliter,1634337,>,1,1,>,MIC90,ug.mL-1,64.0,CHEMBL348,Pseudomonas aeruginosa,Pseudomonas aeruginosa,287.0,,MIC90,ug ml-1,UO_0000274,64.0,CHEMBL158,C[C@H]1[C@H](NC(=O)/C(=N\OC(C)(C)C(=O)O)c2csc(N)n2)C(=O)N1S(=O)(=O)O,12.562141912320484,12.562141912320484,0.0349535856009066,-4.756268639419342,0.174788224513646,20.5,435.44000000000017,418.30400000000014,435.051854504,154,0,0.3620751467724121,-0.4782270320177159,0.4782270320177159,0.3620751467724121,1.4642857142857142,2.071428571428572,2.5,32.24529764273617,10.00401161573638,2.513331128805475,-2.416338874010568,2.230948535260857,-2.707807208919476,7.836563836647012,-0.1608446168429468,2.971847309732629,2.2592762983237704,953.8851353067348,21.43879310982592,14.8114553779692,16.444448539824652,12.752743308167698,7.578995896792942,9.855612118054724,6.221230582074894,8.399971119282888,3.730567932227123,5.414072402778615,2.1128455580549623,3.54351374163482,-2.78,690205.5939907836,21.519292322605008,7.325918985638601,4.204134383579708,162.59031069995737,20.994572059745856,11.735768823996422,10.843243482610037,5.601050810983688,11.814359458703011,16.27347016397548,14.141824241834009,14.083731696315263,8.417796984328938,11.336785877934735,5.15571272675054,20.771211599071872,5.380062770465915,6.041840829147961,37.29827438881211,50.26785898322327,0.0,14.605983116249774,5.15571272675054,38.455944068351485,5.733667477162185,11.073990765314376,0.0,0.0,11.050456081168516,5.131558479839333,0.0,11.336785877934735,68.54635098380861,29.525365011975733,0.0,26.46513959392033,10.535775497216456,0.0,0.0,0.0,201.58,51.4842470947288,22.801408536544404,0.0,15.130702465984026,0.0,11.336785877934735,26.151274369537788,0.0,0.0,15.456479851704078,20.23053332942989,31.44978820569469,0.9796905422586336,44.39737831563419,16.334751159546904,3.256457088644816,-3.375611656986792,-2.3123389733980013,0.0,3.692820624691566,-4.756268639419342,0.4615384615384615,28,5,13,0,1,1,0,1,1,10,4,15,7,0,1,1,2,-1.172499999999998,95.65050000000004,1,0,0,1,0,1,0,0,1,1,3,2,0,0,0,3,1,1,0,0,0,0,0,0,0,0,0,2,0,1,0,0,0,0,0,0,0,0,0,0,0,0,0,0,0,0,0,0,0,0,0,0,0,1,0,0,0,0,0,0,0,0,0,1,0,0,0,0,0,0,0,0,0,0,0,0,0,0,0,0,1,0,0,0,0,287.0,Pseudomonas aeruginosa,Bacteria
116412,,10848782,CHEMBL2019324,Antimicrobial activity against Citrobacter freundii,F,BAO_0003035,BAO_0000218,organism-based format,C[C@H]1[C@H](NC(=O)/C(=N\OC(C)(C)C(=O)O)c2csc(N)n2)C(=O)N1S(=O)(=O)O,CHEMBL2016521,ACS Med Chem Lett,2011.0,CHEMBL158,AZTREONAM,CHEMBL158,0,http://www.openphacts.org/units/MicrogramPerMilliliter,1634337,=,1,1,=,MIC50,ug.mL-1,0.25,CHEMBL612615,Citrobacter freundii,Citrobacter freundii,546.0,,MIC50,ug ml-1,UO_0000274,0.25,CHEMBL158,C[C@H]1[C@H](NC(=O)/C(=N\OC(C)(C)C(=O)O)c2csc(N)n2)C(=O)N1S(=O)(=O)O,12.562141912320484,12.562141912320484,0.0349535856009066,-4.756268639419342,0.174788224513646,20.5,435.44000000000017,418.30400000000014,435.051854504,154,0,0.3620751467724121,-0.4782270320177159,0.4782270320177159,0.3620751467724121,1.4642857142857142,2.071428571428572,2.5,32.24529764273617,10.00401161573638,2.513331128805475,-2.416338874010568,2.230948535260857,-2.707807208919476,7.836563836647012,-0.1608446168429468,2.971847309732629,2.2592762983237704,953.8851353067348,21.43879310982592,14.8114553779692,16.444448539824652,12.752743308167698,7.578995896792942,9.855612118054724,6.221230582074894,8.399971119282888,3.730567932227123,5.414072402778615,2.1128455580549623,3.54351374163482,-2.78,690205.5939907836,21.519292322605008,7.325918985638601,4.204134383579708,162.59031069995737,20.994572059745856,11.735768823996422,10.843243482610037,5.601050810983688,11.814359458703011,16.27347016397548,14.141824241834009,14.083731696315263,8.417796984328938,11.336785877934735,5.15571272675054,20.771211599071872,5.380062770465915,6.041840829147961,37.29827438881211,50.26785898322327,0.0,14.605983116249774,5.15571272675054,38.455944068351485,5.733667477162185,11.073990765314376,0.0,0.0,11.050456081168516,5.131558479839333,0.0,11.336785877934735,68.54635098380861,29.525365011975733,0.0,26.46513959392033,10.535775497216456,0.0,0.0,0.0,201.58,51.4842470947288,22.801408536544404,0.0,15.130702465984026,0.0,11.336785877934735,26.151274369537788,0.0,0.0,15.456479851704078,20.23053332942989,31.44978820569469,0.9796905422586336,44.39737831563419,16.334751159546904,3.256457088644816,-3.375611656986792,-2.3123389733980013,0.0,3.692820624691566,-4.756268639419342,0.4615384615384615,28,5,13,0,1,1,0,1,1,10,4,15,7,0,1,1,2,-1.172499999999998,95.65050000000004,1,0,0,1,0,1,0,0,1,1,3,2,0,0,0,3,1,1,0,0,0,0,0,0,0,0,0,2,0,1,0,0,0,0,0,0,0,0,0,0,0,0,0,0,0,0,0,0,0,0,0,0,0,1,0,0,0,0,0,0,0,0,0,1,0,0,0,0,0,0,0,0,0,0,0,0,0,0,0,0,1,0,0,0,0,546.0,Citrobacter freundii,Bacteria
116413,,10848785,CHEMBL2019324,Antimicrobial activity against Citrobacter freundii,F,BAO_0000179,BAO_0000218,organism-based format,C[C@H]1[C@H](NC(=O)/C(=N\OC(C)(C)C(=O)O)c2csc(N)n2)C(=O)N1S(=O)(=O)O,CHEMBL2016521,ACS Med Chem Lett,2011.0,CHEMBL158,AZTREONAM,CHEMBL158,0,http://www.openphacts.org/units/MicrogramPerMilliliter,1634337,=,1,1,=,MIC90,ug.mL-1,64.0,CHEMBL612615,Citrobacter freundii,Citrobacter freundii,546.0,,MIC90,ug ml-1,UO_0000274,64.0,CHEMBL158,C[C@H]1[C@H](NC(=O)/C(=N\OC(C)(C)C(=O)O)c2csc(N)n2)C(=O)N1S(=O)(=O)O,12.562141912320484,12.562141912320484,0.0349535856009066,-4.756268639419342,0.174788224513646,20.5,435.44000000000017,418.30400000000014,435.051854504,154,0,0.3620751467724121,-0.4782270320177159,0.4782270320177159,0.3620751467724121,1.4642857142857142,2.071428571428572,2.5,32.24529764273617,10.00401161573638,2.513331128805475,-2.416338874010568,2.230948535260857,-2.707807208919476,7.836563836647012,-0.1608446168429468,2.971847309732629,2.2592762983237704,953.8851353067348,21.43879310982592,14.8114553779692,16.444448539824652,12.752743308167698,7.578995896792942,9.855612118054724,6.221230582074894,8.399971119282888,3.730567932227123,5.414072402778615,2.1128455580549623,3.54351374163482,-2.78,690205.5939907836,21.519292322605008,7.325918985638601,4.204134383579708,162.59031069995737,20.994572059745856,11.735768823996422,10.843243482610037,5.601050810983688,11.814359458703011,16.27347016397548,14.141824241834009,14.083731696315263,8.417796984328938,11.336785877934735,5.15571272675054,20.771211599071872,5.380062770465915,6.041840829147961,37.29827438881211,50.26785898322327,0.0,14.605983116249774,5.15571272675054,38.455944068351485,5.733667477162185,11.073990765314376,0.0,0.0,11.050456081168516,5.131558479839333,0.0,11.336785877934735,68.54635098380861,29.525365011975733,0.0,26.46513959392033,10.535775497216456,0.0,0.0,0.0,201.58,51.4842470947288,22.801408536544404,0.0,15.130702465984026,0.0,11.336785877934735,26.151274369537788,0.0,0.0,15.456479851704078,20.23053332942989,31.44978820569469,0.9796905422586336,44.39737831563419,16.334751159546904,3.256457088644816,-3.375611656986792,-2.3123389733980013,0.0,3.692820624691566,-4.756268639419342,0.4615384615384615,28,5,13,0,1,1,0,1,1,10,4,15,7,0,1,1,2,-1.172499999999998,95.65050000000004,1,0,0,1,0,1,0,0,1,1,3,2,0,0,0,3,1,1,0,0,0,0,0,0,0,0,0,2,0,1,0,0,0,0,0,0,0,0,0,0,0,0,0,0,0,0,0,0,0,0,0,0,0,1,0,0,0,0,0,0,0,0,0,1,0,0,0,0,0,0,0,0,0,0,0,0,0,0,0,0,1,0,0,0,0,546.0,Citrobacter freundii,Bacteria
116414,,10848788,CHEMBL2019325,Antimicrobial activity against Enterobacter aerogenes,F,BAO_0003035,BAO_0000218,organism-based format,C[C@H]1[C@H](NC(=O)/C(=N\OC(C)(C)C(=O)O)c2csc(N)n2)C(=O)N1S(=O)(=O)O,CHEMBL2016521,ACS Med Chem Lett,2011.0,CHEMBL158,AZTREONAM,CHEMBL158,0,http://www.openphacts.org/units/MicrogramPerMilliliter,1634337,=,1,1,=,MIC50,ug.mL-1,16.0,CHEMBL612508,Klebsiella aerogenes,Klebsiella aerogenes,548.0,,MIC50,ug ml-1,UO_0000274,16.0,CHEMBL158,C[C@H]1[C@H](NC(=O)/C(=N\OC(C)(C)C(=O)O)c2csc(N)n2)C(=O)N1S(=O)(=O)O,12.562141912320484,12.562141912320484,0.0349535856009066,-4.756268639419342,0.174788224513646,20.5,435.44000000000017,418.30400000000014,435.051854504,154,0,0.3620751467724121,-0.4782270320177159,0.4782270320177159,0.3620751467724121,1.4642857142857142,2.071428571428572,2.5,32.24529764273617,10.00401161573638,2.513331128805475,-2.416338874010568,2.230948535260857,-2.707807208919476,7.836563836647012,-0.1608446168429468,2.971847309732629,2.2592762983237704,953.8851353067348,21.43879310982592,14.8114553779692,16.444448539824652,12.752743308167698,7.578995896792942,9.855612118054724,6.221230582074894,8.399971119282888,3.730567932227123,5.414072402778615,2.1128455580549623,3.54351374163482,-2.78,690205.5939907836,21.519292322605008,7.325918985638601,4.204134383579708,162.59031069995737,20.994572059745856,11.735768823996422,10.843243482610037,5.601050810983688,11.814359458703011,16.27347016397548,14.141824241834009,14.083731696315263,8.417796984328938,11.336785877934735,5.15571272675054,20.771211599071872,5.380062770465915,6.041840829147961,37.29827438881211,50.26785898322327,0.0,14.605983116249774,5.15571272675054,38.455944068351485,5.733667477162185,11.073990765314376,0.0,0.0,11.050456081168516,5.131558479839333,0.0,11.336785877934735,68.54635098380861,29.525365011975733,0.0,26.46513959392033,10.535775497216456,0.0,0.0,0.0,201.58,51.4842470947288,22.801408536544404,0.0,15.130702465984026,0.0,11.336785877934735,26.151274369537788,0.0,0.0,15.456479851704078,20.23053332942989,31.44978820569469,0.9796905422586336,44.39737831563419,16.334751159546904,3.256457088644816,-3.375611656986792,-2.3123389733980013,0.0,3.692820624691566,-4.756268639419342,0.4615384615384615,28,5,13,0,1,1,0,1,1,10,4,15,7,0,1,1,2,-1.172499999999998,95.65050000000004,1,0,0,1,0,1,0,0,1,1,3,2,0,0,0,3,1,1,0,0,0,0,0,0,0,0,0,2,0,1,0,0,0,0,0,0,0,0,0,0,0,0,0,0,0,0,0,0,0,0,0,0,0,1,0,0,0,0,0,0,0,0,0,1,0,0,0,0,0,0,0,0,0,0,0,0,0,0,0,0,1,0,0,0,0,548.0,Klebsiella aerogenes,Bacteria
116415,,10848791,CHEMBL2019325,Antimicrobial activity against Enterobacter aerogenes,F,BAO_0000179,BAO_0000218,organism-based format,C[C@H]1[C@H](NC(=O)/C(=N\OC(C)(C)C(=O)O)c2csc(N)n2)C(=O)N1S(=O)(=O)O,CHEMBL2016521,ACS Med Chem Lett,2011.0,CHEMBL158,AZTREONAM,CHEMBL158,0,http://www.openphacts.org/units/MicrogramPerMilliliter,1634337,=,1,1,=,MIC90,ug.mL-1,64.0,CHEMBL612508,Klebsiella aerogenes,Klebsiella aerogenes,548.0,,MIC90,ug ml-1,UO_0000274,64.0,CHEMBL158,C[C@H]1[C@H](NC(=O)/C(=N\OC(C)(C)C(=O)O)c2csc(N)n2)C(=O)N1S(=O)(=O)O,12.562141912320484,12.562141912320484,0.0349535856009066,-4.756268639419342,0.174788224513646,20.5,435.44000000000017,418.30400000000014,435.051854504,154,0,0.3620751467724121,-0.4782270320177159,0.4782270320177159,0.3620751467724121,1.4642857142857142,2.071428571428572,2.5,32.24529764273617,10.00401161573638,2.513331128805475,-2.416338874010568,2.230948535260857,-2.707807208919476,7.836563836647012,-0.1608446168429468,2.971847309732629,2.2592762983237704,953.8851353067348,21.43879310982592,14.8114553779692,16.444448539824652,12.752743308167698,7.578995896792942,9.855612118054724,6.221230582074894,8.399971119282888,3.730567932227123,5.414072402778615,2.1128455580549623,3.54351374163482,-2.78,690205.5939907836,21.519292322605008,7.325918985638601,4.204134383579708,162.59031069995737,20.994572059745856,11.735768823996422,10.843243482610037,5.601050810983688,11.814359458703011,16.27347016397548,14.141824241834009,14.083731696315263,8.417796984328938,11.336785877934735,5.15571272675054,20.771211599071872,5.380062770465915,6.041840829147961,37.29827438881211,50.26785898322327,0.0,14.605983116249774,5.15571272675054,38.455944068351485,5.733667477162185,11.073990765314376,0.0,0.0,11.050456081168516,5.131558479839333,0.0,11.336785877934735,68.54635098380861,29.525365011975733,0.0,26.46513959392033,10.535775497216456,0.0,0.0,0.0,201.58,51.4842470947288,22.801408536544404,0.0,15.130702465984026,0.0,11.336785877934735,26.151274369537788,0.0,0.0,15.456479851704078,20.23053332942989,31.44978820569469,0.9796905422586336,44.39737831563419,16.334751159546904,3.256457088644816,-3.375611656986792,-2.3123389733980013,0.0,3.692820624691566,-4.756268639419342,0.4615384615384615,28,5,13,0,1,1,0,1,1,10,4,15,7,0,1,1,2,-1.172499999999998,95.65050000000004,1,0,0,1,0,1,0,0,1,1,3,2,0,0,0,3,1,1,0,0,0,0,0,0,0,0,0,2,0,1,0,0,0,0,0,0,0,0,0,0,0,0,0,0,0,0,0,0,0,0,0,0,0,1,0,0,0,0,0,0,0,0,0,1,0,0,0,0,0,0,0,0,0,0,0,0,0,0,0,0,1,0,0,0,0,548.0,Klebsiella aerogenes,Bacteria
116416,,10848794,CHEMBL2019326,Antimicrobial activity against extended spectrum beta-lactamase-producing Escherichia coli,F,BAO_0003035,BAO_0000218,organism-based format,C[C@H]1[C@H](NC(=O)/C(=N\OC(C)(C)C(=O)O)c2csc(N)n2)C(=O)N1S(=O)(=O)O,CHEMBL2016521,ACS Med Chem Lett,2011.0,CHEMBL158,AZTREONAM,CHEMBL158,0,http://www.openphacts.org/units/MicrogramPerMilliliter,1634337,=,1,1,=,MIC50,ug.mL-1,1.0,CHEMBL354,Escherichia coli,Escherichia coli,562.0,,MIC50,ug ml-1,UO_0000274,1.0,CHEMBL158,C[C@H]1[C@H](NC(=O)/C(=N\OC(C)(C)C(=O)O)c2csc(N)n2)C(=O)N1S(=O)(=O)O,12.562141912320484,12.562141912320484,0.0349535856009066,-4.756268639419342,0.174788224513646,20.5,435.44000000000017,418.30400000000014,435.051854504,154,0,0.3620751467724121,-0.4782270320177159,0.4782270320177159,0.3620751467724121,1.4642857142857142,2.071428571428572,2.5,32.24529764273617,10.00401161573638,2.513331128805475,-2.416338874010568,2.230948535260857,-2.707807208919476,7.836563836647012,-0.1608446168429468,2.971847309732629,2.2592762983237704,953.8851353067348,21.43879310982592,14.8114553779692,16.444448539824652,12.752743308167698,7.578995896792942,9.855612118054724,6.221230582074894,8.399971119282888,3.730567932227123,5.414072402778615,2.1128455580549623,3.54351374163482,-2.78,690205.5939907836,21.519292322605008,7.325918985638601,4.204134383579708,162.59031069995737,20.994572059745856,11.735768823996422,10.843243482610037,5.601050810983688,11.814359458703011,16.27347016397548,14.141824241834009,14.083731696315263,8.417796984328938,11.336785877934735,5.15571272675054,20.771211599071872,5.380062770465915,6.041840829147961,37.29827438881211,50.26785898322327,0.0,14.605983116249774,5.15571272675054,38.455944068351485,5.733667477162185,11.073990765314376,0.0,0.0,11.050456081168516,5.131558479839333,0.0,11.336785877934735,68.54635098380861,29.525365011975733,0.0,26.46513959392033,10.535775497216456,0.0,0.0,0.0,201.58,51.4842470947288,22.801408536544404,0.0,15.130702465984026,0.0,11.336785877934735,26.151274369537788,0.0,0.0,15.456479851704078,20.23053332942989,31.44978820569469,0.9796905422586336,44.39737831563419,16.334751159546904,3.256457088644816,-3.375611656986792,-2.3123389733980013,0.0,3.692820624691566,-4.756268639419342,0.4615384615384615,28,5,13,0,1,1,0,1,1,10,4,15,7,0,1,1,2,-1.172499999999998,95.65050000000004,1,0,0,1,0,1,0,0,1,1,3,2,0,0,0,3,1,1,0,0,0,0,0,0,0,0,0,2,0,1,0,0,0,0,0,0,0,0,0,0,0,0,0,0,0,0,0,0,0,0,0,0,0,1,0,0,0,0,0,0,0,0,0,1,0,0,0,0,0,0,0,0,0,0,0,0,0,0,0,0,1,0,0,0,0,562.0,Escherichia coli,Bacteria
116416,,10848794,CHEMBL2019326,Antimicrobial activity against extended spectrum beta-lactamase-producing Escherichia coli,F,BAO_0003035,BAO_0000218,organism-based format,C[C@H]1[C@H](NC(=O)/C(=N\OC(C)(C)C(=O)O)c2csc(N)n2)C(=O)N1S(=O)(=O)O,CHEMBL2016521,ACS Med Chem Lett,2011.0,CHEMBL158,AZTREONAM,CHEMBL158,0,http://www.openphacts.org/units/MicrogramPerMilliliter,1634337,=,1,1,=,MIC50,ug.mL-1,1.0,CHEMBL354,Escherichia coli,Escherichia coli,562.0,,MIC50,ug ml-1,UO_0000274,1.0,CHEMBL158,C[C@H]1[C@H](NC(=O)/C(=N\OC(C)(C)C(=O)O)c2csc(N)n2)C(=O)N1S(=O)(=O)O,12.562141912320484,12.562141912320484,0.0349535856009066,-4.756268639419342,0.174788224513646,20.5,435.44000000000017,418.30400000000014,435.051854504,154,0,0.3620751467724121,-0.4782270320177159,0.4782270320177159,0.3620751467724121,1.4642857142857142,2.071428571428572,2.5,32.24529764273617,10.00401161573638,2.513331128805475,-2.416338874010568,2.230948535260857,-2.707807208919476,7.836563836647012,-0.1608446168429468,2.971847309732629,2.2592762983237704,953.8851353067348,21.43879310982592,14.8114553779692,16.444448539824652,12.752743308167698,7.578995896792942,9.855612118054724,6.221230582074894,8.399971119282888,3.730567932227123,5.414072402778615,2.1128455580549623,3.54351374163482,-2.78,690205.5939907836,21.519292322605008,7.325918985638601,4.204134383579708,162.59031069995737,20.994572059745856,11.735768823996422,10.843243482610037,5.601050810983688,11.814359458703011,16.27347016397548,14.141824241834009,14.083731696315263,8.417796984328938,11.336785877934735,5.15571272675054,20.771211599071872,5.380062770465915,6.041840829147961,37.29827438881211,50.26785898322327,0.0,14.605983116249774,5.15571272675054,38.455944068351485,5.733667477162185,11.073990765314376,0.0,0.0,11.050456081168516,5.131558479839333,0.0,11.336785877934735,68.54635098380861,29.525365011975733,0.0,26.46513959392033,10.535775497216456,0.0,0.0,0.0,201.58,51.4842470947288,22.801408536544404,0.0,15.130702465984026,0.0,11.336785877934735,26.151274369537788,0.0,0.0,15.456479851704078,20.23053332942989,31.44978820569469,0.9796905422586336,44.39737831563419,16.334751159546904,3.256457088644816,-3.375611656986792,-2.3123389733980013,0.0,3.692820624691566,-4.756268639419342,0.4615384615384615,28,5,13,0,1,1,0,1,1,10,4,15,7,0,1,1,2,-1.172499999999998,95.65050000000004,1,0,0,1,0,1,0,0,1,1,3,2,0,0,0,3,1,1,0,0,0,0,0,0,0,0,0,2,0,1,0,0,0,0,0,0,0,0,0,0,0,0,0,0,0,0,0,0,0,0,0,0,0,1,0,0,0,0,0,0,0,0,0,1,0,0,0,0,0,0,0,0,0,0,0,0,0,0,0,0,1,0,0,0,0,562.0,Escherichia coli,Bacteria
116416,,10848794,CHEMBL2019326,Antimicrobial activity against extended spectrum beta-lactamase-producing Escherichia coli,F,BAO_0003035,BAO_0000218,organism-based format,C[C@H]1[C@H](NC(=O)/C(=N\OC(C)(C)C(=O)O)c2csc(N)n2)C(=O)N1S(=O)(=O)O,CHEMBL2016521,ACS Med Chem Lett,2011.0,CHEMBL158,AZTREONAM,CHEMBL158,0,http://www.openphacts.org/units/MicrogramPerMilliliter,1634337,=,1,1,=,MIC50,ug.mL-1,1.0,CHEMBL354,Escherichia coli,Escherichia coli,562.0,,MIC50,ug ml-1,UO_0000274,1.0,CHEMBL158,C[C@H]1[C@H](NC(=O)/C(=N\OC(C)(C)C(=O)O)c2csc(N)n2)C(=O)N1S(=O)(=O)O,12.562141912320484,12.562141912320484,0.0349535856009066,-4.756268639419342,0.174788224513646,20.5,435.44000000000017,418.30400000000014,435.051854504,154,0,0.3620751467724121,-0.4782270320177159,0.4782270320177159,0.3620751467724121,1.4642857142857142,2.071428571428572,2.5,32.24529764273617,10.00401161573638,2.513331128805475,-2.416338874010568,2.230948535260857,-2.707807208919476,7.836563836647012,-0.1608446168429468,2.971847309732629,2.2592762983237704,953.8851353067348,21.43879310982592,14.8114553779692,16.444448539824652,12.752743308167698,7.578995896792942,9.855612118054724,6.221230582074894,8.399971119282888,3.730567932227123,5.414072402778615,2.1128455580549623,3.54351374163482,-2.78,690205.5939907836,21.519292322605008,7.325918985638601,4.204134383579708,162.59031069995737,20.994572059745856,11.735768823996422,10.843243482610037,5.601050810983688,11.814359458703011,16.27347016397548,14.141824241834009,14.083731696315263,8.417796984328938,11.336785877934735,5.15571272675054,20.771211599071872,5.380062770465915,6.041840829147961,37.29827438881211,50.26785898322327,0.0,14.605983116249774,5.15571272675054,38.455944068351485,5.733667477162185,11.073990765314376,0.0,0.0,11.050456081168516,5.131558479839333,0.0,11.336785877934735,68.54635098380861,29.525365011975733,0.0,26.46513959392033,10.535775497216456,0.0,0.0,0.0,201.58,51.4842470947288,22.801408536544404,0.0,15.130702465984026,0.0,11.336785877934735,26.151274369537788,0.0,0.0,15.456479851704078,20.23053332942989,31.44978820569469,0.9796905422586336,44.39737831563419,16.334751159546904,3.256457088644816,-3.375611656986792,-2.3123389733980013,0.0,3.692820624691566,-4.756268639419342,0.4615384615384615,28,5,13,0,1,1,0,1,1,10,4,15,7,0,1,1,2,-1.172499999999998,95.65050000000004,1,0,0,1,0,1,0,0,1,1,3,2,0,0,0,3,1,1,0,0,0,0,0,0,0,0,0,2,0,1,0,0,0,0,0,0,0,0,0,0,0,0,0,0,0,0,0,0,0,0,0,0,0,1,0,0,0,0,0,0,0,0,0,1,0,0,0,0,0,0,0,0,0,0,0,0,0,0,0,0,1,0,0,0,0,562.0,Escherichia coli,Bacteria
116416,,10848794,CHEMBL2019326,Antimicrobial activity against extended spectrum beta-lactamase-producing Escherichia coli,F,BAO_0003035,BAO_0000218,organism-based format,C[C@H]1[C@H](NC(=O)/C(=N\OC(C)(C)C(=O)O)c2csc(N)n2)C(=O)N1S(=O)(=O)O,CHEMBL2016521,ACS Med Chem Lett,2011.0,CHEMBL158,AZTREONAM,CHEMBL158,0,http://www.openphacts.org/units/MicrogramPerMilliliter,1634337,=,1,1,=,MIC50,ug.mL-1,1.0,CHEMBL354,Escherichia coli,Escherichia coli,562.0,,MIC50,ug ml-1,UO_0000274,1.0,CHEMBL158,C[C@H]1[C@H](NC(=O)/C(=N\OC(C)(C)C(=O)O)c2csc(N)n2)C(=O)N1S(=O)(=O)O,12.562141912320484,12.562141912320484,0.0349535856009066,-4.756268639419342,0.174788224513646,20.5,435.44000000000017,418.30400000000014,435.051854504,154,0,0.3620751467724121,-0.4782270320177159,0.4782270320177159,0.3620751467724121,1.4642857142857142,2.071428571428572,2.5,32.24529764273617,10.00401161573638,2.513331128805475,-2.416338874010568,2.230948535260857,-2.707807208919476,7.836563836647012,-0.1608446168429468,2.971847309732629,2.2592762983237704,953.8851353067348,21.43879310982592,14.8114553779692,16.444448539824652,12.752743308167698,7.578995896792942,9.855612118054724,6.221230582074894,8.399971119282888,3.730567932227123,5.414072402778615,2.1128455580549623,3.54351374163482,-2.78,690205.5939907836,21.519292322605008,7.325918985638601,4.204134383579708,162.59031069995737,20.994572059745856,11.735768823996422,10.843243482610037,5.601050810983688,11.814359458703011,16.27347016397548,14.141824241834009,14.083731696315263,8.417796984328938,11.336785877934735,5.15571272675054,20.771211599071872,5.380062770465915,6.041840829147961,37.29827438881211,50.26785898322327,0.0,14.605983116249774,5.15571272675054,38.455944068351485,5.733667477162185,11.073990765314376,0.0,0.0,11.050456081168516,5.131558479839333,0.0,11.336785877934735,68.54635098380861,29.525365011975733,0.0,26.46513959392033,10.535775497216456,0.0,0.0,0.0,201.58,51.4842470947288,22.801408536544404,0.0,15.130702465984026,0.0,11.336785877934735,26.151274369537788,0.0,0.0,15.456479851704078,20.23053332942989,31.44978820569469,0.9796905422586336,44.39737831563419,16.334751159546904,3.256457088644816,-3.375611656986792,-2.3123389733980013,0.0,3.692820624691566,-4.756268639419342,0.4615384615384615,28,5,13,0,1,1,0,1,1,10,4,15,7,0,1,1,2,-1.172499999999998,95.65050000000004,1,0,0,1,0,1,0,0,1,1,3,2,0,0,0,3,1,1,0,0,0,0,0,0,0,0,0,2,0,1,0,0,0,0,0,0,0,0,0,0,0,0,0,0,0,0,0,0,0,0,0,0,0,1,0,0,0,0,0,0,0,0,0,1,0,0,0,0,0,0,0,0,0,0,0,0,0,0,0,0,1,0,0,0,0,562.0,Escherichia coli,Bacteria
116417,,10848797,CHEMBL2019326,Antimicrobial activity against extended spectrum beta-lactamase-producing Escherichia coli,F,BAO_0000179,BAO_0000218,organism-based format,C[C@H]1[C@H](NC(=O)/C(=N\OC(C)(C)C(=O)O)c2csc(N)n2)C(=O)N1S(=O)(=O)O,CHEMBL2016521,ACS Med Chem Lett,2011.0,CHEMBL158,AZTREONAM,CHEMBL158,0,http://www.openphacts.org/units/MicrogramPerMilliliter,1634337,>,1,1,>,MIC90,ug.mL-1,64.0,CHEMBL354,Escherichia coli,Escherichia coli,562.0,,MIC90,ug ml-1,UO_0000274,64.0,CHEMBL158,C[C@H]1[C@H](NC(=O)/C(=N\OC(C)(C)C(=O)O)c2csc(N)n2)C(=O)N1S(=O)(=O)O,12.562141912320484,12.562141912320484,0.0349535856009066,-4.756268639419342,0.174788224513646,20.5,435.44000000000017,418.30400000000014,435.051854504,154,0,0.3620751467724121,-0.4782270320177159,0.4782270320177159,0.3620751467724121,1.4642857142857142,2.071428571428572,2.5,32.24529764273617,10.00401161573638,2.513331128805475,-2.416338874010568,2.230948535260857,-2.707807208919476,7.836563836647012,-0.1608446168429468,2.971847309732629,2.2592762983237704,953.8851353067348,21.43879310982592,14.8114553779692,16.444448539824652,12.752743308167698,7.578995896792942,9.855612118054724,6.221230582074894,8.399971119282888,3.730567932227123,5.414072402778615,2.1128455580549623,3.54351374163482,-2.78,690205.5939907836,21.519292322605008,7.325918985638601,4.204134383579708,162.59031069995737,20.994572059745856,11.735768823996422,10.843243482610037,5.601050810983688,11.814359458703011,16.27347016397548,14.141824241834009,14.083731696315263,8.417796984328938,11.336785877934735,5.15571272675054,20.771211599071872,5.380062770465915,6.041840829147961,37.29827438881211,50.26785898322327,0.0,14.605983116249774,5.15571272675054,38.455944068351485,5.733667477162185,11.073990765314376,0.0,0.0,11.050456081168516,5.131558479839333,0.0,11.336785877934735,68.54635098380861,29.525365011975733,0.0,26.46513959392033,10.535775497216456,0.0,0.0,0.0,201.58,51.4842470947288,22.801408536544404,0.0,15.130702465984026,0.0,11.336785877934735,26.151274369537788,0.0,0.0,15.456479851704078,20.23053332942989,31.44978820569469,0.9796905422586336,44.39737831563419,16.334751159546904,3.256457088644816,-3.375611656986792,-2.3123389733980013,0.0,3.692820624691566,-4.756268639419342,0.4615384615384615,28,5,13,0,1,1,0,1,1,10,4,15,7,0,1,1,2,-1.172499999999998,95.65050000000004,1,0,0,1,0,1,0,0,1,1,3,2,0,0,0,3,1,1,0,0,0,0,0,0,0,0,0,2,0,1,0,0,0,0,0,0,0,0,0,0,0,0,0,0,0,0,0,0,0,0,0,0,0,1,0,0,0,0,0,0,0,0,0,1,0,0,0,0,0,0,0,0,0,0,0,0,0,0,0,0,1,0,0,0,0,562.0,Escherichia coli,Bacteria
116417,,10848797,CHEMBL2019326,Antimicrobial activity against extended spectrum beta-lactamase-producing Escherichia coli,F,BAO_0000179,BAO_0000218,organism-based format,C[C@H]1[C@H](NC(=O)/C(=N\OC(C)(C)C(=O)O)c2csc(N)n2)C(=O)N1S(=O)(=O)O,CHEMBL2016521,ACS Med Chem Lett,2011.0,CHEMBL158,AZTREONAM,CHEMBL158,0,http://www.openphacts.org/units/MicrogramPerMilliliter,1634337,>,1,1,>,MIC90,ug.mL-1,64.0,CHEMBL354,Escherichia coli,Escherichia coli,562.0,,MIC90,ug ml-1,UO_0000274,64.0,CHEMBL158,C[C@H]1[C@H](NC(=O)/C(=N\OC(C)(C)C(=O)O)c2csc(N)n2)C(=O)N1S(=O)(=O)O,12.562141912320484,12.562141912320484,0.0349535856009066,-4.756268639419342,0.174788224513646,20.5,435.44000000000017,418.30400000000014,435.051854504,154,0,0.3620751467724121,-0.4782270320177159,0.4782270320177159,0.3620751467724121,1.4642857142857142,2.071428571428572,2.5,32.24529764273617,10.00401161573638,2.513331128805475,-2.416338874010568,2.230948535260857,-2.707807208919476,7.836563836647012,-0.1608446168429468,2.971847309732629,2.2592762983237704,953.8851353067348,21.43879310982592,14.8114553779692,16.444448539824652,12.752743308167698,7.578995896792942,9.855612118054724,6.221230582074894,8.399971119282888,3.730567932227123,5.414072402778615,2.1128455580549623,3.54351374163482,-2.78,690205.5939907836,21.519292322605008,7.325918985638601,4.204134383579708,162.59031069995737,20.994572059745856,11.735768823996422,10.843243482610037,5.601050810983688,11.814359458703011,16.27347016397548,14.141824241834009,14.083731696315263,8.417796984328938,11.336785877934735,5.15571272675054,20.771211599071872,5.380062770465915,6.041840829147961,37.29827438881211,50.26785898322327,0.0,14.605983116249774,5.15571272675054,38.455944068351485,5.733667477162185,11.073990765314376,0.0,0.0,11.050456081168516,5.131558479839333,0.0,11.336785877934735,68.54635098380861,29.525365011975733,0.0,26.46513959392033,10.535775497216456,0.0,0.0,0.0,201.58,51.4842470947288,22.801408536544404,0.0,15.130702465984026,0.0,11.336785877934735,26.151274369537788,0.0,0.0,15.456479851704078,20.23053332942989,31.44978820569469,0.9796905422586336,44.39737831563419,16.334751159546904,3.256457088644816,-3.375611656986792,-2.3123389733980013,0.0,3.692820624691566,-4.756268639419342,0.4615384615384615,28,5,13,0,1,1,0,1,1,10,4,15,7,0,1,1,2,-1.172499999999998,95.65050000000004,1,0,0,1,0,1,0,0,1,1,3,2,0,0,0,3,1,1,0,0,0,0,0,0,0,0,0,2,0,1,0,0,0,0,0,0,0,0,0,0,0,0,0,0,0,0,0,0,0,0,0,0,0,1,0,0,0,0,0,0,0,0,0,1,0,0,0,0,0,0,0,0,0,0,0,0,0,0,0,0,1,0,0,0,0,562.0,Escherichia coli,Bacteria
116417,,10848797,CHEMBL2019326,Antimicrobial activity against extended spectrum beta-lactamase-producing Escherichia coli,F,BAO_0000179,BAO_0000218,organism-based format,C[C@H]1[C@H](NC(=O)/C(=N\OC(C)(C)C(=O)O)c2csc(N)n2)C(=O)N1S(=O)(=O)O,CHEMBL2016521,ACS Med Chem Lett,2011.0,CHEMBL158,AZTREONAM,CHEMBL158,0,http://www.openphacts.org/units/MicrogramPerMilliliter,1634337,>,1,1,>,MIC90,ug.mL-1,64.0,CHEMBL354,Escherichia coli,Escherichia coli,562.0,,MIC90,ug ml-1,UO_0000274,64.0,CHEMBL158,C[C@H]1[C@H](NC(=O)/C(=N\OC(C)(C)C(=O)O)c2csc(N)n2)C(=O)N1S(=O)(=O)O,12.562141912320484,12.562141912320484,0.0349535856009066,-4.756268639419342,0.174788224513646,20.5,435.44000000000017,418.30400000000014,435.051854504,154,0,0.3620751467724121,-0.4782270320177159,0.4782270320177159,0.3620751467724121,1.4642857142857142,2.071428571428572,2.5,32.24529764273617,10.00401161573638,2.513331128805475,-2.416338874010568,2.230948535260857,-2.707807208919476,7.836563836647012,-0.1608446168429468,2.971847309732629,2.2592762983237704,953.8851353067348,21.43879310982592,14.8114553779692,16.444448539824652,12.752743308167698,7.578995896792942,9.855612118054724,6.221230582074894,8.399971119282888,3.730567932227123,5.414072402778615,2.1128455580549623,3.54351374163482,-2.78,690205.5939907836,21.519292322605008,7.325918985638601,4.204134383579708,162.59031069995737,20.994572059745856,11.735768823996422,10.843243482610037,5.601050810983688,11.814359458703011,16.27347016397548,14.141824241834009,14.083731696315263,8.417796984328938,11.336785877934735,5.15571272675054,20.771211599071872,5.380062770465915,6.041840829147961,37.29827438881211,50.26785898322327,0.0,14.605983116249774,5.15571272675054,38.455944068351485,5.733667477162185,11.073990765314376,0.0,0.0,11.050456081168516,5.131558479839333,0.0,11.336785877934735,68.54635098380861,29.525365011975733,0.0,26.46513959392033,10.535775497216456,0.0,0.0,0.0,201.58,51.4842470947288,22.801408536544404,0.0,15.130702465984026,0.0,11.336785877934735,26.151274369537788,0.0,0.0,15.456479851704078,20.23053332942989,31.44978820569469,0.9796905422586336,44.39737831563419,16.334751159546904,3.256457088644816,-3.375611656986792,-2.3123389733980013,0.0,3.692820624691566,-4.756268639419342,0.4615384615384615,28,5,13,0,1,1,0,1,1,10,4,15,7,0,1,1,2,-1.172499999999998,95.65050000000004,1,0,0,1,0,1,0,0,1,1,3,2,0,0,0,3,1,1,0,0,0,0,0,0,0,0,0,2,0,1,0,0,0,0,0,0,0,0,0,0,0,0,0,0,0,0,0,0,0,0,0,0,0,1,0,0,0,0,0,0,0,0,0,1,0,0,0,0,0,0,0,0,0,0,0,0,0,0,0,0,1,0,0,0,0,562.0,Escherichia coli,Bacteria
116417,,10848797,CHEMBL2019326,Antimicrobial activity against extended spectrum beta-lactamase-producing Escherichia coli,F,BAO_0000179,BAO_0000218,organism-based format,C[C@H]1[C@H](NC(=O)/C(=N\OC(C)(C)C(=O)O)c2csc(N)n2)C(=O)N1S(=O)(=O)O,CHEMBL2016521,ACS Med Chem Lett,2011.0,CHEMBL158,AZTREONAM,CHEMBL158,0,http://www.openphacts.org/units/MicrogramPerMilliliter,1634337,>,1,1,>,MIC90,ug.mL-1,64.0,CHEMBL354,Escherichia coli,Escherichia coli,562.0,,MIC90,ug ml-1,UO_0000274,64.0,CHEMBL158,C[C@H]1[C@H](NC(=O)/C(=N\OC(C)(C)C(=O)O)c2csc(N)n2)C(=O)N1S(=O)(=O)O,12.562141912320484,12.562141912320484,0.0349535856009066,-4.756268639419342,0.174788224513646,20.5,435.44000000000017,418.30400000000014,435.051854504,154,0,0.3620751467724121,-0.4782270320177159,0.4782270320177159,0.3620751467724121,1.4642857142857142,2.071428571428572,2.5,32.24529764273617,10.00401161573638,2.513331128805475,-2.416338874010568,2.230948535260857,-2.707807208919476,7.836563836647012,-0.1608446168429468,2.971847309732629,2.2592762983237704,953.8851353067348,21.43879310982592,14.8114553779692,16.444448539824652,12.752743308167698,7.578995896792942,9.855612118054724,6.221230582074894,8.399971119282888,3.730567932227123,5.414072402778615,2.1128455580549623,3.54351374163482,-2.78,690205.5939907836,21.519292322605008,7.325918985638601,4.204134383579708,162.59031069995737,20.994572059745856,11.735768823996422,10.843243482610037,5.601050810983688,11.814359458703011,16.27347016397548,14.141824241834009,14.083731696315263,8.417796984328938,11.336785877934735,5.15571272675054,20.771211599071872,5.380062770465915,6.041840829147961,37.29827438881211,50.26785898322327,0.0,14.605983116249774,5.15571272675054,38.455944068351485,5.733667477162185,11.073990765314376,0.0,0.0,11.050456081168516,5.131558479839333,0.0,11.336785877934735,68.54635098380861,29.525365011975733,0.0,26.46513959392033,10.535775497216456,0.0,0.0,0.0,201.58,51.4842470947288,22.801408536544404,0.0,15.130702465984026,0.0,11.336785877934735,26.151274369537788,0.0,0.0,15.456479851704078,20.23053332942989,31.44978820569469,0.9796905422586336,44.39737831563419,16.334751159546904,3.256457088644816,-3.375611656986792,-2.3123389733980013,0.0,3.692820624691566,-4.756268639419342,0.4615384615384615,28,5,13,0,1,1,0,1,1,10,4,15,7,0,1,1,2,-1.172499999999998,95.65050000000004,1,0,0,1,0,1,0,0,1,1,3,2,0,0,0,3,1,1,0,0,0,0,0,0,0,0,0,2,0,1,0,0,0,0,0,0,0,0,0,0,0,0,0,0,0,0,0,0,0,0,0,0,0,1,0,0,0,0,0,0,0,0,0,1,0,0,0,0,0,0,0,0,0,0,0,0,0,0,0,0,1,0,0,0,0,562.0,Escherichia coli,Bacteria
116418,,10848800,CHEMBL2019327,Antimicrobial activity against carbapenemase-producing Klebsiella pneumoniae,F,BAO_0003035,BAO_0000218,organism-based format,C[C@H]1[C@H](NC(=O)/C(=N\OC(C)(C)C(=O)O)c2csc(N)n2)C(=O)N1S(=O)(=O)O,CHEMBL2016521,ACS Med Chem Lett,2011.0,CHEMBL158,AZTREONAM,CHEMBL158,0,http://www.openphacts.org/units/MicrogramPerMilliliter,1634337,=,1,1,=,MIC50,ug.mL-1,64.0,CHEMBL350,Klebsiella pneumoniae,Klebsiella pneumoniae,573.0,,MIC50,ug ml-1,UO_0000274,64.0,CHEMBL158,C[C@H]1[C@H](NC(=O)/C(=N\OC(C)(C)C(=O)O)c2csc(N)n2)C(=O)N1S(=O)(=O)O,12.562141912320484,12.562141912320484,0.0349535856009066,-4.756268639419342,0.174788224513646,20.5,435.44000000000017,418.30400000000014,435.051854504,154,0,0.3620751467724121,-0.4782270320177159,0.4782270320177159,0.3620751467724121,1.4642857142857142,2.071428571428572,2.5,32.24529764273617,10.00401161573638,2.513331128805475,-2.416338874010568,2.230948535260857,-2.707807208919476,7.836563836647012,-0.1608446168429468,2.971847309732629,2.2592762983237704,953.8851353067348,21.43879310982592,14.8114553779692,16.444448539824652,12.752743308167698,7.578995896792942,9.855612118054724,6.221230582074894,8.399971119282888,3.730567932227123,5.414072402778615,2.1128455580549623,3.54351374163482,-2.78,690205.5939907836,21.519292322605008,7.325918985638601,4.204134383579708,162.59031069995737,20.994572059745856,11.735768823996422,10.843243482610037,5.601050810983688,11.814359458703011,16.27347016397548,14.141824241834009,14.083731696315263,8.417796984328938,11.336785877934735,5.15571272675054,20.771211599071872,5.380062770465915,6.041840829147961,37.29827438881211,50.26785898322327,0.0,14.605983116249774,5.15571272675054,38.455944068351485,5.733667477162185,11.073990765314376,0.0,0.0,11.050456081168516,5.131558479839333,0.0,11.336785877934735,68.54635098380861,29.525365011975733,0.0,26.46513959392033,10.535775497216456,0.0,0.0,0.0,201.58,51.4842470947288,22.801408536544404,0.0,15.130702465984026,0.0,11.336785877934735,26.151274369537788,0.0,0.0,15.456479851704078,20.23053332942989,31.44978820569469,0.9796905422586336,44.39737831563419,16.334751159546904,3.256457088644816,-3.375611656986792,-2.3123389733980013,0.0,3.692820624691566,-4.756268639419342,0.4615384615384615,28,5,13,0,1,1,0,1,1,10,4,15,7,0,1,1,2,-1.172499999999998,95.65050000000004,1,0,0,1,0,1,0,0,1,1,3,2,0,0,0,3,1,1,0,0,0,0,0,0,0,0,0,2,0,1,0,0,0,0,0,0,0,0,0,0,0,0,0,0,0,0,0,0,0,0,0,0,0,1,0,0,0,0,0,0,0,0,0,1,0,0,0,0,0,0,0,0,0,0,0,0,0,0,0,0,1,0,0,0,0,573.0,Klebsiella pneumoniae,Bacteria
116418,,10848800,CHEMBL2019327,Antimicrobial activity against carbapenemase-producing Klebsiella pneumoniae,F,BAO_0003035,BAO_0000218,organism-based format,C[C@H]1[C@H](NC(=O)/C(=N\OC(C)(C)C(=O)O)c2csc(N)n2)C(=O)N1S(=O)(=O)O,CHEMBL2016521,ACS Med Chem Lett,2011.0,CHEMBL158,AZTREONAM,CHEMBL158,0,http://www.openphacts.org/units/MicrogramPerMilliliter,1634337,=,1,1,=,MIC50,ug.mL-1,64.0,CHEMBL350,Klebsiella pneumoniae,Klebsiella pneumoniae,573.0,,MIC50,ug ml-1,UO_0000274,64.0,CHEMBL158,C[C@H]1[C@H](NC(=O)/C(=N\OC(C)(C)C(=O)O)c2csc(N)n2)C(=O)N1S(=O)(=O)O,12.562141912320484,12.562141912320484,0.0349535856009066,-4.756268639419342,0.174788224513646,20.5,435.44000000000017,418.30400000000014,435.051854504,154,0,0.3620751467724121,-0.4782270320177159,0.4782270320177159,0.3620751467724121,1.4642857142857142,2.071428571428572,2.5,32.24529764273617,10.00401161573638,2.513331128805475,-2.416338874010568,2.230948535260857,-2.707807208919476,7.836563836647012,-0.1608446168429468,2.971847309732629,2.2592762983237704,953.8851353067348,21.43879310982592,14.8114553779692,16.444448539824652,12.752743308167698,7.578995896792942,9.855612118054724,6.221230582074894,8.399971119282888,3.730567932227123,5.414072402778615,2.1128455580549623,3.54351374163482,-2.78,690205.5939907836,21.519292322605008,7.325918985638601,4.204134383579708,162.59031069995737,20.994572059745856,11.735768823996422,10.843243482610037,5.601050810983688,11.814359458703011,16.27347016397548,14.141824241834009,14.083731696315263,8.417796984328938,11.336785877934735,5.15571272675054,20.771211599071872,5.380062770465915,6.041840829147961,37.29827438881211,50.26785898322327,0.0,14.605983116249774,5.15571272675054,38.455944068351485,5.733667477162185,11.073990765314376,0.0,0.0,11.050456081168516,5.131558479839333,0.0,11.336785877934735,68.54635098380861,29.525365011975733,0.0,26.46513959392033,10.535775497216456,0.0,0.0,0.0,201.58,51.4842470947288,22.801408536544404,0.0,15.130702465984026,0.0,11.336785877934735,26.151274369537788,0.0,0.0,15.456479851704078,20.23053332942989,31.44978820569469,0.9796905422586336,44.39737831563419,16.334751159546904,3.256457088644816,-3.375611656986792,-2.3123389733980013,0.0,3.692820624691566,-4.756268639419342,0.4615384615384615,28,5,13,0,1,1,0,1,1,10,4,15,7,0,1,1,2,-1.172499999999998,95.65050000000004,1,0,0,1,0,1,0,0,1,1,3,2,0,0,0,3,1,1,0,0,0,0,0,0,0,0,0,2,0,1,0,0,0,0,0,0,0,0,0,0,0,0,0,0,0,0,0,0,0,0,0,0,0,1,0,0,0,0,0,0,0,0,0,1,0,0,0,0,0,0,0,0,0,0,0,0,0,0,0,0,1,0,0,0,0,573.0,Klebsiella pneumoniae,Bacteria
116419,,10848803,CHEMBL2019327,Antimicrobial activity against carbapenemase-producing Klebsiella pneumoniae,F,BAO_0000179,BAO_0000218,organism-based format,C[C@H]1[C@H](NC(=O)/C(=N\OC(C)(C)C(=O)O)c2csc(N)n2)C(=O)N1S(=O)(=O)O,CHEMBL2016521,ACS Med Chem Lett,2011.0,CHEMBL158,AZTREONAM,CHEMBL158,0,http://www.openphacts.org/units/MicrogramPerMilliliter,1634337,>,1,1,>,MIC90,ug.mL-1,64.0,CHEMBL350,Klebsiella pneumoniae,Klebsiella pneumoniae,573.0,,MIC90,ug ml-1,UO_0000274,64.0,CHEMBL158,C[C@H]1[C@H](NC(=O)/C(=N\OC(C)(C)C(=O)O)c2csc(N)n2)C(=O)N1S(=O)(=O)O,12.562141912320484,12.562141912320484,0.0349535856009066,-4.756268639419342,0.174788224513646,20.5,435.44000000000017,418.30400000000014,435.051854504,154,0,0.3620751467724121,-0.4782270320177159,0.4782270320177159,0.3620751467724121,1.4642857142857142,2.071428571428572,2.5,32.24529764273617,10.00401161573638,2.513331128805475,-2.416338874010568,2.230948535260857,-2.707807208919476,7.836563836647012,-0.1608446168429468,2.971847309732629,2.2592762983237704,953.8851353067348,21.43879310982592,14.8114553779692,16.444448539824652,12.752743308167698,7.578995896792942,9.855612118054724,6.221230582074894,8.399971119282888,3.730567932227123,5.414072402778615,2.1128455580549623,3.54351374163482,-2.78,690205.5939907836,21.519292322605008,7.325918985638601,4.204134383579708,162.59031069995737,20.994572059745856,11.735768823996422,10.843243482610037,5.601050810983688,11.814359458703011,16.27347016397548,14.141824241834009,14.083731696315263,8.417796984328938,11.336785877934735,5.15571272675054,20.771211599071872,5.380062770465915,6.041840829147961,37.29827438881211,50.26785898322327,0.0,14.605983116249774,5.15571272675054,38.455944068351485,5.733667477162185,11.073990765314376,0.0,0.0,11.050456081168516,5.131558479839333,0.0,11.336785877934735,68.54635098380861,29.525365011975733,0.0,26.46513959392033,10.535775497216456,0.0,0.0,0.0,201.58,51.4842470947288,22.801408536544404,0.0,15.130702465984026,0.0,11.336785877934735,26.151274369537788,0.0,0.0,15.456479851704078,20.23053332942989,31.44978820569469,0.9796905422586336,44.39737831563419,16.334751159546904,3.256457088644816,-3.375611656986792,-2.3123389733980013,0.0,3.692820624691566,-4.756268639419342,0.4615384615384615,28,5,13,0,1,1,0,1,1,10,4,15,7,0,1,1,2,-1.172499999999998,95.65050000000004,1,0,0,1,0,1,0,0,1,1,3,2,0,0,0,3,1,1,0,0,0,0,0,0,0,0,0,2,0,1,0,0,0,0,0,0,0,0,0,0,0,0,0,0,0,0,0,0,0,0,0,0,0,1,0,0,0,0,0,0,0,0,0,1,0,0,0,0,0,0,0,0,0,0,0,0,0,0,0,0,1,0,0,0,0,573.0,Klebsiella pneumoniae,Bacteria
116419,,10848803,CHEMBL2019327,Antimicrobial activity against carbapenemase-producing Klebsiella pneumoniae,F,BAO_0000179,BAO_0000218,organism-based format,C[C@H]1[C@H](NC(=O)/C(=N\OC(C)(C)C(=O)O)c2csc(N)n2)C(=O)N1S(=O)(=O)O,CHEMBL2016521,ACS Med Chem Lett,2011.0,CHEMBL158,AZTREONAM,CHEMBL158,0,http://www.openphacts.org/units/MicrogramPerMilliliter,1634337,>,1,1,>,MIC90,ug.mL-1,64.0,CHEMBL350,Klebsiella pneumoniae,Klebsiella pneumoniae,573.0,,MIC90,ug ml-1,UO_0000274,64.0,CHEMBL158,C[C@H]1[C@H](NC(=O)/C(=N\OC(C)(C)C(=O)O)c2csc(N)n2)C(=O)N1S(=O)(=O)O,12.562141912320484,12.562141912320484,0.0349535856009066,-4.756268639419342,0.174788224513646,20.5,435.44000000000017,418.30400000000014,435.051854504,154,0,0.3620751467724121,-0.4782270320177159,0.4782270320177159,0.3620751467724121,1.4642857142857142,2.071428571428572,2.5,32.24529764273617,10.00401161573638,2.513331128805475,-2.416338874010568,2.230948535260857,-2.707807208919476,7.836563836647012,-0.1608446168429468,2.971847309732629,2.2592762983237704,953.8851353067348,21.43879310982592,14.8114553779692,16.444448539824652,12.752743308167698,7.578995896792942,9.855612118054724,6.221230582074894,8.399971119282888,3.730567932227123,5.414072402778615,2.1128455580549623,3.54351374163482,-2.78,690205.5939907836,21.519292322605008,7.325918985638601,4.204134383579708,162.59031069995737,20.994572059745856,11.735768823996422,10.843243482610037,5.601050810983688,11.814359458703011,16.27347016397548,14.141824241834009,14.083731696315263,8.417796984328938,11.336785877934735,5.15571272675054,20.771211599071872,5.380062770465915,6.041840829147961,37.29827438881211,50.26785898322327,0.0,14.605983116249774,5.15571272675054,38.455944068351485,5.733667477162185,11.073990765314376,0.0,0.0,11.050456081168516,5.131558479839333,0.0,11.336785877934735,68.54635098380861,29.525365011975733,0.0,26.46513959392033,10.535775497216456,0.0,0.0,0.0,201.58,51.4842470947288,22.801408536544404,0.0,15.130702465984026,0.0,11.336785877934735,26.151274369537788,0.0,0.0,15.456479851704078,20.23053332942989,31.44978820569469,0.9796905422586336,44.39737831563419,16.334751159546904,3.256457088644816,-3.375611656986792,-2.3123389733980013,0.0,3.692820624691566,-4.756268639419342,0.4615384615384615,28,5,13,0,1,1,0,1,1,10,4,15,7,0,1,1,2,-1.172499999999998,95.65050000000004,1,0,0,1,0,1,0,0,1,1,3,2,0,0,0,3,1,1,0,0,0,0,0,0,0,0,0,2,0,1,0,0,0,0,0,0,0,0,0,0,0,0,0,0,0,0,0,0,0,0,0,0,0,1,0,0,0,0,0,0,0,0,0,1,0,0,0,0,0,0,0,0,0,0,0,0,0,0,0,0,1,0,0,0,0,573.0,Klebsiella pneumoniae,Bacteria
116420,,10848806,CHEMBL2019328,Antimicrobial activity against Stenotrophomonas maltophilia,F,BAO_0003035,BAO_0000218,organism-based format,C[C@H]1[C@H](NC(=O)/C(=N\OC(C)(C)C(=O)O)c2csc(N)n2)C(=O)N1S(=O)(=O)O,CHEMBL2016521,ACS Med Chem Lett,2011.0,CHEMBL158,AZTREONAM,CHEMBL158,0,http://www.openphacts.org/units/MicrogramPerMilliliter,1634337,>,1,1,>,MIC50,ug.mL-1,64.0,CHEMBL612366,Stenotrophomonas maltophilia,Stenotrophomonas maltophilia,40324.0,,MIC50,ug ml-1,UO_0000274,64.0,CHEMBL158,C[C@H]1[C@H](NC(=O)/C(=N\OC(C)(C)C(=O)O)c2csc(N)n2)C(=O)N1S(=O)(=O)O,12.562141912320484,12.562141912320484,0.0349535856009066,-4.756268639419342,0.174788224513646,20.5,435.44000000000017,418.30400000000014,435.051854504,154,0,0.3620751467724121,-0.4782270320177159,0.4782270320177159,0.3620751467724121,1.4642857142857142,2.071428571428572,2.5,32.24529764273617,10.00401161573638,2.513331128805475,-2.416338874010568,2.230948535260857,-2.707807208919476,7.836563836647012,-0.1608446168429468,2.971847309732629,2.2592762983237704,953.8851353067348,21.43879310982592,14.8114553779692,16.444448539824652,12.752743308167698,7.578995896792942,9.855612118054724,6.221230582074894,8.399971119282888,3.730567932227123,5.414072402778615,2.1128455580549623,3.54351374163482,-2.78,690205.5939907836,21.519292322605008,7.325918985638601,4.204134383579708,162.59031069995737,20.994572059745856,11.735768823996422,10.843243482610037,5.601050810983688,11.814359458703011,16.27347016397548,14.141824241834009,14.083731696315263,8.417796984328938,11.336785877934735,5.15571272675054,20.771211599071872,5.380062770465915,6.041840829147961,37.29827438881211,50.26785898322327,0.0,14.605983116249774,5.15571272675054,38.455944068351485,5.733667477162185,11.073990765314376,0.0,0.0,11.050456081168516,5.131558479839333,0.0,11.336785877934735,68.54635098380861,29.525365011975733,0.0,26.46513959392033,10.535775497216456,0.0,0.0,0.0,201.58,51.4842470947288,22.801408536544404,0.0,15.130702465984026,0.0,11.336785877934735,26.151274369537788,0.0,0.0,15.456479851704078,20.23053332942989,31.44978820569469,0.9796905422586336,44.39737831563419,16.334751159546904,3.256457088644816,-3.375611656986792,-2.3123389733980013,0.0,3.692820624691566,-4.756268639419342,0.4615384615384615,28,5,13,0,1,1,0,1,1,10,4,15,7,0,1,1,2,-1.172499999999998,95.65050000000004,1,0,0,1,0,1,0,0,1,1,3,2,0,0,0,3,1,1,0,0,0,0,0,0,0,0,0,2,0,1,0,0,0,0,0,0,0,0,0,0,0,0,0,0,0,0,0,0,0,0,0,0,0,1,0,0,0,0,0,0,0,0,0,1,0,0,0,0,0,0,0,0,0,0,0,0,0,0,0,0,1,0,0,0,0,40324.0,Stenotrophomonas maltophilia,Bacteria
116421,,10848809,CHEMBL2019328,Antimicrobial activity against Stenotrophomonas maltophilia,F,BAO_0000179,BAO_0000218,organism-based format,C[C@H]1[C@H](NC(=O)/C(=N\OC(C)(C)C(=O)O)c2csc(N)n2)C(=O)N1S(=O)(=O)O,CHEMBL2016521,ACS Med Chem Lett,2011.0,CHEMBL158,AZTREONAM,CHEMBL158,0,http://www.openphacts.org/units/MicrogramPerMilliliter,1634337,>,1,1,>,MIC90,ug.mL-1,64.0,CHEMBL612366,Stenotrophomonas maltophilia,Stenotrophomonas maltophilia,40324.0,,MIC90,ug ml-1,UO_0000274,64.0,CHEMBL158,C[C@H]1[C@H](NC(=O)/C(=N\OC(C)(C)C(=O)O)c2csc(N)n2)C(=O)N1S(=O)(=O)O,12.562141912320484,12.562141912320484,0.0349535856009066,-4.756268639419342,0.174788224513646,20.5,435.44000000000017,418.30400000000014,435.051854504,154,0,0.3620751467724121,-0.4782270320177159,0.4782270320177159,0.3620751467724121,1.4642857142857142,2.071428571428572,2.5,32.24529764273617,10.00401161573638,2.513331128805475,-2.416338874010568,2.230948535260857,-2.707807208919476,7.836563836647012,-0.1608446168429468,2.971847309732629,2.2592762983237704,953.8851353067348,21.43879310982592,14.8114553779692,16.444448539824652,12.752743308167698,7.578995896792942,9.855612118054724,6.221230582074894,8.399971119282888,3.730567932227123,5.414072402778615,2.1128455580549623,3.54351374163482,-2.78,690205.5939907836,21.519292322605008,7.325918985638601,4.204134383579708,162.59031069995737,20.994572059745856,11.735768823996422,10.843243482610037,5.601050810983688,11.814359458703011,16.27347016397548,14.141824241834009,14.083731696315263,8.417796984328938,11.336785877934735,5.15571272675054,20.771211599071872,5.380062770465915,6.041840829147961,37.29827438881211,50.26785898322327,0.0,14.605983116249774,5.15571272675054,38.455944068351485,5.733667477162185,11.073990765314376,0.0,0.0,11.050456081168516,5.131558479839333,0.0,11.336785877934735,68.54635098380861,29.525365011975733,0.0,26.46513959392033,10.535775497216456,0.0,0.0,0.0,201.58,51.4842470947288,22.801408536544404,0.0,15.130702465984026,0.0,11.336785877934735,26.151274369537788,0.0,0.0,15.456479851704078,20.23053332942989,31.44978820569469,0.9796905422586336,44.39737831563419,16.334751159546904,3.256457088644816,-3.375611656986792,-2.3123389733980013,0.0,3.692820624691566,-4.756268639419342,0.4615384615384615,28,5,13,0,1,1,0,1,1,10,4,15,7,0,1,1,2,-1.172499999999998,95.65050000000004,1,0,0,1,0,1,0,0,1,1,3,2,0,0,0,3,1,1,0,0,0,0,0,0,0,0,0,2,0,1,0,0,0,0,0,0,0,0,0,0,0,0,0,0,0,0,0,0,0,0,0,0,0,1,0,0,0,0,0,0,0,0,0,1,0,0,0,0,0,0,0,0,0,0,0,0,0,0,0,0,1,0,0,0,0,40324.0,Stenotrophomonas maltophilia,Bacteria
116422,,10848812,CHEMBL2019329,Antimicrobial activity against Acinetobacter sp.,F,BAO_0003035,BAO_0000218,organism-based format,C[C@H]1[C@H](NC(=O)/C(=N\OC(C)(C)C(=O)O)c2csc(N)n2)C(=O)N1S(=O)(=O)O,CHEMBL2016521,ACS Med Chem Lett,2011.0,CHEMBL158,AZTREONAM,CHEMBL158,0,http://www.openphacts.org/units/MicrogramPerMilliliter,1634337,=,1,1,=,MIC50,ug.mL-1,32.0,CHEMBL614427,Acinetobacter sp.,Acinetobacter sp.,472.0,,MIC50,ug ml-1,UO_0000274,32.0,CHEMBL158,C[C@H]1[C@H](NC(=O)/C(=N\OC(C)(C)C(=O)O)c2csc(N)n2)C(=O)N1S(=O)(=O)O,12.562141912320484,12.562141912320484,0.0349535856009066,-4.756268639419342,0.174788224513646,20.5,435.44000000000017,418.30400000000014,435.051854504,154,0,0.3620751467724121,-0.4782270320177159,0.4782270320177159,0.3620751467724121,1.4642857142857142,2.071428571428572,2.5,32.24529764273617,10.00401161573638,2.513331128805475,-2.416338874010568,2.230948535260857,-2.707807208919476,7.836563836647012,-0.1608446168429468,2.971847309732629,2.2592762983237704,953.8851353067348,21.43879310982592,14.8114553779692,16.444448539824652,12.752743308167698,7.578995896792942,9.855612118054724,6.221230582074894,8.399971119282888,3.730567932227123,5.414072402778615,2.1128455580549623,3.54351374163482,-2.78,690205.5939907836,21.519292322605008,7.325918985638601,4.204134383579708,162.59031069995737,20.994572059745856,11.735768823996422,10.843243482610037,5.601050810983688,11.814359458703011,16.27347016397548,14.141824241834009,14.083731696315263,8.417796984328938,11.336785877934735,5.15571272675054,20.771211599071872,5.380062770465915,6.041840829147961,37.29827438881211,50.26785898322327,0.0,14.605983116249774,5.15571272675054,38.455944068351485,5.733667477162185,11.073990765314376,0.0,0.0,11.050456081168516,5.131558479839333,0.0,11.336785877934735,68.54635098380861,29.525365011975733,0.0,26.46513959392033,10.535775497216456,0.0,0.0,0.0,201.58,51.4842470947288,22.801408536544404,0.0,15.130702465984026,0.0,11.336785877934735,26.151274369537788,0.0,0.0,15.456479851704078,20.23053332942989,31.44978820569469,0.9796905422586336,44.39737831563419,16.334751159546904,3.256457088644816,-3.375611656986792,-2.3123389733980013,0.0,3.692820624691566,-4.756268639419342,0.4615384615384615,28,5,13,0,1,1,0,1,1,10,4,15,7,0,1,1,2,-1.172499999999998,95.65050000000004,1,0,0,1,0,1,0,0,1,1,3,2,0,0,0,3,1,1,0,0,0,0,0,0,0,0,0,2,0,1,0,0,0,0,0,0,0,0,0,0,0,0,0,0,0,0,0,0,0,0,0,0,0,1,0,0,0,0,0,0,0,0,0,1,0,0,0,0,0,0,0,0,0,0,0,0,0,0,0,0,1,0,0,0,0,472.0,Acinetobacter sp.,Bacteria
116423,,10848815,CHEMBL2019329,Antimicrobial activity against Acinetobacter sp.,F,BAO_0000179,BAO_0000218,organism-based format,C[C@H]1[C@H](NC(=O)/C(=N\OC(C)(C)C(=O)O)c2csc(N)n2)C(=O)N1S(=O)(=O)O,CHEMBL2016521,ACS Med Chem Lett,2011.0,CHEMBL158,AZTREONAM,CHEMBL158,0,http://www.openphacts.org/units/MicrogramPerMilliliter,1634337,>,1,1,>,MIC90,ug.mL-1,64.0,CHEMBL614427,Acinetobacter sp.,Acinetobacter sp.,472.0,,MIC90,ug ml-1,UO_0000274,64.0,CHEMBL158,C[C@H]1[C@H](NC(=O)/C(=N\OC(C)(C)C(=O)O)c2csc(N)n2)C(=O)N1S(=O)(=O)O,12.562141912320484,12.562141912320484,0.0349535856009066,-4.756268639419342,0.174788224513646,20.5,435.44000000000017,418.30400000000014,435.051854504,154,0,0.3620751467724121,-0.4782270320177159,0.4782270320177159,0.3620751467724121,1.4642857142857142,2.071428571428572,2.5,32.24529764273617,10.00401161573638,2.513331128805475,-2.416338874010568,2.230948535260857,-2.707807208919476,7.836563836647012,-0.1608446168429468,2.971847309732629,2.2592762983237704,953.8851353067348,21.43879310982592,14.8114553779692,16.444448539824652,12.752743308167698,7.578995896792942,9.855612118054724,6.221230582074894,8.399971119282888,3.730567932227123,5.414072402778615,2.1128455580549623,3.54351374163482,-2.78,690205.5939907836,21.519292322605008,7.325918985638601,4.204134383579708,162.59031069995737,20.994572059745856,11.735768823996422,10.843243482610037,5.601050810983688,11.814359458703011,16.27347016397548,14.141824241834009,14.083731696315263,8.417796984328938,11.336785877934735,5.15571272675054,20.771211599071872,5.380062770465915,6.041840829147961,37.29827438881211,50.26785898322327,0.0,14.605983116249774,5.15571272675054,38.455944068351485,5.733667477162185,11.073990765314376,0.0,0.0,11.050456081168516,5.131558479839333,0.0,11.336785877934735,68.54635098380861,29.525365011975733,0.0,26.46513959392033,10.535775497216456,0.0,0.0,0.0,201.58,51.4842470947288,22.801408536544404,0.0,15.130702465984026,0.0,11.336785877934735,26.151274369537788,0.0,0.0,15.456479851704078,20.23053332942989,31.44978820569469,0.9796905422586336,44.39737831563419,16.334751159546904,3.256457088644816,-3.375611656986792,-2.3123389733980013,0.0,3.692820624691566,-4.756268639419342,0.4615384615384615,28,5,13,0,1,1,0,1,1,10,4,15,7,0,1,1,2,-1.172499999999998,95.65050000000004,1,0,0,1,0,1,0,0,1,1,3,2,0,0,0,3,1,1,0,0,0,0,0,0,0,0,0,2,0,1,0,0,0,0,0,0,0,0,0,0,0,0,0,0,0,0,0,0,0,0,0,0,0,1,0,0,0,0,0,0,0,0,0,1,0,0,0,0,0,0,0,0,0,0,0,0,0,0,0,0,1,0,0,0,0,472.0,Acinetobacter sp.,Bacteria
116424,,10848824,CHEMBL2019315,Antimicrobial activity against Serratia marcescens,F,BAO_0003035,BAO_0000218,organism-based format,C[C@H]1[C@H](NC(=O)/C(=N\OC(C)(C)C(=O)O)c2csc(N)n2)C(=O)N1S(=O)(=O)O,CHEMBL2016521,ACS Med Chem Lett,2011.0,CHEMBL158,AZTREONAM,CHEMBL158,0,http://www.openphacts.org/units/MicrogramPerMilliliter,1634337,=,1,1,=,MIC50,ug.mL-1,0.5,CHEMBL614593,Serratia marcescens,Serratia marcescens,615.0,,MIC50,ug ml-1,UO_0000274,0.5,CHEMBL158,C[C@H]1[C@H](NC(=O)/C(=N\OC(C)(C)C(=O)O)c2csc(N)n2)C(=O)N1S(=O)(=O)O,12.562141912320484,12.562141912320484,0.0349535856009066,-4.756268639419342,0.174788224513646,20.5,435.44000000000017,418.30400000000014,435.051854504,154,0,0.3620751467724121,-0.4782270320177159,0.4782270320177159,0.3620751467724121,1.4642857142857142,2.071428571428572,2.5,32.24529764273617,10.00401161573638,2.513331128805475,-2.416338874010568,2.230948535260857,-2.707807208919476,7.836563836647012,-0.1608446168429468,2.971847309732629,2.2592762983237704,953.8851353067348,21.43879310982592,14.8114553779692,16.444448539824652,12.752743308167698,7.578995896792942,9.855612118054724,6.221230582074894,8.399971119282888,3.730567932227123,5.414072402778615,2.1128455580549623,3.54351374163482,-2.78,690205.5939907836,21.519292322605008,7.325918985638601,4.204134383579708,162.59031069995737,20.994572059745856,11.735768823996422,10.843243482610037,5.601050810983688,11.814359458703011,16.27347016397548,14.141824241834009,14.083731696315263,8.417796984328938,11.336785877934735,5.15571272675054,20.771211599071872,5.380062770465915,6.041840829147961,37.29827438881211,50.26785898322327,0.0,14.605983116249774,5.15571272675054,38.455944068351485,5.733667477162185,11.073990765314376,0.0,0.0,11.050456081168516,5.131558479839333,0.0,11.336785877934735,68.54635098380861,29.525365011975733,0.0,26.46513959392033,10.535775497216456,0.0,0.0,0.0,201.58,51.4842470947288,22.801408536544404,0.0,15.130702465984026,0.0,11.336785877934735,26.151274369537788,0.0,0.0,15.456479851704078,20.23053332942989,31.44978820569469,0.9796905422586336,44.39737831563419,16.334751159546904,3.256457088644816,-3.375611656986792,-2.3123389733980013,0.0,3.692820624691566,-4.756268639419342,0.4615384615384615,28,5,13,0,1,1,0,1,1,10,4,15,7,0,1,1,2,-1.172499999999998,95.65050000000004,1,0,0,1,0,1,0,0,1,1,3,2,0,0,0,3,1,1,0,0,0,0,0,0,0,0,0,2,0,1,0,0,0,0,0,0,0,0,0,0,0,0,0,0,0,0,0,0,0,0,0,0,0,1,0,0,0,0,0,0,0,0,0,1,0,0,0,0,0,0,0,0,0,0,0,0,0,0,0,0,1,0,0,0,0,615.0,Serratia marcescens,Bacteria
116425,,10848827,CHEMBL2019315,Antimicrobial activity against Serratia marcescens,F,BAO_0000179,BAO_0000218,organism-based format,C[C@H]1[C@H](NC(=O)/C(=N\OC(C)(C)C(=O)O)c2csc(N)n2)C(=O)N1S(=O)(=O)O,CHEMBL2016521,ACS Med Chem Lett,2011.0,CHEMBL158,AZTREONAM,CHEMBL158,0,http://www.openphacts.org/units/MicrogramPerMilliliter,1634337,>,1,1,>,MIC90,ug.mL-1,64.0,CHEMBL614593,Serratia marcescens,Serratia marcescens,615.0,,MIC90,ug ml-1,UO_0000274,64.0,CHEMBL158,C[C@H]1[C@H](NC(=O)/C(=N\OC(C)(C)C(=O)O)c2csc(N)n2)C(=O)N1S(=O)(=O)O,12.562141912320484,12.562141912320484,0.0349535856009066,-4.756268639419342,0.174788224513646,20.5,435.44000000000017,418.30400000000014,435.051854504,154,0,0.3620751467724121,-0.4782270320177159,0.4782270320177159,0.3620751467724121,1.4642857142857142,2.071428571428572,2.5,32.24529764273617,10.00401161573638,2.513331128805475,-2.416338874010568,2.230948535260857,-2.707807208919476,7.836563836647012,-0.1608446168429468,2.971847309732629,2.2592762983237704,953.8851353067348,21.43879310982592,14.8114553779692,16.444448539824652,12.752743308167698,7.578995896792942,9.855612118054724,6.221230582074894,8.399971119282888,3.730567932227123,5.414072402778615,2.1128455580549623,3.54351374163482,-2.78,690205.5939907836,21.519292322605008,7.325918985638601,4.204134383579708,162.59031069995737,20.994572059745856,11.735768823996422,10.843243482610037,5.601050810983688,11.814359458703011,16.27347016397548,14.141824241834009,14.083731696315263,8.417796984328938,11.336785877934735,5.15571272675054,20.771211599071872,5.380062770465915,6.041840829147961,37.29827438881211,50.26785898322327,0.0,14.605983116249774,5.15571272675054,38.455944068351485,5.733667477162185,11.073990765314376,0.0,0.0,11.050456081168516,5.131558479839333,0.0,11.336785877934735,68.54635098380861,29.525365011975733,0.0,26.46513959392033,10.535775497216456,0.0,0.0,0.0,201.58,51.4842470947288,22.801408536544404,0.0,15.130702465984026,0.0,11.336785877934735,26.151274369537788,0.0,0.0,15.456479851704078,20.23053332942989,31.44978820569469,0.9796905422586336,44.39737831563419,16.334751159546904,3.256457088644816,-3.375611656986792,-2.3123389733980013,0.0,3.692820624691566,-4.756268639419342,0.4615384615384615,28,5,13,0,1,1,0,1,1,10,4,15,7,0,1,1,2,-1.172499999999998,95.65050000000004,1,0,0,1,0,1,0,0,1,1,3,2,0,0,0,3,1,1,0,0,0,0,0,0,0,0,0,2,0,1,0,0,0,0,0,0,0,0,0,0,0,0,0,0,0,0,0,0,0,0,0,0,0,1,0,0,0,0,0,0,0,0,0,1,0,0,0,0,0,0,0,0,0,0,0,0,0,0,0,0,1,0,0,0,0,615.0,Serratia marcescens,Bacteria
116426,,10848832,CHEMBL2019523,Antimicrobial activity against CTX-M-positive extended spectrum beta-lactamase-producing Escherichia coli,F,BAO_0003035,BAO_0000218,organism-based format,C[C@H]1[C@H](NC(=O)/C(=N\OC(C)(C)C(=O)O)c2csc(N)n2)C(=O)N1S(=O)(=O)O,CHEMBL2016521,ACS Med Chem Lett,2011.0,CHEMBL158,AZTREONAM,CHEMBL158,0,http://www.openphacts.org/units/MicrogramPerMilliliter,1634337,=,1,1,=,MIC50,ug.mL-1,1.0,CHEMBL354,Escherichia coli,Escherichia coli,562.0,,MIC50,ug ml-1,UO_0000274,1.0,CHEMBL158,C[C@H]1[C@H](NC(=O)/C(=N\OC(C)(C)C(=O)O)c2csc(N)n2)C(=O)N1S(=O)(=O)O,12.562141912320484,12.562141912320484,0.0349535856009066,-4.756268639419342,0.174788224513646,20.5,435.44000000000017,418.30400000000014,435.051854504,154,0,0.3620751467724121,-0.4782270320177159,0.4782270320177159,0.3620751467724121,1.4642857142857142,2.071428571428572,2.5,32.24529764273617,10.00401161573638,2.513331128805475,-2.416338874010568,2.230948535260857,-2.707807208919476,7.836563836647012,-0.1608446168429468,2.971847309732629,2.2592762983237704,953.8851353067348,21.43879310982592,14.8114553779692,16.444448539824652,12.752743308167698,7.578995896792942,9.855612118054724,6.221230582074894,8.399971119282888,3.730567932227123,5.414072402778615,2.1128455580549623,3.54351374163482,-2.78,690205.5939907836,21.519292322605008,7.325918985638601,4.204134383579708,162.59031069995737,20.994572059745856,11.735768823996422,10.843243482610037,5.601050810983688,11.814359458703011,16.27347016397548,14.141824241834009,14.083731696315263,8.417796984328938,11.336785877934735,5.15571272675054,20.771211599071872,5.380062770465915,6.041840829147961,37.29827438881211,50.26785898322327,0.0,14.605983116249774,5.15571272675054,38.455944068351485,5.733667477162185,11.073990765314376,0.0,0.0,11.050456081168516,5.131558479839333,0.0,11.336785877934735,68.54635098380861,29.525365011975733,0.0,26.46513959392033,10.535775497216456,0.0,0.0,0.0,201.58,51.4842470947288,22.801408536544404,0.0,15.130702465984026,0.0,11.336785877934735,26.151274369537788,0.0,0.0,15.456479851704078,20.23053332942989,31.44978820569469,0.9796905422586336,44.39737831563419,16.334751159546904,3.256457088644816,-3.375611656986792,-2.3123389733980013,0.0,3.692820624691566,-4.756268639419342,0.4615384615384615,28,5,13,0,1,1,0,1,1,10,4,15,7,0,1,1,2,-1.172499999999998,95.65050000000004,1,0,0,1,0,1,0,0,1,1,3,2,0,0,0,3,1,1,0,0,0,0,0,0,0,0,0,2,0,1,0,0,0,0,0,0,0,0,0,0,0,0,0,0,0,0,0,0,0,0,0,0,0,1,0,0,0,0,0,0,0,0,0,1,0,0,0,0,0,0,0,0,0,0,0,0,0,0,0,0,1,0,0,0,0,562.0,Escherichia coli,Bacteria
116426,,10848832,CHEMBL2019523,Antimicrobial activity against CTX-M-positive extended spectrum beta-lactamase-producing Escherichia coli,F,BAO_0003035,BAO_0000218,organism-based format,C[C@H]1[C@H](NC(=O)/C(=N\OC(C)(C)C(=O)O)c2csc(N)n2)C(=O)N1S(=O)(=O)O,CHEMBL2016521,ACS Med Chem Lett,2011.0,CHEMBL158,AZTREONAM,CHEMBL158,0,http://www.openphacts.org/units/MicrogramPerMilliliter,1634337,=,1,1,=,MIC50,ug.mL-1,1.0,CHEMBL354,Escherichia coli,Escherichia coli,562.0,,MIC50,ug ml-1,UO_0000274,1.0,CHEMBL158,C[C@H]1[C@H](NC(=O)/C(=N\OC(C)(C)C(=O)O)c2csc(N)n2)C(=O)N1S(=O)(=O)O,12.562141912320484,12.562141912320484,0.0349535856009066,-4.756268639419342,0.174788224513646,20.5,435.44000000000017,418.30400000000014,435.051854504,154,0,0.3620751467724121,-0.4782270320177159,0.4782270320177159,0.3620751467724121,1.4642857142857142,2.071428571428572,2.5,32.24529764273617,10.00401161573638,2.513331128805475,-2.416338874010568,2.230948535260857,-2.707807208919476,7.836563836647012,-0.1608446168429468,2.971847309732629,2.2592762983237704,953.8851353067348,21.43879310982592,14.8114553779692,16.444448539824652,12.752743308167698,7.578995896792942,9.855612118054724,6.221230582074894,8.399971119282888,3.730567932227123,5.414072402778615,2.1128455580549623,3.54351374163482,-2.78,690205.5939907836,21.519292322605008,7.325918985638601,4.204134383579708,162.59031069995737,20.994572059745856,11.735768823996422,10.843243482610037,5.601050810983688,11.814359458703011,16.27347016397548,14.141824241834009,14.083731696315263,8.417796984328938,11.336785877934735,5.15571272675054,20.771211599071872,5.380062770465915,6.041840829147961,37.29827438881211,50.26785898322327,0.0,14.605983116249774,5.15571272675054,38.455944068351485,5.733667477162185,11.073990765314376,0.0,0.0,11.050456081168516,5.131558479839333,0.0,11.336785877934735,68.54635098380861,29.525365011975733,0.0,26.46513959392033,10.535775497216456,0.0,0.0,0.0,201.58,51.4842470947288,22.801408536544404,0.0,15.130702465984026,0.0,11.336785877934735,26.151274369537788,0.0,0.0,15.456479851704078,20.23053332942989,31.44978820569469,0.9796905422586336,44.39737831563419,16.334751159546904,3.256457088644816,-3.375611656986792,-2.3123389733980013,0.0,3.692820624691566,-4.756268639419342,0.4615384615384615,28,5,13,0,1,1,0,1,1,10,4,15,7,0,1,1,2,-1.172499999999998,95.65050000000004,1,0,0,1,0,1,0,0,1,1,3,2,0,0,0,3,1,1,0,0,0,0,0,0,0,0,0,2,0,1,0,0,0,0,0,0,0,0,0,0,0,0,0,0,0,0,0,0,0,0,0,0,0,1,0,0,0,0,0,0,0,0,0,1,0,0,0,0,0,0,0,0,0,0,0,0,0,0,0,0,1,0,0,0,0,562.0,Escherichia coli,Bacteria
116426,,10848832,CHEMBL2019523,Antimicrobial activity against CTX-M-positive extended spectrum beta-lactamase-producing Escherichia coli,F,BAO_0003035,BAO_0000218,organism-based format,C[C@H]1[C@H](NC(=O)/C(=N\OC(C)(C)C(=O)O)c2csc(N)n2)C(=O)N1S(=O)(=O)O,CHEMBL2016521,ACS Med Chem Lett,2011.0,CHEMBL158,AZTREONAM,CHEMBL158,0,http://www.openphacts.org/units/MicrogramPerMilliliter,1634337,=,1,1,=,MIC50,ug.mL-1,1.0,CHEMBL354,Escherichia coli,Escherichia coli,562.0,,MIC50,ug ml-1,UO_0000274,1.0,CHEMBL158,C[C@H]1[C@H](NC(=O)/C(=N\OC(C)(C)C(=O)O)c2csc(N)n2)C(=O)N1S(=O)(=O)O,12.562141912320484,12.562141912320484,0.0349535856009066,-4.756268639419342,0.174788224513646,20.5,435.44000000000017,418.30400000000014,435.051854504,154,0,0.3620751467724121,-0.4782270320177159,0.4782270320177159,0.3620751467724121,1.4642857142857142,2.071428571428572,2.5,32.24529764273617,10.00401161573638,2.513331128805475,-2.416338874010568,2.230948535260857,-2.707807208919476,7.836563836647012,-0.1608446168429468,2.971847309732629,2.2592762983237704,953.8851353067348,21.43879310982592,14.8114553779692,16.444448539824652,12.752743308167698,7.578995896792942,9.855612118054724,6.221230582074894,8.399971119282888,3.730567932227123,5.414072402778615,2.1128455580549623,3.54351374163482,-2.78,690205.5939907836,21.519292322605008,7.325918985638601,4.204134383579708,162.59031069995737,20.994572059745856,11.735768823996422,10.843243482610037,5.601050810983688,11.814359458703011,16.27347016397548,14.141824241834009,14.083731696315263,8.417796984328938,11.336785877934735,5.15571272675054,20.771211599071872,5.380062770465915,6.041840829147961,37.29827438881211,50.26785898322327,0.0,14.605983116249774,5.15571272675054,38.455944068351485,5.733667477162185,11.073990765314376,0.0,0.0,11.050456081168516,5.131558479839333,0.0,11.336785877934735,68.54635098380861,29.525365011975733,0.0,26.46513959392033,10.535775497216456,0.0,0.0,0.0,201.58,51.4842470947288,22.801408536544404,0.0,15.130702465984026,0.0,11.336785877934735,26.151274369537788,0.0,0.0,15.456479851704078,20.23053332942989,31.44978820569469,0.9796905422586336,44.39737831563419,16.334751159546904,3.256457088644816,-3.375611656986792,-2.3123389733980013,0.0,3.692820624691566,-4.756268639419342,0.4615384615384615,28,5,13,0,1,1,0,1,1,10,4,15,7,0,1,1,2,-1.172499999999998,95.65050000000004,1,0,0,1,0,1,0,0,1,1,3,2,0,0,0,3,1,1,0,0,0,0,0,0,0,0,0,2,0,1,0,0,0,0,0,0,0,0,0,0,0,0,0,0,0,0,0,0,0,0,0,0,0,1,0,0,0,0,0,0,0,0,0,1,0,0,0,0,0,0,0,0,0,0,0,0,0,0,0,0,1,0,0,0,0,562.0,Escherichia coli,Bacteria
116426,,10848832,CHEMBL2019523,Antimicrobial activity against CTX-M-positive extended spectrum beta-lactamase-producing Escherichia coli,F,BAO_0003035,BAO_0000218,organism-based format,C[C@H]1[C@H](NC(=O)/C(=N\OC(C)(C)C(=O)O)c2csc(N)n2)C(=O)N1S(=O)(=O)O,CHEMBL2016521,ACS Med Chem Lett,2011.0,CHEMBL158,AZTREONAM,CHEMBL158,0,http://www.openphacts.org/units/MicrogramPerMilliliter,1634337,=,1,1,=,MIC50,ug.mL-1,1.0,CHEMBL354,Escherichia coli,Escherichia coli,562.0,,MIC50,ug ml-1,UO_0000274,1.0,CHEMBL158,C[C@H]1[C@H](NC(=O)/C(=N\OC(C)(C)C(=O)O)c2csc(N)n2)C(=O)N1S(=O)(=O)O,12.562141912320484,12.562141912320484,0.0349535856009066,-4.756268639419342,0.174788224513646,20.5,435.44000000000017,418.30400000000014,435.051854504,154,0,0.3620751467724121,-0.4782270320177159,0.4782270320177159,0.3620751467724121,1.4642857142857142,2.071428571428572,2.5,32.24529764273617,10.00401161573638,2.513331128805475,-2.416338874010568,2.230948535260857,-2.707807208919476,7.836563836647012,-0.1608446168429468,2.971847309732629,2.2592762983237704,953.8851353067348,21.43879310982592,14.8114553779692,16.444448539824652,12.752743308167698,7.578995896792942,9.855612118054724,6.221230582074894,8.399971119282888,3.730567932227123,5.414072402778615,2.1128455580549623,3.54351374163482,-2.78,690205.5939907836,21.519292322605008,7.325918985638601,4.204134383579708,162.59031069995737,20.994572059745856,11.735768823996422,10.843243482610037,5.601050810983688,11.814359458703011,16.27347016397548,14.141824241834009,14.083731696315263,8.417796984328938,11.336785877934735,5.15571272675054,20.771211599071872,5.380062770465915,6.041840829147961,37.29827438881211,50.26785898322327,0.0,14.605983116249774,5.15571272675054,38.455944068351485,5.733667477162185,11.073990765314376,0.0,0.0,11.050456081168516,5.131558479839333,0.0,11.336785877934735,68.54635098380861,29.525365011975733,0.0,26.46513959392033,10.535775497216456,0.0,0.0,0.0,201.58,51.4842470947288,22.801408536544404,0.0,15.130702465984026,0.0,11.336785877934735,26.151274369537788,0.0,0.0,15.456479851704078,20.23053332942989,31.44978820569469,0.9796905422586336,44.39737831563419,16.334751159546904,3.256457088644816,-3.375611656986792,-2.3123389733980013,0.0,3.692820624691566,-4.756268639419342,0.4615384615384615,28,5,13,0,1,1,0,1,1,10,4,15,7,0,1,1,2,-1.172499999999998,95.65050000000004,1,0,0,1,0,1,0,0,1,1,3,2,0,0,0,3,1,1,0,0,0,0,0,0,0,0,0,2,0,1,0,0,0,0,0,0,0,0,0,0,0,0,0,0,0,0,0,0,0,0,0,0,0,1,0,0,0,0,0,0,0,0,0,1,0,0,0,0,0,0,0,0,0,0,0,0,0,0,0,0,1,0,0,0,0,562.0,Escherichia coli,Bacteria
116427,,10848835,CHEMBL2019523,Antimicrobial activity against CTX-M-positive extended spectrum beta-lactamase-producing Escherichia coli,F,BAO_0000179,BAO_0000218,organism-based format,C[C@H]1[C@H](NC(=O)/C(=N\OC(C)(C)C(=O)O)c2csc(N)n2)C(=O)N1S(=O)(=O)O,CHEMBL2016521,ACS Med Chem Lett,2011.0,CHEMBL158,AZTREONAM,CHEMBL158,0,http://www.openphacts.org/units/MicrogramPerMilliliter,1634337,>,1,1,>,MIC90,ug.mL-1,64.0,CHEMBL354,Escherichia coli,Escherichia coli,562.0,,MIC90,ug ml-1,UO_0000274,64.0,CHEMBL158,C[C@H]1[C@H](NC(=O)/C(=N\OC(C)(C)C(=O)O)c2csc(N)n2)C(=O)N1S(=O)(=O)O,12.562141912320484,12.562141912320484,0.0349535856009066,-4.756268639419342,0.174788224513646,20.5,435.44000000000017,418.30400000000014,435.051854504,154,0,0.3620751467724121,-0.4782270320177159,0.4782270320177159,0.3620751467724121,1.4642857142857142,2.071428571428572,2.5,32.24529764273617,10.00401161573638,2.513331128805475,-2.416338874010568,2.230948535260857,-2.707807208919476,7.836563836647012,-0.1608446168429468,2.971847309732629,2.2592762983237704,953.8851353067348,21.43879310982592,14.8114553779692,16.444448539824652,12.752743308167698,7.578995896792942,9.855612118054724,6.221230582074894,8.399971119282888,3.730567932227123,5.414072402778615,2.1128455580549623,3.54351374163482,-2.78,690205.5939907836,21.519292322605008,7.325918985638601,4.204134383579708,162.59031069995737,20.994572059745856,11.735768823996422,10.843243482610037,5.601050810983688,11.814359458703011,16.27347016397548,14.141824241834009,14.083731696315263,8.417796984328938,11.336785877934735,5.15571272675054,20.771211599071872,5.380062770465915,6.041840829147961,37.29827438881211,50.26785898322327,0.0,14.605983116249774,5.15571272675054,38.455944068351485,5.733667477162185,11.073990765314376,0.0,0.0,11.050456081168516,5.131558479839333,0.0,11.336785877934735,68.54635098380861,29.525365011975733,0.0,26.46513959392033,10.535775497216456,0.0,0.0,0.0,201.58,51.4842470947288,22.801408536544404,0.0,15.130702465984026,0.0,11.336785877934735,26.151274369537788,0.0,0.0,15.456479851704078,20.23053332942989,31.44978820569469,0.9796905422586336,44.39737831563419,16.334751159546904,3.256457088644816,-3.375611656986792,-2.3123389733980013,0.0,3.692820624691566,-4.756268639419342,0.4615384615384615,28,5,13,0,1,1,0,1,1,10,4,15,7,0,1,1,2,-1.172499999999998,95.65050000000004,1,0,0,1,0,1,0,0,1,1,3,2,0,0,0,3,1,1,0,0,0,0,0,0,0,0,0,2,0,1,0,0,0,0,0,0,0,0,0,0,0,0,0,0,0,0,0,0,0,0,0,0,0,1,0,0,0,0,0,0,0,0,0,1,0,0,0,0,0,0,0,0,0,0,0,0,0,0,0,0,1,0,0,0,0,562.0,Escherichia coli,Bacteria
116427,,10848835,CHEMBL2019523,Antimicrobial activity against CTX-M-positive extended spectrum beta-lactamase-producing Escherichia coli,F,BAO_0000179,BAO_0000218,organism-based format,C[C@H]1[C@H](NC(=O)/C(=N\OC(C)(C)C(=O)O)c2csc(N)n2)C(=O)N1S(=O)(=O)O,CHEMBL2016521,ACS Med Chem Lett,2011.0,CHEMBL158,AZTREONAM,CHEMBL158,0,http://www.openphacts.org/units/MicrogramPerMilliliter,1634337,>,1,1,>,MIC90,ug.mL-1,64.0,CHEMBL354,Escherichia coli,Escherichia coli,562.0,,MIC90,ug ml-1,UO_0000274,64.0,CHEMBL158,C[C@H]1[C@H](NC(=O)/C(=N\OC(C)(C)C(=O)O)c2csc(N)n2)C(=O)N1S(=O)(=O)O,12.562141912320484,12.562141912320484,0.0349535856009066,-4.756268639419342,0.174788224513646,20.5,435.44000000000017,418.30400000000014,435.051854504,154,0,0.3620751467724121,-0.4782270320177159,0.4782270320177159,0.3620751467724121,1.4642857142857142,2.071428571428572,2.5,32.24529764273617,10.00401161573638,2.513331128805475,-2.416338874010568,2.230948535260857,-2.707807208919476,7.836563836647012,-0.1608446168429468,2.971847309732629,2.2592762983237704,953.8851353067348,21.43879310982592,14.8114553779692,16.444448539824652,12.752743308167698,7.578995896792942,9.855612118054724,6.221230582074894,8.399971119282888,3.730567932227123,5.414072402778615,2.1128455580549623,3.54351374163482,-2.78,690205.5939907836,21.519292322605008,7.325918985638601,4.204134383579708,162.59031069995737,20.994572059745856,11.735768823996422,10.843243482610037,5.601050810983688,11.814359458703011,16.27347016397548,14.141824241834009,14.083731696315263,8.417796984328938,11.336785877934735,5.15571272675054,20.771211599071872,5.380062770465915,6.041840829147961,37.29827438881211,50.26785898322327,0.0,14.605983116249774,5.15571272675054,38.455944068351485,5.733667477162185,11.073990765314376,0.0,0.0,11.050456081168516,5.131558479839333,0.0,11.336785877934735,68.54635098380861,29.525365011975733,0.0,26.46513959392033,10.535775497216456,0.0,0.0,0.0,201.58,51.4842470947288,22.801408536544404,0.0,15.130702465984026,0.0,11.336785877934735,26.151274369537788,0.0,0.0,15.456479851704078,20.23053332942989,31.44978820569469,0.9796905422586336,44.39737831563419,16.334751159546904,3.256457088644816,-3.375611656986792,-2.3123389733980013,0.0,3.692820624691566,-4.756268639419342,0.4615384615384615,28,5,13,0,1,1,0,1,1,10,4,15,7,0,1,1,2,-1.172499999999998,95.65050000000004,1,0,0,1,0,1,0,0,1,1,3,2,0,0,0,3,1,1,0,0,0,0,0,0,0,0,0,2,0,1,0,0,0,0,0,0,0,0,0,0,0,0,0,0,0,0,0,0,0,0,0,0,0,1,0,0,0,0,0,0,0,0,0,1,0,0,0,0,0,0,0,0,0,0,0,0,0,0,0,0,1,0,0,0,0,562.0,Escherichia coli,Bacteria
116427,,10848835,CHEMBL2019523,Antimicrobial activity against CTX-M-positive extended spectrum beta-lactamase-producing Escherichia coli,F,BAO_0000179,BAO_0000218,organism-based format,C[C@H]1[C@H](NC(=O)/C(=N\OC(C)(C)C(=O)O)c2csc(N)n2)C(=O)N1S(=O)(=O)O,CHEMBL2016521,ACS Med Chem Lett,2011.0,CHEMBL158,AZTREONAM,CHEMBL158,0,http://www.openphacts.org/units/MicrogramPerMilliliter,1634337,>,1,1,>,MIC90,ug.mL-1,64.0,CHEMBL354,Escherichia coli,Escherichia coli,562.0,,MIC90,ug ml-1,UO_0000274,64.0,CHEMBL158,C[C@H]1[C@H](NC(=O)/C(=N\OC(C)(C)C(=O)O)c2csc(N)n2)C(=O)N1S(=O)(=O)O,12.562141912320484,12.562141912320484,0.0349535856009066,-4.756268639419342,0.174788224513646,20.5,435.44000000000017,418.30400000000014,435.051854504,154,0,0.3620751467724121,-0.4782270320177159,0.4782270320177159,0.3620751467724121,1.4642857142857142,2.071428571428572,2.5,32.24529764273617,10.00401161573638,2.513331128805475,-2.416338874010568,2.230948535260857,-2.707807208919476,7.836563836647012,-0.1608446168429468,2.971847309732629,2.2592762983237704,953.8851353067348,21.43879310982592,14.8114553779692,16.444448539824652,12.752743308167698,7.578995896792942,9.855612118054724,6.221230582074894,8.399971119282888,3.730567932227123,5.414072402778615,2.1128455580549623,3.54351374163482,-2.78,690205.5939907836,21.519292322605008,7.325918985638601,4.204134383579708,162.59031069995737,20.994572059745856,11.735768823996422,10.843243482610037,5.601050810983688,11.814359458703011,16.27347016397548,14.141824241834009,14.083731696315263,8.417796984328938,11.336785877934735,5.15571272675054,20.771211599071872,5.380062770465915,6.041840829147961,37.29827438881211,50.26785898322327,0.0,14.605983116249774,5.15571272675054,38.455944068351485,5.733667477162185,11.073990765314376,0.0,0.0,11.050456081168516,5.131558479839333,0.0,11.336785877934735,68.54635098380861,29.525365011975733,0.0,26.46513959392033,10.535775497216456,0.0,0.0,0.0,201.58,51.4842470947288,22.801408536544404,0.0,15.130702465984026,0.0,11.336785877934735,26.151274369537788,0.0,0.0,15.456479851704078,20.23053332942989,31.44978820569469,0.9796905422586336,44.39737831563419,16.334751159546904,3.256457088644816,-3.375611656986792,-2.3123389733980013,0.0,3.692820624691566,-4.756268639419342,0.4615384615384615,28,5,13,0,1,1,0,1,1,10,4,15,7,0,1,1,2,-1.172499999999998,95.65050000000004,1,0,0,1,0,1,0,0,1,1,3,2,0,0,0,3,1,1,0,0,0,0,0,0,0,0,0,2,0,1,0,0,0,0,0,0,0,0,0,0,0,0,0,0,0,0,0,0,0,0,0,0,0,1,0,0,0,0,0,0,0,0,0,1,0,0,0,0,0,0,0,0,0,0,0,0,0,0,0,0,1,0,0,0,0,562.0,Escherichia coli,Bacteria
116427,,10848835,CHEMBL2019523,Antimicrobial activity against CTX-M-positive extended spectrum beta-lactamase-producing Escherichia coli,F,BAO_0000179,BAO_0000218,organism-based format,C[C@H]1[C@H](NC(=O)/C(=N\OC(C)(C)C(=O)O)c2csc(N)n2)C(=O)N1S(=O)(=O)O,CHEMBL2016521,ACS Med Chem Lett,2011.0,CHEMBL158,AZTREONAM,CHEMBL158,0,http://www.openphacts.org/units/MicrogramPerMilliliter,1634337,>,1,1,>,MIC90,ug.mL-1,64.0,CHEMBL354,Escherichia coli,Escherichia coli,562.0,,MIC90,ug ml-1,UO_0000274,64.0,CHEMBL158,C[C@H]1[C@H](NC(=O)/C(=N\OC(C)(C)C(=O)O)c2csc(N)n2)C(=O)N1S(=O)(=O)O,12.562141912320484,12.562141912320484,0.0349535856009066,-4.756268639419342,0.174788224513646,20.5,435.44000000000017,418.30400000000014,435.051854504,154,0,0.3620751467724121,-0.4782270320177159,0.4782270320177159,0.3620751467724121,1.4642857142857142,2.071428571428572,2.5,32.24529764273617,10.00401161573638,2.513331128805475,-2.416338874010568,2.230948535260857,-2.707807208919476,7.836563836647012,-0.1608446168429468,2.971847309732629,2.2592762983237704,953.8851353067348,21.43879310982592,14.8114553779692,16.444448539824652,12.752743308167698,7.578995896792942,9.855612118054724,6.221230582074894,8.399971119282888,3.730567932227123,5.414072402778615,2.1128455580549623,3.54351374163482,-2.78,690205.5939907836,21.519292322605008,7.325918985638601,4.204134383579708,162.59031069995737,20.994572059745856,11.735768823996422,10.843243482610037,5.601050810983688,11.814359458703011,16.27347016397548,14.141824241834009,14.083731696315263,8.417796984328938,11.336785877934735,5.15571272675054,20.771211599071872,5.380062770465915,6.041840829147961,37.29827438881211,50.26785898322327,0.0,14.605983116249774,5.15571272675054,38.455944068351485,5.733667477162185,11.073990765314376,0.0,0.0,11.050456081168516,5.131558479839333,0.0,11.336785877934735,68.54635098380861,29.525365011975733,0.0,26.46513959392033,10.535775497216456,0.0,0.0,0.0,201.58,51.4842470947288,22.801408536544404,0.0,15.130702465984026,0.0,11.336785877934735,26.151274369537788,0.0,0.0,15.456479851704078,20.23053332942989,31.44978820569469,0.9796905422586336,44.39737831563419,16.334751159546904,3.256457088644816,-3.375611656986792,-2.3123389733980013,0.0,3.692820624691566,-4.756268639419342,0.4615384615384615,28,5,13,0,1,1,0,1,1,10,4,15,7,0,1,1,2,-1.172499999999998,95.65050000000004,1,0,0,1,0,1,0,0,1,1,3,2,0,0,0,3,1,1,0,0,0,0,0,0,0,0,0,2,0,1,0,0,0,0,0,0,0,0,0,0,0,0,0,0,0,0,0,0,0,0,0,0,0,1,0,0,0,0,0,0,0,0,0,1,0,0,0,0,0,0,0,0,0,0,0,0,0,0,0,0,1,0,0,0,0,562.0,Escherichia coli,Bacteria
116428,,10848838,CHEMBL2019524,Antimicrobial activity against Escherichia coli clinical isolate,F,BAO_0003035,BAO_0000218,organism-based format,C[C@H]1[C@H](NC(=O)/C(=N\OC(C)(C)C(=O)O)c2csc(N)n2)C(=O)N1S(=O)(=O)O,CHEMBL2016521,ACS Med Chem Lett,2011.0,CHEMBL158,AZTREONAM,CHEMBL158,0,http://www.openphacts.org/units/MicrogramPerMilliliter,1634337,=,1,1,=,MIC50,ug.mL-1,1.0,CHEMBL354,Escherichia coli,Escherichia coli,562.0,,MIC50,ug ml-1,UO_0000274,1.0,CHEMBL158,C[C@H]1[C@H](NC(=O)/C(=N\OC(C)(C)C(=O)O)c2csc(N)n2)C(=O)N1S(=O)(=O)O,12.562141912320484,12.562141912320484,0.0349535856009066,-4.756268639419342,0.174788224513646,20.5,435.44000000000017,418.30400000000014,435.051854504,154,0,0.3620751467724121,-0.4782270320177159,0.4782270320177159,0.3620751467724121,1.4642857142857142,2.071428571428572,2.5,32.24529764273617,10.00401161573638,2.513331128805475,-2.416338874010568,2.230948535260857,-2.707807208919476,7.836563836647012,-0.1608446168429468,2.971847309732629,2.2592762983237704,953.8851353067348,21.43879310982592,14.8114553779692,16.444448539824652,12.752743308167698,7.578995896792942,9.855612118054724,6.221230582074894,8.399971119282888,3.730567932227123,5.414072402778615,2.1128455580549623,3.54351374163482,-2.78,690205.5939907836,21.519292322605008,7.325918985638601,4.204134383579708,162.59031069995737,20.994572059745856,11.735768823996422,10.843243482610037,5.601050810983688,11.814359458703011,16.27347016397548,14.141824241834009,14.083731696315263,8.417796984328938,11.336785877934735,5.15571272675054,20.771211599071872,5.380062770465915,6.041840829147961,37.29827438881211,50.26785898322327,0.0,14.605983116249774,5.15571272675054,38.455944068351485,5.733667477162185,11.073990765314376,0.0,0.0,11.050456081168516,5.131558479839333,0.0,11.336785877934735,68.54635098380861,29.525365011975733,0.0,26.46513959392033,10.535775497216456,0.0,0.0,0.0,201.58,51.4842470947288,22.801408536544404,0.0,15.130702465984026,0.0,11.336785877934735,26.151274369537788,0.0,0.0,15.456479851704078,20.23053332942989,31.44978820569469,0.9796905422586336,44.39737831563419,16.334751159546904,3.256457088644816,-3.375611656986792,-2.3123389733980013,0.0,3.692820624691566,-4.756268639419342,0.4615384615384615,28,5,13,0,1,1,0,1,1,10,4,15,7,0,1,1,2,-1.172499999999998,95.65050000000004,1,0,0,1,0,1,0,0,1,1,3,2,0,0,0,3,1,1,0,0,0,0,0,0,0,0,0,2,0,1,0,0,0,0,0,0,0,0,0,0,0,0,0,0,0,0,0,0,0,0,0,0,0,1,0,0,0,0,0,0,0,0,0,1,0,0,0,0,0,0,0,0,0,0,0,0,0,0,0,0,1,0,0,0,0,562.0,Escherichia coli,Bacteria
116428,,10848838,CHEMBL2019524,Antimicrobial activity against Escherichia coli clinical isolate,F,BAO_0003035,BAO_0000218,organism-based format,C[C@H]1[C@H](NC(=O)/C(=N\OC(C)(C)C(=O)O)c2csc(N)n2)C(=O)N1S(=O)(=O)O,CHEMBL2016521,ACS Med Chem Lett,2011.0,CHEMBL158,AZTREONAM,CHEMBL158,0,http://www.openphacts.org/units/MicrogramPerMilliliter,1634337,=,1,1,=,MIC50,ug.mL-1,1.0,CHEMBL354,Escherichia coli,Escherichia coli,562.0,,MIC50,ug ml-1,UO_0000274,1.0,CHEMBL158,C[C@H]1[C@H](NC(=O)/C(=N\OC(C)(C)C(=O)O)c2csc(N)n2)C(=O)N1S(=O)(=O)O,12.562141912320484,12.562141912320484,0.0349535856009066,-4.756268639419342,0.174788224513646,20.5,435.44000000000017,418.30400000000014,435.051854504,154,0,0.3620751467724121,-0.4782270320177159,0.4782270320177159,0.3620751467724121,1.4642857142857142,2.071428571428572,2.5,32.24529764273617,10.00401161573638,2.513331128805475,-2.416338874010568,2.230948535260857,-2.707807208919476,7.836563836647012,-0.1608446168429468,2.971847309732629,2.2592762983237704,953.8851353067348,21.43879310982592,14.8114553779692,16.444448539824652,12.752743308167698,7.578995896792942,9.855612118054724,6.221230582074894,8.399971119282888,3.730567932227123,5.414072402778615,2.1128455580549623,3.54351374163482,-2.78,690205.5939907836,21.519292322605008,7.325918985638601,4.204134383579708,162.59031069995737,20.994572059745856,11.735768823996422,10.843243482610037,5.601050810983688,11.814359458703011,16.27347016397548,14.141824241834009,14.083731696315263,8.417796984328938,11.336785877934735,5.15571272675054,20.771211599071872,5.380062770465915,6.041840829147961,37.29827438881211,50.26785898322327,0.0,14.605983116249774,5.15571272675054,38.455944068351485,5.733667477162185,11.073990765314376,0.0,0.0,11.050456081168516,5.131558479839333,0.0,11.336785877934735,68.54635098380861,29.525365011975733,0.0,26.46513959392033,10.535775497216456,0.0,0.0,0.0,201.58,51.4842470947288,22.801408536544404,0.0,15.130702465984026,0.0,11.336785877934735,26.151274369537788,0.0,0.0,15.456479851704078,20.23053332942989,31.44978820569469,0.9796905422586336,44.39737831563419,16.334751159546904,3.256457088644816,-3.375611656986792,-2.3123389733980013,0.0,3.692820624691566,-4.756268639419342,0.4615384615384615,28,5,13,0,1,1,0,1,1,10,4,15,7,0,1,1,2,-1.172499999999998,95.65050000000004,1,0,0,1,0,1,0,0,1,1,3,2,0,0,0,3,1,1,0,0,0,0,0,0,0,0,0,2,0,1,0,0,0,0,0,0,0,0,0,0,0,0,0,0,0,0,0,0,0,0,0,0,0,1,0,0,0,0,0,0,0,0,0,1,0,0,0,0,0,0,0,0,0,0,0,0,0,0,0,0,1,0,0,0,0,562.0,Escherichia coli,Bacteria
116428,,10848838,CHEMBL2019524,Antimicrobial activity against Escherichia coli clinical isolate,F,BAO_0003035,BAO_0000218,organism-based format,C[C@H]1[C@H](NC(=O)/C(=N\OC(C)(C)C(=O)O)c2csc(N)n2)C(=O)N1S(=O)(=O)O,CHEMBL2016521,ACS Med Chem Lett,2011.0,CHEMBL158,AZTREONAM,CHEMBL158,0,http://www.openphacts.org/units/MicrogramPerMilliliter,1634337,=,1,1,=,MIC50,ug.mL-1,1.0,CHEMBL354,Escherichia coli,Escherichia coli,562.0,,MIC50,ug ml-1,UO_0000274,1.0,CHEMBL158,C[C@H]1[C@H](NC(=O)/C(=N\OC(C)(C)C(=O)O)c2csc(N)n2)C(=O)N1S(=O)(=O)O,12.562141912320484,12.562141912320484,0.0349535856009066,-4.756268639419342,0.174788224513646,20.5,435.44000000000017,418.30400000000014,435.051854504,154,0,0.3620751467724121,-0.4782270320177159,0.4782270320177159,0.3620751467724121,1.4642857142857142,2.071428571428572,2.5,32.24529764273617,10.00401161573638,2.513331128805475,-2.416338874010568,2.230948535260857,-2.707807208919476,7.836563836647012,-0.1608446168429468,2.971847309732629,2.2592762983237704,953.8851353067348,21.43879310982592,14.8114553779692,16.444448539824652,12.752743308167698,7.578995896792942,9.855612118054724,6.221230582074894,8.399971119282888,3.730567932227123,5.414072402778615,2.1128455580549623,3.54351374163482,-2.78,690205.5939907836,21.519292322605008,7.325918985638601,4.204134383579708,162.59031069995737,20.994572059745856,11.735768823996422,10.843243482610037,5.601050810983688,11.814359458703011,16.27347016397548,14.141824241834009,14.083731696315263,8.417796984328938,11.336785877934735,5.15571272675054,20.771211599071872,5.380062770465915,6.041840829147961,37.29827438881211,50.26785898322327,0.0,14.605983116249774,5.15571272675054,38.455944068351485,5.733667477162185,11.073990765314376,0.0,0.0,11.050456081168516,5.131558479839333,0.0,11.336785877934735,68.54635098380861,29.525365011975733,0.0,26.46513959392033,10.535775497216456,0.0,0.0,0.0,201.58,51.4842470947288,22.801408536544404,0.0,15.130702465984026,0.0,11.336785877934735,26.151274369537788,0.0,0.0,15.456479851704078,20.23053332942989,31.44978820569469,0.9796905422586336,44.39737831563419,16.334751159546904,3.256457088644816,-3.375611656986792,-2.3123389733980013,0.0,3.692820624691566,-4.756268639419342,0.4615384615384615,28,5,13,0,1,1,0,1,1,10,4,15,7,0,1,1,2,-1.172499999999998,95.65050000000004,1,0,0,1,0,1,0,0,1,1,3,2,0,0,0,3,1,1,0,0,0,0,0,0,0,0,0,2,0,1,0,0,0,0,0,0,0,0,0,0,0,0,0,0,0,0,0,0,0,0,0,0,0,1,0,0,0,0,0,0,0,0,0,1,0,0,0,0,0,0,0,0,0,0,0,0,0,0,0,0,1,0,0,0,0,562.0,Escherichia coli,Bacteria
116428,,10848838,CHEMBL2019524,Antimicrobial activity against Escherichia coli clinical isolate,F,BAO_0003035,BAO_0000218,organism-based format,C[C@H]1[C@H](NC(=O)/C(=N\OC(C)(C)C(=O)O)c2csc(N)n2)C(=O)N1S(=O)(=O)O,CHEMBL2016521,ACS Med Chem Lett,2011.0,CHEMBL158,AZTREONAM,CHEMBL158,0,http://www.openphacts.org/units/MicrogramPerMilliliter,1634337,=,1,1,=,MIC50,ug.mL-1,1.0,CHEMBL354,Escherichia coli,Escherichia coli,562.0,,MIC50,ug ml-1,UO_0000274,1.0,CHEMBL158,C[C@H]1[C@H](NC(=O)/C(=N\OC(C)(C)C(=O)O)c2csc(N)n2)C(=O)N1S(=O)(=O)O,12.562141912320484,12.562141912320484,0.0349535856009066,-4.756268639419342,0.174788224513646,20.5,435.44000000000017,418.30400000000014,435.051854504,154,0,0.3620751467724121,-0.4782270320177159,0.4782270320177159,0.3620751467724121,1.4642857142857142,2.071428571428572,2.5,32.24529764273617,10.00401161573638,2.513331128805475,-2.416338874010568,2.230948535260857,-2.707807208919476,7.836563836647012,-0.1608446168429468,2.971847309732629,2.2592762983237704,953.8851353067348,21.43879310982592,14.8114553779692,16.444448539824652,12.752743308167698,7.578995896792942,9.855612118054724,6.221230582074894,8.399971119282888,3.730567932227123,5.414072402778615,2.1128455580549623,3.54351374163482,-2.78,690205.5939907836,21.519292322605008,7.325918985638601,4.204134383579708,162.59031069995737,20.994572059745856,11.735768823996422,10.843243482610037,5.601050810983688,11.814359458703011,16.27347016397548,14.141824241834009,14.083731696315263,8.417796984328938,11.336785877934735,5.15571272675054,20.771211599071872,5.380062770465915,6.041840829147961,37.29827438881211,50.26785898322327,0.0,14.605983116249774,5.15571272675054,38.455944068351485,5.733667477162185,11.073990765314376,0.0,0.0,11.050456081168516,5.131558479839333,0.0,11.336785877934735,68.54635098380861,29.525365011975733,0.0,26.46513959392033,10.535775497216456,0.0,0.0,0.0,201.58,51.4842470947288,22.801408536544404,0.0,15.130702465984026,0.0,11.336785877934735,26.151274369537788,0.0,0.0,15.456479851704078,20.23053332942989,31.44978820569469,0.9796905422586336,44.39737831563419,16.334751159546904,3.256457088644816,-3.375611656986792,-2.3123389733980013,0.0,3.692820624691566,-4.756268639419342,0.4615384615384615,28,5,13,0,1,1,0,1,1,10,4,15,7,0,1,1,2,-1.172499999999998,95.65050000000004,1,0,0,1,0,1,0,0,1,1,3,2,0,0,0,3,1,1,0,0,0,0,0,0,0,0,0,2,0,1,0,0,0,0,0,0,0,0,0,0,0,0,0,0,0,0,0,0,0,0,0,0,0,1,0,0,0,0,0,0,0,0,0,1,0,0,0,0,0,0,0,0,0,0,0,0,0,0,0,0,1,0,0,0,0,562.0,Escherichia coli,Bacteria
116429,,10848841,CHEMBL2019524,Antimicrobial activity against Escherichia coli clinical isolate,F,BAO_0000179,BAO_0000218,organism-based format,C[C@H]1[C@H](NC(=O)/C(=N\OC(C)(C)C(=O)O)c2csc(N)n2)C(=O)N1S(=O)(=O)O,CHEMBL2016521,ACS Med Chem Lett,2011.0,CHEMBL158,AZTREONAM,CHEMBL158,0,http://www.openphacts.org/units/MicrogramPerMilliliter,1634337,>,1,1,>,MIC90,ug.mL-1,64.0,CHEMBL354,Escherichia coli,Escherichia coli,562.0,,MIC90,ug ml-1,UO_0000274,64.0,CHEMBL158,C[C@H]1[C@H](NC(=O)/C(=N\OC(C)(C)C(=O)O)c2csc(N)n2)C(=O)N1S(=O)(=O)O,12.562141912320484,12.562141912320484,0.0349535856009066,-4.756268639419342,0.174788224513646,20.5,435.44000000000017,418.30400000000014,435.051854504,154,0,0.3620751467724121,-0.4782270320177159,0.4782270320177159,0.3620751467724121,1.4642857142857142,2.071428571428572,2.5,32.24529764273617,10.00401161573638,2.513331128805475,-2.416338874010568,2.230948535260857,-2.707807208919476,7.836563836647012,-0.1608446168429468,2.971847309732629,2.2592762983237704,953.8851353067348,21.43879310982592,14.8114553779692,16.444448539824652,12.752743308167698,7.578995896792942,9.855612118054724,6.221230582074894,8.399971119282888,3.730567932227123,5.414072402778615,2.1128455580549623,3.54351374163482,-2.78,690205.5939907836,21.519292322605008,7.325918985638601,4.204134383579708,162.59031069995737,20.994572059745856,11.735768823996422,10.843243482610037,5.601050810983688,11.814359458703011,16.27347016397548,14.141824241834009,14.083731696315263,8.417796984328938,11.336785877934735,5.15571272675054,20.771211599071872,5.380062770465915,6.041840829147961,37.29827438881211,50.26785898322327,0.0,14.605983116249774,5.15571272675054,38.455944068351485,5.733667477162185,11.073990765314376,0.0,0.0,11.050456081168516,5.131558479839333,0.0,11.336785877934735,68.54635098380861,29.525365011975733,0.0,26.46513959392033,10.535775497216456,0.0,0.0,0.0,201.58,51.4842470947288,22.801408536544404,0.0,15.130702465984026,0.0,11.336785877934735,26.151274369537788,0.0,0.0,15.456479851704078,20.23053332942989,31.44978820569469,0.9796905422586336,44.39737831563419,16.334751159546904,3.256457088644816,-3.375611656986792,-2.3123389733980013,0.0,3.692820624691566,-4.756268639419342,0.4615384615384615,28,5,13,0,1,1,0,1,1,10,4,15,7,0,1,1,2,-1.172499999999998,95.65050000000004,1,0,0,1,0,1,0,0,1,1,3,2,0,0,0,3,1,1,0,0,0,0,0,0,0,0,0,2,0,1,0,0,0,0,0,0,0,0,0,0,0,0,0,0,0,0,0,0,0,0,0,0,0,1,0,0,0,0,0,0,0,0,0,1,0,0,0,0,0,0,0,0,0,0,0,0,0,0,0,0,1,0,0,0,0,562.0,Escherichia coli,Bacteria
116429,,10848841,CHEMBL2019524,Antimicrobial activity against Escherichia coli clinical isolate,F,BAO_0000179,BAO_0000218,organism-based format,C[C@H]1[C@H](NC(=O)/C(=N\OC(C)(C)C(=O)O)c2csc(N)n2)C(=O)N1S(=O)(=O)O,CHEMBL2016521,ACS Med Chem Lett,2011.0,CHEMBL158,AZTREONAM,CHEMBL158,0,http://www.openphacts.org/units/MicrogramPerMilliliter,1634337,>,1,1,>,MIC90,ug.mL-1,64.0,CHEMBL354,Escherichia coli,Escherichia coli,562.0,,MIC90,ug ml-1,UO_0000274,64.0,CHEMBL158,C[C@H]1[C@H](NC(=O)/C(=N\OC(C)(C)C(=O)O)c2csc(N)n2)C(=O)N1S(=O)(=O)O,12.562141912320484,12.562141912320484,0.0349535856009066,-4.756268639419342,0.174788224513646,20.5,435.44000000000017,418.30400000000014,435.051854504,154,0,0.3620751467724121,-0.4782270320177159,0.4782270320177159,0.3620751467724121,1.4642857142857142,2.071428571428572,2.5,32.24529764273617,10.00401161573638,2.513331128805475,-2.416338874010568,2.230948535260857,-2.707807208919476,7.836563836647012,-0.1608446168429468,2.971847309732629,2.2592762983237704,953.8851353067348,21.43879310982592,14.8114553779692,16.444448539824652,12.752743308167698,7.578995896792942,9.855612118054724,6.221230582074894,8.399971119282888,3.730567932227123,5.414072402778615,2.1128455580549623,3.54351374163482,-2.78,690205.5939907836,21.519292322605008,7.325918985638601,4.204134383579708,162.59031069995737,20.994572059745856,11.735768823996422,10.843243482610037,5.601050810983688,11.814359458703011,16.27347016397548,14.141824241834009,14.083731696315263,8.417796984328938,11.336785877934735,5.15571272675054,20.771211599071872,5.380062770465915,6.041840829147961,37.29827438881211,50.26785898322327,0.0,14.605983116249774,5.15571272675054,38.455944068351485,5.733667477162185,11.073990765314376,0.0,0.0,11.050456081168516,5.131558479839333,0.0,11.336785877934735,68.54635098380861,29.525365011975733,0.0,26.46513959392033,10.535775497216456,0.0,0.0,0.0,201.58,51.4842470947288,22.801408536544404,0.0,15.130702465984026,0.0,11.336785877934735,26.151274369537788,0.0,0.0,15.456479851704078,20.23053332942989,31.44978820569469,0.9796905422586336,44.39737831563419,16.334751159546904,3.256457088644816,-3.375611656986792,-2.3123389733980013,0.0,3.692820624691566,-4.756268639419342,0.4615384615384615,28,5,13,0,1,1,0,1,1,10,4,15,7,0,1,1,2,-1.172499999999998,95.65050000000004,1,0,0,1,0,1,0,0,1,1,3,2,0,0,0,3,1,1,0,0,0,0,0,0,0,0,0,2,0,1,0,0,0,0,0,0,0,0,0,0,0,0,0,0,0,0,0,0,0,0,0,0,0,1,0,0,0,0,0,0,0,0,0,1,0,0,0,0,0,0,0,0,0,0,0,0,0,0,0,0,1,0,0,0,0,562.0,Escherichia coli,Bacteria
116429,,10848841,CHEMBL2019524,Antimicrobial activity against Escherichia coli clinical isolate,F,BAO_0000179,BAO_0000218,organism-based format,C[C@H]1[C@H](NC(=O)/C(=N\OC(C)(C)C(=O)O)c2csc(N)n2)C(=O)N1S(=O)(=O)O,CHEMBL2016521,ACS Med Chem Lett,2011.0,CHEMBL158,AZTREONAM,CHEMBL158,0,http://www.openphacts.org/units/MicrogramPerMilliliter,1634337,>,1,1,>,MIC90,ug.mL-1,64.0,CHEMBL354,Escherichia coli,Escherichia coli,562.0,,MIC90,ug ml-1,UO_0000274,64.0,CHEMBL158,C[C@H]1[C@H](NC(=O)/C(=N\OC(C)(C)C(=O)O)c2csc(N)n2)C(=O)N1S(=O)(=O)O,12.562141912320484,12.562141912320484,0.0349535856009066,-4.756268639419342,0.174788224513646,20.5,435.44000000000017,418.30400000000014,435.051854504,154,0,0.3620751467724121,-0.4782270320177159,0.4782270320177159,0.3620751467724121,1.4642857142857142,2.071428571428572,2.5,32.24529764273617,10.00401161573638,2.513331128805475,-2.416338874010568,2.230948535260857,-2.707807208919476,7.836563836647012,-0.1608446168429468,2.971847309732629,2.2592762983237704,953.8851353067348,21.43879310982592,14.8114553779692,16.444448539824652,12.752743308167698,7.578995896792942,9.855612118054724,6.221230582074894,8.399971119282888,3.730567932227123,5.414072402778615,2.1128455580549623,3.54351374163482,-2.78,690205.5939907836,21.519292322605008,7.325918985638601,4.204134383579708,162.59031069995737,20.994572059745856,11.735768823996422,10.843243482610037,5.601050810983688,11.814359458703011,16.27347016397548,14.141824241834009,14.083731696315263,8.417796984328938,11.336785877934735,5.15571272675054,20.771211599071872,5.380062770465915,6.041840829147961,37.29827438881211,50.26785898322327,0.0,14.605983116249774,5.15571272675054,38.455944068351485,5.733667477162185,11.073990765314376,0.0,0.0,11.050456081168516,5.131558479839333,0.0,11.336785877934735,68.54635098380861,29.525365011975733,0.0,26.46513959392033,10.535775497216456,0.0,0.0,0.0,201.58,51.4842470947288,22.801408536544404,0.0,15.130702465984026,0.0,11.336785877934735,26.151274369537788,0.0,0.0,15.456479851704078,20.23053332942989,31.44978820569469,0.9796905422586336,44.39737831563419,16.334751159546904,3.256457088644816,-3.375611656986792,-2.3123389733980013,0.0,3.692820624691566,-4.756268639419342,0.4615384615384615,28,5,13,0,1,1,0,1,1,10,4,15,7,0,1,1,2,-1.172499999999998,95.65050000000004,1,0,0,1,0,1,0,0,1,1,3,2,0,0,0,3,1,1,0,0,0,0,0,0,0,0,0,2,0,1,0,0,0,0,0,0,0,0,0,0,0,0,0,0,0,0,0,0,0,0,0,0,0,1,0,0,0,0,0,0,0,0,0,1,0,0,0,0,0,0,0,0,0,0,0,0,0,0,0,0,1,0,0,0,0,562.0,Escherichia coli,Bacteria
116429,,10848841,CHEMBL2019524,Antimicrobial activity against Escherichia coli clinical isolate,F,BAO_0000179,BAO_0000218,organism-based format,C[C@H]1[C@H](NC(=O)/C(=N\OC(C)(C)C(=O)O)c2csc(N)n2)C(=O)N1S(=O)(=O)O,CHEMBL2016521,ACS Med Chem Lett,2011.0,CHEMBL158,AZTREONAM,CHEMBL158,0,http://www.openphacts.org/units/MicrogramPerMilliliter,1634337,>,1,1,>,MIC90,ug.mL-1,64.0,CHEMBL354,Escherichia coli,Escherichia coli,562.0,,MIC90,ug ml-1,UO_0000274,64.0,CHEMBL158,C[C@H]1[C@H](NC(=O)/C(=N\OC(C)(C)C(=O)O)c2csc(N)n2)C(=O)N1S(=O)(=O)O,12.562141912320484,12.562141912320484,0.0349535856009066,-4.756268639419342,0.174788224513646,20.5,435.44000000000017,418.30400000000014,435.051854504,154,0,0.3620751467724121,-0.4782270320177159,0.4782270320177159,0.3620751467724121,1.4642857142857142,2.071428571428572,2.5,32.24529764273617,10.00401161573638,2.513331128805475,-2.416338874010568,2.230948535260857,-2.707807208919476,7.836563836647012,-0.1608446168429468,2.971847309732629,2.2592762983237704,953.8851353067348,21.43879310982592,14.8114553779692,16.444448539824652,12.752743308167698,7.578995896792942,9.855612118054724,6.221230582074894,8.399971119282888,3.730567932227123,5.414072402778615,2.1128455580549623,3.54351374163482,-2.78,690205.5939907836,21.519292322605008,7.325918985638601,4.204134383579708,162.59031069995737,20.994572059745856,11.735768823996422,10.843243482610037,5.601050810983688,11.814359458703011,16.27347016397548,14.141824241834009,14.083731696315263,8.417796984328938,11.336785877934735,5.15571272675054,20.771211599071872,5.380062770465915,6.041840829147961,37.29827438881211,50.26785898322327,0.0,14.605983116249774,5.15571272675054,38.455944068351485,5.733667477162185,11.073990765314376,0.0,0.0,11.050456081168516,5.131558479839333,0.0,11.336785877934735,68.54635098380861,29.525365011975733,0.0,26.46513959392033,10.535775497216456,0.0,0.0,0.0,201.58,51.4842470947288,22.801408536544404,0.0,15.130702465984026,0.0,11.336785877934735,26.151274369537788,0.0,0.0,15.456479851704078,20.23053332942989,31.44978820569469,0.9796905422586336,44.39737831563419,16.334751159546904,3.256457088644816,-3.375611656986792,-2.3123389733980013,0.0,3.692820624691566,-4.756268639419342,0.4615384615384615,28,5,13,0,1,1,0,1,1,10,4,15,7,0,1,1,2,-1.172499999999998,95.65050000000004,1,0,0,1,0,1,0,0,1,1,3,2,0,0,0,3,1,1,0,0,0,0,0,0,0,0,0,2,0,1,0,0,0,0,0,0,0,0,0,0,0,0,0,0,0,0,0,0,0,0,0,0,0,1,0,0,0,0,0,0,0,0,0,1,0,0,0,0,0,0,0,0,0,0,0,0,0,0,0,0,1,0,0,0,0,562.0,Escherichia coli,Bacteria
116430,,10848844,CHEMBL2019525,Antimicrobial activity against extended spectrum beta-lactamase-producing Klebsiella pneumoniae,F,BAO_0003035,BAO_0000218,organism-based format,C[C@H]1[C@H](NC(=O)/C(=N\OC(C)(C)C(=O)O)c2csc(N)n2)C(=O)N1S(=O)(=O)O,CHEMBL2016521,ACS Med Chem Lett,2011.0,CHEMBL158,AZTREONAM,CHEMBL158,0,http://www.openphacts.org/units/MicrogramPerMilliliter,1634337,=,1,1,=,MIC50,ug.mL-1,64.0,CHEMBL350,Klebsiella pneumoniae,Klebsiella pneumoniae,573.0,,MIC50,ug ml-1,UO_0000274,64.0,CHEMBL158,C[C@H]1[C@H](NC(=O)/C(=N\OC(C)(C)C(=O)O)c2csc(N)n2)C(=O)N1S(=O)(=O)O,12.562141912320484,12.562141912320484,0.0349535856009066,-4.756268639419342,0.174788224513646,20.5,435.44000000000017,418.30400000000014,435.051854504,154,0,0.3620751467724121,-0.4782270320177159,0.4782270320177159,0.3620751467724121,1.4642857142857142,2.071428571428572,2.5,32.24529764273617,10.00401161573638,2.513331128805475,-2.416338874010568,2.230948535260857,-2.707807208919476,7.836563836647012,-0.1608446168429468,2.971847309732629,2.2592762983237704,953.8851353067348,21.43879310982592,14.8114553779692,16.444448539824652,12.752743308167698,7.578995896792942,9.855612118054724,6.221230582074894,8.399971119282888,3.730567932227123,5.414072402778615,2.1128455580549623,3.54351374163482,-2.78,690205.5939907836,21.519292322605008,7.325918985638601,4.204134383579708,162.59031069995737,20.994572059745856,11.735768823996422,10.843243482610037,5.601050810983688,11.814359458703011,16.27347016397548,14.141824241834009,14.083731696315263,8.417796984328938,11.336785877934735,5.15571272675054,20.771211599071872,5.380062770465915,6.041840829147961,37.29827438881211,50.26785898322327,0.0,14.605983116249774,5.15571272675054,38.455944068351485,5.733667477162185,11.073990765314376,0.0,0.0,11.050456081168516,5.131558479839333,0.0,11.336785877934735,68.54635098380861,29.525365011975733,0.0,26.46513959392033,10.535775497216456,0.0,0.0,0.0,201.58,51.4842470947288,22.801408536544404,0.0,15.130702465984026,0.0,11.336785877934735,26.151274369537788,0.0,0.0,15.456479851704078,20.23053332942989,31.44978820569469,0.9796905422586336,44.39737831563419,16.334751159546904,3.256457088644816,-3.375611656986792,-2.3123389733980013,0.0,3.692820624691566,-4.756268639419342,0.4615384615384615,28,5,13,0,1,1,0,1,1,10,4,15,7,0,1,1,2,-1.172499999999998,95.65050000000004,1,0,0,1,0,1,0,0,1,1,3,2,0,0,0,3,1,1,0,0,0,0,0,0,0,0,0,2,0,1,0,0,0,0,0,0,0,0,0,0,0,0,0,0,0,0,0,0,0,0,0,0,0,1,0,0,0,0,0,0,0,0,0,1,0,0,0,0,0,0,0,0,0,0,0,0,0,0,0,0,1,0,0,0,0,573.0,Klebsiella pneumoniae,Bacteria
116430,,10848844,CHEMBL2019525,Antimicrobial activity against extended spectrum beta-lactamase-producing Klebsiella pneumoniae,F,BAO_0003035,BAO_0000218,organism-based format,C[C@H]1[C@H](NC(=O)/C(=N\OC(C)(C)C(=O)O)c2csc(N)n2)C(=O)N1S(=O)(=O)O,CHEMBL2016521,ACS Med Chem Lett,2011.0,CHEMBL158,AZTREONAM,CHEMBL158,0,http://www.openphacts.org/units/MicrogramPerMilliliter,1634337,=,1,1,=,MIC50,ug.mL-1,64.0,CHEMBL350,Klebsiella pneumoniae,Klebsiella pneumoniae,573.0,,MIC50,ug ml-1,UO_0000274,64.0,CHEMBL158,C[C@H]1[C@H](NC(=O)/C(=N\OC(C)(C)C(=O)O)c2csc(N)n2)C(=O)N1S(=O)(=O)O,12.562141912320484,12.562141912320484,0.0349535856009066,-4.756268639419342,0.174788224513646,20.5,435.44000000000017,418.30400000000014,435.051854504,154,0,0.3620751467724121,-0.4782270320177159,0.4782270320177159,0.3620751467724121,1.4642857142857142,2.071428571428572,2.5,32.24529764273617,10.00401161573638,2.513331128805475,-2.416338874010568,2.230948535260857,-2.707807208919476,7.836563836647012,-0.1608446168429468,2.971847309732629,2.2592762983237704,953.8851353067348,21.43879310982592,14.8114553779692,16.444448539824652,12.752743308167698,7.578995896792942,9.855612118054724,6.221230582074894,8.399971119282888,3.730567932227123,5.414072402778615,2.1128455580549623,3.54351374163482,-2.78,690205.5939907836,21.519292322605008,7.325918985638601,4.204134383579708,162.59031069995737,20.994572059745856,11.735768823996422,10.843243482610037,5.601050810983688,11.814359458703011,16.27347016397548,14.141824241834009,14.083731696315263,8.417796984328938,11.336785877934735,5.15571272675054,20.771211599071872,5.380062770465915,6.041840829147961,37.29827438881211,50.26785898322327,0.0,14.605983116249774,5.15571272675054,38.455944068351485,5.733667477162185,11.073990765314376,0.0,0.0,11.050456081168516,5.131558479839333,0.0,11.336785877934735,68.54635098380861,29.525365011975733,0.0,26.46513959392033,10.535775497216456,0.0,0.0,0.0,201.58,51.4842470947288,22.801408536544404,0.0,15.130702465984026,0.0,11.336785877934735,26.151274369537788,0.0,0.0,15.456479851704078,20.23053332942989,31.44978820569469,0.9796905422586336,44.39737831563419,16.334751159546904,3.256457088644816,-3.375611656986792,-2.3123389733980013,0.0,3.692820624691566,-4.756268639419342,0.4615384615384615,28,5,13,0,1,1,0,1,1,10,4,15,7,0,1,1,2,-1.172499999999998,95.65050000000004,1,0,0,1,0,1,0,0,1,1,3,2,0,0,0,3,1,1,0,0,0,0,0,0,0,0,0,2,0,1,0,0,0,0,0,0,0,0,0,0,0,0,0,0,0,0,0,0,0,0,0,0,0,1,0,0,0,0,0,0,0,0,0,1,0,0,0,0,0,0,0,0,0,0,0,0,0,0,0,0,1,0,0,0,0,573.0,Klebsiella pneumoniae,Bacteria
116431,,10848847,CHEMBL2019525,Antimicrobial activity against extended spectrum beta-lactamase-producing Klebsiella pneumoniae,F,BAO_0000179,BAO_0000218,organism-based format,C[C@H]1[C@H](NC(=O)/C(=N\OC(C)(C)C(=O)O)c2csc(N)n2)C(=O)N1S(=O)(=O)O,CHEMBL2016521,ACS Med Chem Lett,2011.0,CHEMBL158,AZTREONAM,CHEMBL158,0,http://www.openphacts.org/units/MicrogramPerMilliliter,1634337,>,1,1,>,MIC90,ug.mL-1,64.0,CHEMBL350,Klebsiella pneumoniae,Klebsiella pneumoniae,573.0,,MIC90,ug ml-1,UO_0000274,64.0,CHEMBL158,C[C@H]1[C@H](NC(=O)/C(=N\OC(C)(C)C(=O)O)c2csc(N)n2)C(=O)N1S(=O)(=O)O,12.562141912320484,12.562141912320484,0.0349535856009066,-4.756268639419342,0.174788224513646,20.5,435.44000000000017,418.30400000000014,435.051854504,154,0,0.3620751467724121,-0.4782270320177159,0.4782270320177159,0.3620751467724121,1.4642857142857142,2.071428571428572,2.5,32.24529764273617,10.00401161573638,2.513331128805475,-2.416338874010568,2.230948535260857,-2.707807208919476,7.836563836647012,-0.1608446168429468,2.971847309732629,2.2592762983237704,953.8851353067348,21.43879310982592,14.8114553779692,16.444448539824652,12.752743308167698,7.578995896792942,9.855612118054724,6.221230582074894,8.399971119282888,3.730567932227123,5.414072402778615,2.1128455580549623,3.54351374163482,-2.78,690205.5939907836,21.519292322605008,7.325918985638601,4.204134383579708,162.59031069995737,20.994572059745856,11.735768823996422,10.843243482610037,5.601050810983688,11.814359458703011,16.27347016397548,14.141824241834009,14.083731696315263,8.417796984328938,11.336785877934735,5.15571272675054,20.771211599071872,5.380062770465915,6.041840829147961,37.29827438881211,50.26785898322327,0.0,14.605983116249774,5.15571272675054,38.455944068351485,5.733667477162185,11.073990765314376,0.0,0.0,11.050456081168516,5.131558479839333,0.0,11.336785877934735,68.54635098380861,29.525365011975733,0.0,26.46513959392033,10.535775497216456,0.0,0.0,0.0,201.58,51.4842470947288,22.801408536544404,0.0,15.130702465984026,0.0,11.336785877934735,26.151274369537788,0.0,0.0,15.456479851704078,20.23053332942989,31.44978820569469,0.9796905422586336,44.39737831563419,16.334751159546904,3.256457088644816,-3.375611656986792,-2.3123389733980013,0.0,3.692820624691566,-4.756268639419342,0.4615384615384615,28,5,13,0,1,1,0,1,1,10,4,15,7,0,1,1,2,-1.172499999999998,95.65050000000004,1,0,0,1,0,1,0,0,1,1,3,2,0,0,0,3,1,1,0,0,0,0,0,0,0,0,0,2,0,1,0,0,0,0,0,0,0,0,0,0,0,0,0,0,0,0,0,0,0,0,0,0,0,1,0,0,0,0,0,0,0,0,0,1,0,0,0,0,0,0,0,0,0,0,0,0,0,0,0,0,1,0,0,0,0,573.0,Klebsiella pneumoniae,Bacteria
116431,,10848847,CHEMBL2019525,Antimicrobial activity against extended spectrum beta-lactamase-producing Klebsiella pneumoniae,F,BAO_0000179,BAO_0000218,organism-based format,C[C@H]1[C@H](NC(=O)/C(=N\OC(C)(C)C(=O)O)c2csc(N)n2)C(=O)N1S(=O)(=O)O,CHEMBL2016521,ACS Med Chem Lett,2011.0,CHEMBL158,AZTREONAM,CHEMBL158,0,http://www.openphacts.org/units/MicrogramPerMilliliter,1634337,>,1,1,>,MIC90,ug.mL-1,64.0,CHEMBL350,Klebsiella pneumoniae,Klebsiella pneumoniae,573.0,,MIC90,ug ml-1,UO_0000274,64.0,CHEMBL158,C[C@H]1[C@H](NC(=O)/C(=N\OC(C)(C)C(=O)O)c2csc(N)n2)C(=O)N1S(=O)(=O)O,12.562141912320484,12.562141912320484,0.0349535856009066,-4.756268639419342,0.174788224513646,20.5,435.44000000000017,418.30400000000014,435.051854504,154,0,0.3620751467724121,-0.4782270320177159,0.4782270320177159,0.3620751467724121,1.4642857142857142,2.071428571428572,2.5,32.24529764273617,10.00401161573638,2.513331128805475,-2.416338874010568,2.230948535260857,-2.707807208919476,7.836563836647012,-0.1608446168429468,2.971847309732629,2.2592762983237704,953.8851353067348,21.43879310982592,14.8114553779692,16.444448539824652,12.752743308167698,7.578995896792942,9.855612118054724,6.221230582074894,8.399971119282888,3.730567932227123,5.414072402778615,2.1128455580549623,3.54351374163482,-2.78,690205.5939907836,21.519292322605008,7.325918985638601,4.204134383579708,162.59031069995737,20.994572059745856,11.735768823996422,10.843243482610037,5.601050810983688,11.814359458703011,16.27347016397548,14.141824241834009,14.083731696315263,8.417796984328938,11.336785877934735,5.15571272675054,20.771211599071872,5.380062770465915,6.041840829147961,37.29827438881211,50.26785898322327,0.0,14.605983116249774,5.15571272675054,38.455944068351485,5.733667477162185,11.073990765314376,0.0,0.0,11.050456081168516,5.131558479839333,0.0,11.336785877934735,68.54635098380861,29.525365011975733,0.0,26.46513959392033,10.535775497216456,0.0,0.0,0.0,201.58,51.4842470947288,22.801408536544404,0.0,15.130702465984026,0.0,11.336785877934735,26.151274369537788,0.0,0.0,15.456479851704078,20.23053332942989,31.44978820569469,0.9796905422586336,44.39737831563419,16.334751159546904,3.256457088644816,-3.375611656986792,-2.3123389733980013,0.0,3.692820624691566,-4.756268639419342,0.4615384615384615,28,5,13,0,1,1,0,1,1,10,4,15,7,0,1,1,2,-1.172499999999998,95.65050000000004,1,0,0,1,0,1,0,0,1,1,3,2,0,0,0,3,1,1,0,0,0,0,0,0,0,0,0,2,0,1,0,0,0,0,0,0,0,0,0,0,0,0,0,0,0,0,0,0,0,0,0,0,0,1,0,0,0,0,0,0,0,0,0,1,0,0,0,0,0,0,0,0,0,0,0,0,0,0,0,0,1,0,0,0,0,573.0,Klebsiella pneumoniae,Bacteria
116432,,10848850,CHEMBL2019526,Antimicrobial activity against Klebsiella pneumoniae clinical isolate,F,BAO_0003035,BAO_0000218,organism-based format,C[C@H]1[C@H](NC(=O)/C(=N\OC(C)(C)C(=O)O)c2csc(N)n2)C(=O)N1S(=O)(=O)O,CHEMBL2016521,ACS Med Chem Lett,2011.0,CHEMBL158,AZTREONAM,CHEMBL158,0,http://www.openphacts.org/units/MicrogramPerMilliliter,1634337,=,1,1,=,MIC50,ug.mL-1,64.0,CHEMBL350,Klebsiella pneumoniae,Klebsiella pneumoniae,573.0,,MIC50,ug ml-1,UO_0000274,64.0,CHEMBL158,C[C@H]1[C@H](NC(=O)/C(=N\OC(C)(C)C(=O)O)c2csc(N)n2)C(=O)N1S(=O)(=O)O,12.562141912320484,12.562141912320484,0.0349535856009066,-4.756268639419342,0.174788224513646,20.5,435.44000000000017,418.30400000000014,435.051854504,154,0,0.3620751467724121,-0.4782270320177159,0.4782270320177159,0.3620751467724121,1.4642857142857142,2.071428571428572,2.5,32.24529764273617,10.00401161573638,2.513331128805475,-2.416338874010568,2.230948535260857,-2.707807208919476,7.836563836647012,-0.1608446168429468,2.971847309732629,2.2592762983237704,953.8851353067348,21.43879310982592,14.8114553779692,16.444448539824652,12.752743308167698,7.578995896792942,9.855612118054724,6.221230582074894,8.399971119282888,3.730567932227123,5.414072402778615,2.1128455580549623,3.54351374163482,-2.78,690205.5939907836,21.519292322605008,7.325918985638601,4.204134383579708,162.59031069995737,20.994572059745856,11.735768823996422,10.843243482610037,5.601050810983688,11.814359458703011,16.27347016397548,14.141824241834009,14.083731696315263,8.417796984328938,11.336785877934735,5.15571272675054,20.771211599071872,5.380062770465915,6.041840829147961,37.29827438881211,50.26785898322327,0.0,14.605983116249774,5.15571272675054,38.455944068351485,5.733667477162185,11.073990765314376,0.0,0.0,11.050456081168516,5.131558479839333,0.0,11.336785877934735,68.54635098380861,29.525365011975733,0.0,26.46513959392033,10.535775497216456,0.0,0.0,0.0,201.58,51.4842470947288,22.801408536544404,0.0,15.130702465984026,0.0,11.336785877934735,26.151274369537788,0.0,0.0,15.456479851704078,20.23053332942989,31.44978820569469,0.9796905422586336,44.39737831563419,16.334751159546904,3.256457088644816,-3.375611656986792,-2.3123389733980013,0.0,3.692820624691566,-4.756268639419342,0.4615384615384615,28,5,13,0,1,1,0,1,1,10,4,15,7,0,1,1,2,-1.172499999999998,95.65050000000004,1,0,0,1,0,1,0,0,1,1,3,2,0,0,0,3,1,1,0,0,0,0,0,0,0,0,0,2,0,1,0,0,0,0,0,0,0,0,0,0,0,0,0,0,0,0,0,0,0,0,0,0,0,1,0,0,0,0,0,0,0,0,0,1,0,0,0,0,0,0,0,0,0,0,0,0,0,0,0,0,1,0,0,0,0,573.0,Klebsiella pneumoniae,Bacteria
116432,,10848850,CHEMBL2019526,Antimicrobial activity against Klebsiella pneumoniae clinical isolate,F,BAO_0003035,BAO_0000218,organism-based format,C[C@H]1[C@H](NC(=O)/C(=N\OC(C)(C)C(=O)O)c2csc(N)n2)C(=O)N1S(=O)(=O)O,CHEMBL2016521,ACS Med Chem Lett,2011.0,CHEMBL158,AZTREONAM,CHEMBL158,0,http://www.openphacts.org/units/MicrogramPerMilliliter,1634337,=,1,1,=,MIC50,ug.mL-1,64.0,CHEMBL350,Klebsiella pneumoniae,Klebsiella pneumoniae,573.0,,MIC50,ug ml-1,UO_0000274,64.0,CHEMBL158,C[C@H]1[C@H](NC(=O)/C(=N\OC(C)(C)C(=O)O)c2csc(N)n2)C(=O)N1S(=O)(=O)O,12.562141912320484,12.562141912320484,0.0349535856009066,-4.756268639419342,0.174788224513646,20.5,435.44000000000017,418.30400000000014,435.051854504,154,0,0.3620751467724121,-0.4782270320177159,0.4782270320177159,0.3620751467724121,1.4642857142857142,2.071428571428572,2.5,32.24529764273617,10.00401161573638,2.513331128805475,-2.416338874010568,2.230948535260857,-2.707807208919476,7.836563836647012,-0.1608446168429468,2.971847309732629,2.2592762983237704,953.8851353067348,21.43879310982592,14.8114553779692,16.444448539824652,12.752743308167698,7.578995896792942,9.855612118054724,6.221230582074894,8.399971119282888,3.730567932227123,5.414072402778615,2.1128455580549623,3.54351374163482,-2.78,690205.5939907836,21.519292322605008,7.325918985638601,4.204134383579708,162.59031069995737,20.994572059745856,11.735768823996422,10.843243482610037,5.601050810983688,11.814359458703011,16.27347016397548,14.141824241834009,14.083731696315263,8.417796984328938,11.336785877934735,5.15571272675054,20.771211599071872,5.380062770465915,6.041840829147961,37.29827438881211,50.26785898322327,0.0,14.605983116249774,5.15571272675054,38.455944068351485,5.733667477162185,11.073990765314376,0.0,0.0,11.050456081168516,5.131558479839333,0.0,11.336785877934735,68.54635098380861,29.525365011975733,0.0,26.46513959392033,10.535775497216456,0.0,0.0,0.0,201.58,51.4842470947288,22.801408536544404,0.0,15.130702465984026,0.0,11.336785877934735,26.151274369537788,0.0,0.0,15.456479851704078,20.23053332942989,31.44978820569469,0.9796905422586336,44.39737831563419,16.334751159546904,3.256457088644816,-3.375611656986792,-2.3123389733980013,0.0,3.692820624691566,-4.756268639419342,0.4615384615384615,28,5,13,0,1,1,0,1,1,10,4,15,7,0,1,1,2,-1.172499999999998,95.65050000000004,1,0,0,1,0,1,0,0,1,1,3,2,0,0,0,3,1,1,0,0,0,0,0,0,0,0,0,2,0,1,0,0,0,0,0,0,0,0,0,0,0,0,0,0,0,0,0,0,0,0,0,0,0,1,0,0,0,0,0,0,0,0,0,1,0,0,0,0,0,0,0,0,0,0,0,0,0,0,0,0,1,0,0,0,0,573.0,Klebsiella pneumoniae,Bacteria
116433,,10848853,CHEMBL2019526,Antimicrobial activity against Klebsiella pneumoniae clinical isolate,F,BAO_0000179,BAO_0000218,organism-based format,C[C@H]1[C@H](NC(=O)/C(=N\OC(C)(C)C(=O)O)c2csc(N)n2)C(=O)N1S(=O)(=O)O,CHEMBL2016521,ACS Med Chem Lett,2011.0,CHEMBL158,AZTREONAM,CHEMBL158,0,http://www.openphacts.org/units/MicrogramPerMilliliter,1634337,>,1,1,>,MIC90,ug.mL-1,64.0,CHEMBL350,Klebsiella pneumoniae,Klebsiella pneumoniae,573.0,,MIC90,ug ml-1,UO_0000274,64.0,CHEMBL158,C[C@H]1[C@H](NC(=O)/C(=N\OC(C)(C)C(=O)O)c2csc(N)n2)C(=O)N1S(=O)(=O)O,12.562141912320484,12.562141912320484,0.0349535856009066,-4.756268639419342,0.174788224513646,20.5,435.44000000000017,418.30400000000014,435.051854504,154,0,0.3620751467724121,-0.4782270320177159,0.4782270320177159,0.3620751467724121,1.4642857142857142,2.071428571428572,2.5,32.24529764273617,10.00401161573638,2.513331128805475,-2.416338874010568,2.230948535260857,-2.707807208919476,7.836563836647012,-0.1608446168429468,2.971847309732629,2.2592762983237704,953.8851353067348,21.43879310982592,14.8114553779692,16.444448539824652,12.752743308167698,7.578995896792942,9.855612118054724,6.221230582074894,8.399971119282888,3.730567932227123,5.414072402778615,2.1128455580549623,3.54351374163482,-2.78,690205.5939907836,21.519292322605008,7.325918985638601,4.204134383579708,162.59031069995737,20.994572059745856,11.735768823996422,10.843243482610037,5.601050810983688,11.814359458703011,16.27347016397548,14.141824241834009,14.083731696315263,8.417796984328938,11.336785877934735,5.15571272675054,20.771211599071872,5.380062770465915,6.041840829147961,37.29827438881211,50.26785898322327,0.0,14.605983116249774,5.15571272675054,38.455944068351485,5.733667477162185,11.073990765314376,0.0,0.0,11.050456081168516,5.131558479839333,0.0,11.336785877934735,68.54635098380861,29.525365011975733,0.0,26.46513959392033,10.535775497216456,0.0,0.0,0.0,201.58,51.4842470947288,22.801408536544404,0.0,15.130702465984026,0.0,11.336785877934735,26.151274369537788,0.0,0.0,15.456479851704078,20.23053332942989,31.44978820569469,0.9796905422586336,44.39737831563419,16.334751159546904,3.256457088644816,-3.375611656986792,-2.3123389733980013,0.0,3.692820624691566,-4.756268639419342,0.4615384615384615,28,5,13,0,1,1,0,1,1,10,4,15,7,0,1,1,2,-1.172499999999998,95.65050000000004,1,0,0,1,0,1,0,0,1,1,3,2,0,0,0,3,1,1,0,0,0,0,0,0,0,0,0,2,0,1,0,0,0,0,0,0,0,0,0,0,0,0,0,0,0,0,0,0,0,0,0,0,0,1,0,0,0,0,0,0,0,0,0,1,0,0,0,0,0,0,0,0,0,0,0,0,0,0,0,0,1,0,0,0,0,573.0,Klebsiella pneumoniae,Bacteria
116433,,10848853,CHEMBL2019526,Antimicrobial activity against Klebsiella pneumoniae clinical isolate,F,BAO_0000179,BAO_0000218,organism-based format,C[C@H]1[C@H](NC(=O)/C(=N\OC(C)(C)C(=O)O)c2csc(N)n2)C(=O)N1S(=O)(=O)O,CHEMBL2016521,ACS Med Chem Lett,2011.0,CHEMBL158,AZTREONAM,CHEMBL158,0,http://www.openphacts.org/units/MicrogramPerMilliliter,1634337,>,1,1,>,MIC90,ug.mL-1,64.0,CHEMBL350,Klebsiella pneumoniae,Klebsiella pneumoniae,573.0,,MIC90,ug ml-1,UO_0000274,64.0,CHEMBL158,C[C@H]1[C@H](NC(=O)/C(=N\OC(C)(C)C(=O)O)c2csc(N)n2)C(=O)N1S(=O)(=O)O,12.562141912320484,12.562141912320484,0.0349535856009066,-4.756268639419342,0.174788224513646,20.5,435.44000000000017,418.30400000000014,435.051854504,154,0,0.3620751467724121,-0.4782270320177159,0.4782270320177159,0.3620751467724121,1.4642857142857142,2.071428571428572,2.5,32.24529764273617,10.00401161573638,2.513331128805475,-2.416338874010568,2.230948535260857,-2.707807208919476,7.836563836647012,-0.1608446168429468,2.971847309732629,2.2592762983237704,953.8851353067348,21.43879310982592,14.8114553779692,16.444448539824652,12.752743308167698,7.578995896792942,9.855612118054724,6.221230582074894,8.399971119282888,3.730567932227123,5.414072402778615,2.1128455580549623,3.54351374163482,-2.78,690205.5939907836,21.519292322605008,7.325918985638601,4.204134383579708,162.59031069995737,20.994572059745856,11.735768823996422,10.843243482610037,5.601050810983688,11.814359458703011,16.27347016397548,14.141824241834009,14.083731696315263,8.417796984328938,11.336785877934735,5.15571272675054,20.771211599071872,5.380062770465915,6.041840829147961,37.29827438881211,50.26785898322327,0.0,14.605983116249774,5.15571272675054,38.455944068351485,5.733667477162185,11.073990765314376,0.0,0.0,11.050456081168516,5.131558479839333,0.0,11.336785877934735,68.54635098380861,29.525365011975733,0.0,26.46513959392033,10.535775497216456,0.0,0.0,0.0,201.58,51.4842470947288,22.801408536544404,0.0,15.130702465984026,0.0,11.336785877934735,26.151274369537788,0.0,0.0,15.456479851704078,20.23053332942989,31.44978820569469,0.9796905422586336,44.39737831563419,16.334751159546904,3.256457088644816,-3.375611656986792,-2.3123389733980013,0.0,3.692820624691566,-4.756268639419342,0.4615384615384615,28,5,13,0,1,1,0,1,1,10,4,15,7,0,1,1,2,-1.172499999999998,95.65050000000004,1,0,0,1,0,1,0,0,1,1,3,2,0,0,0,3,1,1,0,0,0,0,0,0,0,0,0,2,0,1,0,0,0,0,0,0,0,0,0,0,0,0,0,0,0,0,0,0,0,0,0,0,0,1,0,0,0,0,0,0,0,0,0,1,0,0,0,0,0,0,0,0,0,0,0,0,0,0,0,0,1,0,0,0,0,573.0,Klebsiella pneumoniae,Bacteria
116434,,10848856,CHEMBL2019522,Antibacterial activity against Pseudomonas aeruginosa cystic fibrosis isolate,F,BAO_0003035,BAO_0000218,organism-based format,C[C@H]1[C@H](NC(=O)/C(=N\OC(C)(C)C(=O)O)c2csc(N)n2)C(=O)N1S(=O)(=O)O,CHEMBL2016521,ACS Med Chem Lett,2011.0,CHEMBL158,AZTREONAM,CHEMBL158,0,http://www.openphacts.org/units/MicrogramPerMilliliter,1634337,=,1,1,=,MIC50,ug.mL-1,16.0,CHEMBL348,Pseudomonas aeruginosa,Pseudomonas aeruginosa,287.0,,MIC50,ug ml-1,UO_0000274,16.0,CHEMBL158,C[C@H]1[C@H](NC(=O)/C(=N\OC(C)(C)C(=O)O)c2csc(N)n2)C(=O)N1S(=O)(=O)O,12.562141912320484,12.562141912320484,0.0349535856009066,-4.756268639419342,0.174788224513646,20.5,435.44000000000017,418.30400000000014,435.051854504,154,0,0.3620751467724121,-0.4782270320177159,0.4782270320177159,0.3620751467724121,1.4642857142857142,2.071428571428572,2.5,32.24529764273617,10.00401161573638,2.513331128805475,-2.416338874010568,2.230948535260857,-2.707807208919476,7.836563836647012,-0.1608446168429468,2.971847309732629,2.2592762983237704,953.8851353067348,21.43879310982592,14.8114553779692,16.444448539824652,12.752743308167698,7.578995896792942,9.855612118054724,6.221230582074894,8.399971119282888,3.730567932227123,5.414072402778615,2.1128455580549623,3.54351374163482,-2.78,690205.5939907836,21.519292322605008,7.325918985638601,4.204134383579708,162.59031069995737,20.994572059745856,11.735768823996422,10.843243482610037,5.601050810983688,11.814359458703011,16.27347016397548,14.141824241834009,14.083731696315263,8.417796984328938,11.336785877934735,5.15571272675054,20.771211599071872,5.380062770465915,6.041840829147961,37.29827438881211,50.26785898322327,0.0,14.605983116249774,5.15571272675054,38.455944068351485,5.733667477162185,11.073990765314376,0.0,0.0,11.050456081168516,5.131558479839333,0.0,11.336785877934735,68.54635098380861,29.525365011975733,0.0,26.46513959392033,10.535775497216456,0.0,0.0,0.0,201.58,51.4842470947288,22.801408536544404,0.0,15.130702465984026,0.0,11.336785877934735,26.151274369537788,0.0,0.0,15.456479851704078,20.23053332942989,31.44978820569469,0.9796905422586336,44.39737831563419,16.334751159546904,3.256457088644816,-3.375611656986792,-2.3123389733980013,0.0,3.692820624691566,-4.756268639419342,0.4615384615384615,28,5,13,0,1,1,0,1,1,10,4,15,7,0,1,1,2,-1.172499999999998,95.65050000000004,1,0,0,1,0,1,0,0,1,1,3,2,0,0,0,3,1,1,0,0,0,0,0,0,0,0,0,2,0,1,0,0,0,0,0,0,0,0,0,0,0,0,0,0,0,0,0,0,0,0,0,0,0,1,0,0,0,0,0,0,0,0,0,1,0,0,0,0,0,0,0,0,0,0,0,0,0,0,0,0,1,0,0,0,0,287.0,Pseudomonas aeruginosa,Bacteria
116434,,10848856,CHEMBL2019522,Antibacterial activity against Pseudomonas aeruginosa cystic fibrosis isolate,F,BAO_0003035,BAO_0000218,organism-based format,C[C@H]1[C@H](NC(=O)/C(=N\OC(C)(C)C(=O)O)c2csc(N)n2)C(=O)N1S(=O)(=O)O,CHEMBL2016521,ACS Med Chem Lett,2011.0,CHEMBL158,AZTREONAM,CHEMBL158,0,http://www.openphacts.org/units/MicrogramPerMilliliter,1634337,=,1,1,=,MIC50,ug.mL-1,16.0,CHEMBL348,Pseudomonas aeruginosa,Pseudomonas aeruginosa,287.0,,MIC50,ug ml-1,UO_0000274,16.0,CHEMBL158,C[C@H]1[C@H](NC(=O)/C(=N\OC(C)(C)C(=O)O)c2csc(N)n2)C(=O)N1S(=O)(=O)O,12.562141912320484,12.562141912320484,0.0349535856009066,-4.756268639419342,0.174788224513646,20.5,435.44000000000017,418.30400000000014,435.051854504,154,0,0.3620751467724121,-0.4782270320177159,0.4782270320177159,0.3620751467724121,1.4642857142857142,2.071428571428572,2.5,32.24529764273617,10.00401161573638,2.513331128805475,-2.416338874010568,2.230948535260857,-2.707807208919476,7.836563836647012,-0.1608446168429468,2.971847309732629,2.2592762983237704,953.8851353067348,21.43879310982592,14.8114553779692,16.444448539824652,12.752743308167698,7.578995896792942,9.855612118054724,6.221230582074894,8.399971119282888,3.730567932227123,5.414072402778615,2.1128455580549623,3.54351374163482,-2.78,690205.5939907836,21.519292322605008,7.325918985638601,4.204134383579708,162.59031069995737,20.994572059745856,11.735768823996422,10.843243482610037,5.601050810983688,11.814359458703011,16.27347016397548,14.141824241834009,14.083731696315263,8.417796984328938,11.336785877934735,5.15571272675054,20.771211599071872,5.380062770465915,6.041840829147961,37.29827438881211,50.26785898322327,0.0,14.605983116249774,5.15571272675054,38.455944068351485,5.733667477162185,11.073990765314376,0.0,0.0,11.050456081168516,5.131558479839333,0.0,11.336785877934735,68.54635098380861,29.525365011975733,0.0,26.46513959392033,10.535775497216456,0.0,0.0,0.0,201.58,51.4842470947288,22.801408536544404,0.0,15.130702465984026,0.0,11.336785877934735,26.151274369537788,0.0,0.0,15.456479851704078,20.23053332942989,31.44978820569469,0.9796905422586336,44.39737831563419,16.334751159546904,3.256457088644816,-3.375611656986792,-2.3123389733980013,0.0,3.692820624691566,-4.756268639419342,0.4615384615384615,28,5,13,0,1,1,0,1,1,10,4,15,7,0,1,1,2,-1.172499999999998,95.65050000000004,1,0,0,1,0,1,0,0,1,1,3,2,0,0,0,3,1,1,0,0,0,0,0,0,0,0,0,2,0,1,0,0,0,0,0,0,0,0,0,0,0,0,0,0,0,0,0,0,0,0,0,0,0,1,0,0,0,0,0,0,0,0,0,1,0,0,0,0,0,0,0,0,0,0,0,0,0,0,0,0,1,0,0,0,0,287.0,Pseudomonas aeruginosa,Bacteria
116434,,10848856,CHEMBL2019522,Antibacterial activity against Pseudomonas aeruginosa cystic fibrosis isolate,F,BAO_0003035,BAO_0000218,organism-based format,C[C@H]1[C@H](NC(=O)/C(=N\OC(C)(C)C(=O)O)c2csc(N)n2)C(=O)N1S(=O)(=O)O,CHEMBL2016521,ACS Med Chem Lett,2011.0,CHEMBL158,AZTREONAM,CHEMBL158,0,http://www.openphacts.org/units/MicrogramPerMilliliter,1634337,=,1,1,=,MIC50,ug.mL-1,16.0,CHEMBL348,Pseudomonas aeruginosa,Pseudomonas aeruginosa,287.0,,MIC50,ug ml-1,UO_0000274,16.0,CHEMBL158,C[C@H]1[C@H](NC(=O)/C(=N\OC(C)(C)C(=O)O)c2csc(N)n2)C(=O)N1S(=O)(=O)O,12.562141912320484,12.562141912320484,0.0349535856009066,-4.756268639419342,0.174788224513646,20.5,435.44000000000017,418.30400000000014,435.051854504,154,0,0.3620751467724121,-0.4782270320177159,0.4782270320177159,0.3620751467724121,1.4642857142857142,2.071428571428572,2.5,32.24529764273617,10.00401161573638,2.513331128805475,-2.416338874010568,2.230948535260857,-2.707807208919476,7.836563836647012,-0.1608446168429468,2.971847309732629,2.2592762983237704,953.8851353067348,21.43879310982592,14.8114553779692,16.444448539824652,12.752743308167698,7.578995896792942,9.855612118054724,6.221230582074894,8.399971119282888,3.730567932227123,5.414072402778615,2.1128455580549623,3.54351374163482,-2.78,690205.5939907836,21.519292322605008,7.325918985638601,4.204134383579708,162.59031069995737,20.994572059745856,11.735768823996422,10.843243482610037,5.601050810983688,11.814359458703011,16.27347016397548,14.141824241834009,14.083731696315263,8.417796984328938,11.336785877934735,5.15571272675054,20.771211599071872,5.380062770465915,6.041840829147961,37.29827438881211,50.26785898322327,0.0,14.605983116249774,5.15571272675054,38.455944068351485,5.733667477162185,11.073990765314376,0.0,0.0,11.050456081168516,5.131558479839333,0.0,11.336785877934735,68.54635098380861,29.525365011975733,0.0,26.46513959392033,10.535775497216456,0.0,0.0,0.0,201.58,51.4842470947288,22.801408536544404,0.0,15.130702465984026,0.0,11.336785877934735,26.151274369537788,0.0,0.0,15.456479851704078,20.23053332942989,31.44978820569469,0.9796905422586336,44.39737831563419,16.334751159546904,3.256457088644816,-3.375611656986792,-2.3123389733980013,0.0,3.692820624691566,-4.756268639419342,0.4615384615384615,28,5,13,0,1,1,0,1,1,10,4,15,7,0,1,1,2,-1.172499999999998,95.65050000000004,1,0,0,1,0,1,0,0,1,1,3,2,0,0,0,3,1,1,0,0,0,0,0,0,0,0,0,2,0,1,0,0,0,0,0,0,0,0,0,0,0,0,0,0,0,0,0,0,0,0,0,0,0,1,0,0,0,0,0,0,0,0,0,1,0,0,0,0,0,0,0,0,0,0,0,0,0,0,0,0,1,0,0,0,0,287.0,Pseudomonas aeruginosa,Bacteria
116435,,10848859,CHEMBL2019522,Antibacterial activity against Pseudomonas aeruginosa cystic fibrosis isolate,F,BAO_0000179,BAO_0000218,organism-based format,C[C@H]1[C@H](NC(=O)/C(=N\OC(C)(C)C(=O)O)c2csc(N)n2)C(=O)N1S(=O)(=O)O,CHEMBL2016521,ACS Med Chem Lett,2011.0,CHEMBL158,AZTREONAM,CHEMBL158,0,http://www.openphacts.org/units/MicrogramPerMilliliter,1634337,>,1,1,>,MIC90,ug.mL-1,64.0,CHEMBL348,Pseudomonas aeruginosa,Pseudomonas aeruginosa,287.0,,MIC90,ug ml-1,UO_0000274,64.0,CHEMBL158,C[C@H]1[C@H](NC(=O)/C(=N\OC(C)(C)C(=O)O)c2csc(N)n2)C(=O)N1S(=O)(=O)O,12.562141912320484,12.562141912320484,0.0349535856009066,-4.756268639419342,0.174788224513646,20.5,435.44000000000017,418.30400000000014,435.051854504,154,0,0.3620751467724121,-0.4782270320177159,0.4782270320177159,0.3620751467724121,1.4642857142857142,2.071428571428572,2.5,32.24529764273617,10.00401161573638,2.513331128805475,-2.416338874010568,2.230948535260857,-2.707807208919476,7.836563836647012,-0.1608446168429468,2.971847309732629,2.2592762983237704,953.8851353067348,21.43879310982592,14.8114553779692,16.444448539824652,12.752743308167698,7.578995896792942,9.855612118054724,6.221230582074894,8.399971119282888,3.730567932227123,5.414072402778615,2.1128455580549623,3.54351374163482,-2.78,690205.5939907836,21.519292322605008,7.325918985638601,4.204134383579708,162.59031069995737,20.994572059745856,11.735768823996422,10.843243482610037,5.601050810983688,11.814359458703011,16.27347016397548,14.141824241834009,14.083731696315263,8.417796984328938,11.336785877934735,5.15571272675054,20.771211599071872,5.380062770465915,6.041840829147961,37.29827438881211,50.26785898322327,0.0,14.605983116249774,5.15571272675054,38.455944068351485,5.733667477162185,11.073990765314376,0.0,0.0,11.050456081168516,5.131558479839333,0.0,11.336785877934735,68.54635098380861,29.525365011975733,0.0,26.46513959392033,10.535775497216456,0.0,0.0,0.0,201.58,51.4842470947288,22.801408536544404,0.0,15.130702465984026,0.0,11.336785877934735,26.151274369537788,0.0,0.0,15.456479851704078,20.23053332942989,31.44978820569469,0.9796905422586336,44.39737831563419,16.334751159546904,3.256457088644816,-3.375611656986792,-2.3123389733980013,0.0,3.692820624691566,-4.756268639419342,0.4615384615384615,28,5,13,0,1,1,0,1,1,10,4,15,7,0,1,1,2,-1.172499999999998,95.65050000000004,1,0,0,1,0,1,0,0,1,1,3,2,0,0,0,3,1,1,0,0,0,0,0,0,0,0,0,2,0,1,0,0,0,0,0,0,0,0,0,0,0,0,0,0,0,0,0,0,0,0,0,0,0,1,0,0,0,0,0,0,0,0,0,1,0,0,0,0,0,0,0,0,0,0,0,0,0,0,0,0,1,0,0,0,0,287.0,Pseudomonas aeruginosa,Bacteria
116435,,10848859,CHEMBL2019522,Antibacterial activity against Pseudomonas aeruginosa cystic fibrosis isolate,F,BAO_0000179,BAO_0000218,organism-based format,C[C@H]1[C@H](NC(=O)/C(=N\OC(C)(C)C(=O)O)c2csc(N)n2)C(=O)N1S(=O)(=O)O,CHEMBL2016521,ACS Med Chem Lett,2011.0,CHEMBL158,AZTREONAM,CHEMBL158,0,http://www.openphacts.org/units/MicrogramPerMilliliter,1634337,>,1,1,>,MIC90,ug.mL-1,64.0,CHEMBL348,Pseudomonas aeruginosa,Pseudomonas aeruginosa,287.0,,MIC90,ug ml-1,UO_0000274,64.0,CHEMBL158,C[C@H]1[C@H](NC(=O)/C(=N\OC(C)(C)C(=O)O)c2csc(N)n2)C(=O)N1S(=O)(=O)O,12.562141912320484,12.562141912320484,0.0349535856009066,-4.756268639419342,0.174788224513646,20.5,435.44000000000017,418.30400000000014,435.051854504,154,0,0.3620751467724121,-0.4782270320177159,0.4782270320177159,0.3620751467724121,1.4642857142857142,2.071428571428572,2.5,32.24529764273617,10.00401161573638,2.513331128805475,-2.416338874010568,2.230948535260857,-2.707807208919476,7.836563836647012,-0.1608446168429468,2.971847309732629,2.2592762983237704,953.8851353067348,21.43879310982592,14.8114553779692,16.444448539824652,12.752743308167698,7.578995896792942,9.855612118054724,6.221230582074894,8.399971119282888,3.730567932227123,5.414072402778615,2.1128455580549623,3.54351374163482,-2.78,690205.5939907836,21.519292322605008,7.325918985638601,4.204134383579708,162.59031069995737,20.994572059745856,11.735768823996422,10.843243482610037,5.601050810983688,11.814359458703011,16.27347016397548,14.141824241834009,14.083731696315263,8.417796984328938,11.336785877934735,5.15571272675054,20.771211599071872,5.380062770465915,6.041840829147961,37.29827438881211,50.26785898322327,0.0,14.605983116249774,5.15571272675054,38.455944068351485,5.733667477162185,11.073990765314376,0.0,0.0,11.050456081168516,5.131558479839333,0.0,11.336785877934735,68.54635098380861,29.525365011975733,0.0,26.46513959392033,10.535775497216456,0.0,0.0,0.0,201.58,51.4842470947288,22.801408536544404,0.0,15.130702465984026,0.0,11.336785877934735,26.151274369537788,0.0,0.0,15.456479851704078,20.23053332942989,31.44978820569469,0.9796905422586336,44.39737831563419,16.334751159546904,3.256457088644816,-3.375611656986792,-2.3123389733980013,0.0,3.692820624691566,-4.756268639419342,0.4615384615384615,28,5,13,0,1,1,0,1,1,10,4,15,7,0,1,1,2,-1.172499999999998,95.65050000000004,1,0,0,1,0,1,0,0,1,1,3,2,0,0,0,3,1,1,0,0,0,0,0,0,0,0,0,2,0,1,0,0,0,0,0,0,0,0,0,0,0,0,0,0,0,0,0,0,0,0,0,0,0,1,0,0,0,0,0,0,0,0,0,1,0,0,0,0,0,0,0,0,0,0,0,0,0,0,0,0,1,0,0,0,0,287.0,Pseudomonas aeruginosa,Bacteria
116435,,10848859,CHEMBL2019522,Antibacterial activity against Pseudomonas aeruginosa cystic fibrosis isolate,F,BAO_0000179,BAO_0000218,organism-based format,C[C@H]1[C@H](NC(=O)/C(=N\OC(C)(C)C(=O)O)c2csc(N)n2)C(=O)N1S(=O)(=O)O,CHEMBL2016521,ACS Med Chem Lett,2011.0,CHEMBL158,AZTREONAM,CHEMBL158,0,http://www.openphacts.org/units/MicrogramPerMilliliter,1634337,>,1,1,>,MIC90,ug.mL-1,64.0,CHEMBL348,Pseudomonas aeruginosa,Pseudomonas aeruginosa,287.0,,MIC90,ug ml-1,UO_0000274,64.0,CHEMBL158,C[C@H]1[C@H](NC(=O)/C(=N\OC(C)(C)C(=O)O)c2csc(N)n2)C(=O)N1S(=O)(=O)O,12.562141912320484,12.562141912320484,0.0349535856009066,-4.756268639419342,0.174788224513646,20.5,435.44000000000017,418.30400000000014,435.051854504,154,0,0.3620751467724121,-0.4782270320177159,0.4782270320177159,0.3620751467724121,1.4642857142857142,2.071428571428572,2.5,32.24529764273617,10.00401161573638,2.513331128805475,-2.416338874010568,2.230948535260857,-2.707807208919476,7.836563836647012,-0.1608446168429468,2.971847309732629,2.2592762983237704,953.8851353067348,21.43879310982592,14.8114553779692,16.444448539824652,12.752743308167698,7.578995896792942,9.855612118054724,6.221230582074894,8.399971119282888,3.730567932227123,5.414072402778615,2.1128455580549623,3.54351374163482,-2.78,690205.5939907836,21.519292322605008,7.325918985638601,4.204134383579708,162.59031069995737,20.994572059745856,11.735768823996422,10.843243482610037,5.601050810983688,11.814359458703011,16.27347016397548,14.141824241834009,14.083731696315263,8.417796984328938,11.336785877934735,5.15571272675054,20.771211599071872,5.380062770465915,6.041840829147961,37.29827438881211,50.26785898322327,0.0,14.605983116249774,5.15571272675054,38.455944068351485,5.733667477162185,11.073990765314376,0.0,0.0,11.050456081168516,5.131558479839333,0.0,11.336785877934735,68.54635098380861,29.525365011975733,0.0,26.46513959392033,10.535775497216456,0.0,0.0,0.0,201.58,51.4842470947288,22.801408536544404,0.0,15.130702465984026,0.0,11.336785877934735,26.151274369537788,0.0,0.0,15.456479851704078,20.23053332942989,31.44978820569469,0.9796905422586336,44.39737831563419,16.334751159546904,3.256457088644816,-3.375611656986792,-2.3123389733980013,0.0,3.692820624691566,-4.756268639419342,0.4615384615384615,28,5,13,0,1,1,0,1,1,10,4,15,7,0,1,1,2,-1.172499999999998,95.65050000000004,1,0,0,1,0,1,0,0,1,1,3,2,0,0,0,3,1,1,0,0,0,0,0,0,0,0,0,2,0,1,0,0,0,0,0,0,0,0,0,0,0,0,0,0,0,0,0,0,0,0,0,0,0,1,0,0,0,0,0,0,0,0,0,1,0,0,0,0,0,0,0,0,0,0,0,0,0,0,0,0,1,0,0,0,0,287.0,Pseudomonas aeruginosa,Bacteria
116436,,10848862,CHEMBL2019527,Antibacterial activity against metallo-beta-lactamase producing Pseudomonas aeruginosa,F,BAO_0003035,BAO_0000218,organism-based format,C[C@H]1[C@H](NC(=O)/C(=N\OC(C)(C)C(=O)O)c2csc(N)n2)C(=O)N1S(=O)(=O)O,CHEMBL2016521,ACS Med Chem Lett,2011.0,CHEMBL158,AZTREONAM,CHEMBL158,0,http://www.openphacts.org/units/MicrogramPerMilliliter,1634337,=,1,1,=,MIC50,ug.mL-1,16.0,CHEMBL348,Pseudomonas aeruginosa,Pseudomonas aeruginosa,287.0,,MIC50,ug ml-1,UO_0000274,16.0,CHEMBL158,C[C@H]1[C@H](NC(=O)/C(=N\OC(C)(C)C(=O)O)c2csc(N)n2)C(=O)N1S(=O)(=O)O,12.562141912320484,12.562141912320484,0.0349535856009066,-4.756268639419342,0.174788224513646,20.5,435.44000000000017,418.30400000000014,435.051854504,154,0,0.3620751467724121,-0.4782270320177159,0.4782270320177159,0.3620751467724121,1.4642857142857142,2.071428571428572,2.5,32.24529764273617,10.00401161573638,2.513331128805475,-2.416338874010568,2.230948535260857,-2.707807208919476,7.836563836647012,-0.1608446168429468,2.971847309732629,2.2592762983237704,953.8851353067348,21.43879310982592,14.8114553779692,16.444448539824652,12.752743308167698,7.578995896792942,9.855612118054724,6.221230582074894,8.399971119282888,3.730567932227123,5.414072402778615,2.1128455580549623,3.54351374163482,-2.78,690205.5939907836,21.519292322605008,7.325918985638601,4.204134383579708,162.59031069995737,20.994572059745856,11.735768823996422,10.843243482610037,5.601050810983688,11.814359458703011,16.27347016397548,14.141824241834009,14.083731696315263,8.417796984328938,11.336785877934735,5.15571272675054,20.771211599071872,5.380062770465915,6.041840829147961,37.29827438881211,50.26785898322327,0.0,14.605983116249774,5.15571272675054,38.455944068351485,5.733667477162185,11.073990765314376,0.0,0.0,11.050456081168516,5.131558479839333,0.0,11.336785877934735,68.54635098380861,29.525365011975733,0.0,26.46513959392033,10.535775497216456,0.0,0.0,0.0,201.58,51.4842470947288,22.801408536544404,0.0,15.130702465984026,0.0,11.336785877934735,26.151274369537788,0.0,0.0,15.456479851704078,20.23053332942989,31.44978820569469,0.9796905422586336,44.39737831563419,16.334751159546904,3.256457088644816,-3.375611656986792,-2.3123389733980013,0.0,3.692820624691566,-4.756268639419342,0.4615384615384615,28,5,13,0,1,1,0,1,1,10,4,15,7,0,1,1,2,-1.172499999999998,95.65050000000004,1,0,0,1,0,1,0,0,1,1,3,2,0,0,0,3,1,1,0,0,0,0,0,0,0,0,0,2,0,1,0,0,0,0,0,0,0,0,0,0,0,0,0,0,0,0,0,0,0,0,0,0,0,1,0,0,0,0,0,0,0,0,0,1,0,0,0,0,0,0,0,0,0,0,0,0,0,0,0,0,1,0,0,0,0,287.0,Pseudomonas aeruginosa,Bacteria
116436,,10848862,CHEMBL2019527,Antibacterial activity against metallo-beta-lactamase producing Pseudomonas aeruginosa,F,BAO_0003035,BAO_0000218,organism-based format,C[C@H]1[C@H](NC(=O)/C(=N\OC(C)(C)C(=O)O)c2csc(N)n2)C(=O)N1S(=O)(=O)O,CHEMBL2016521,ACS Med Chem Lett,2011.0,CHEMBL158,AZTREONAM,CHEMBL158,0,http://www.openphacts.org/units/MicrogramPerMilliliter,1634337,=,1,1,=,MIC50,ug.mL-1,16.0,CHEMBL348,Pseudomonas aeruginosa,Pseudomonas aeruginosa,287.0,,MIC50,ug ml-1,UO_0000274,16.0,CHEMBL158,C[C@H]1[C@H](NC(=O)/C(=N\OC(C)(C)C(=O)O)c2csc(N)n2)C(=O)N1S(=O)(=O)O,12.562141912320484,12.562141912320484,0.0349535856009066,-4.756268639419342,0.174788224513646,20.5,435.44000000000017,418.30400000000014,435.051854504,154,0,0.3620751467724121,-0.4782270320177159,0.4782270320177159,0.3620751467724121,1.4642857142857142,2.071428571428572,2.5,32.24529764273617,10.00401161573638,2.513331128805475,-2.416338874010568,2.230948535260857,-2.707807208919476,7.836563836647012,-0.1608446168429468,2.971847309732629,2.2592762983237704,953.8851353067348,21.43879310982592,14.8114553779692,16.444448539824652,12.752743308167698,7.578995896792942,9.855612118054724,6.221230582074894,8.399971119282888,3.730567932227123,5.414072402778615,2.1128455580549623,3.54351374163482,-2.78,690205.5939907836,21.519292322605008,7.325918985638601,4.204134383579708,162.59031069995737,20.994572059745856,11.735768823996422,10.843243482610037,5.601050810983688,11.814359458703011,16.27347016397548,14.141824241834009,14.083731696315263,8.417796984328938,11.336785877934735,5.15571272675054,20.771211599071872,5.380062770465915,6.041840829147961,37.29827438881211,50.26785898322327,0.0,14.605983116249774,5.15571272675054,38.455944068351485,5.733667477162185,11.073990765314376,0.0,0.0,11.050456081168516,5.131558479839333,0.0,11.336785877934735,68.54635098380861,29.525365011975733,0.0,26.46513959392033,10.535775497216456,0.0,0.0,0.0,201.58,51.4842470947288,22.801408536544404,0.0,15.130702465984026,0.0,11.336785877934735,26.151274369537788,0.0,0.0,15.456479851704078,20.23053332942989,31.44978820569469,0.9796905422586336,44.39737831563419,16.334751159546904,3.256457088644816,-3.375611656986792,-2.3123389733980013,0.0,3.692820624691566,-4.756268639419342,0.4615384615384615,28,5,13,0,1,1,0,1,1,10,4,15,7,0,1,1,2,-1.172499999999998,95.65050000000004,1,0,0,1,0,1,0,0,1,1,3,2,0,0,0,3,1,1,0,0,0,0,0,0,0,0,0,2,0,1,0,0,0,0,0,0,0,0,0,0,0,0,0,0,0,0,0,0,0,0,0,0,0,1,0,0,0,0,0,0,0,0,0,1,0,0,0,0,0,0,0,0,0,0,0,0,0,0,0,0,1,0,0,0,0,287.0,Pseudomonas aeruginosa,Bacteria
116436,,10848862,CHEMBL2019527,Antibacterial activity against metallo-beta-lactamase producing Pseudomonas aeruginosa,F,BAO_0003035,BAO_0000218,organism-based format,C[C@H]1[C@H](NC(=O)/C(=N\OC(C)(C)C(=O)O)c2csc(N)n2)C(=O)N1S(=O)(=O)O,CHEMBL2016521,ACS Med Chem Lett,2011.0,CHEMBL158,AZTREONAM,CHEMBL158,0,http://www.openphacts.org/units/MicrogramPerMilliliter,1634337,=,1,1,=,MIC50,ug.mL-1,16.0,CHEMBL348,Pseudomonas aeruginosa,Pseudomonas aeruginosa,287.0,,MIC50,ug ml-1,UO_0000274,16.0,CHEMBL158,C[C@H]1[C@H](NC(=O)/C(=N\OC(C)(C)C(=O)O)c2csc(N)n2)C(=O)N1S(=O)(=O)O,12.562141912320484,12.562141912320484,0.0349535856009066,-4.756268639419342,0.174788224513646,20.5,435.44000000000017,418.30400000000014,435.051854504,154,0,0.3620751467724121,-0.4782270320177159,0.4782270320177159,0.3620751467724121,1.4642857142857142,2.071428571428572,2.5,32.24529764273617,10.00401161573638,2.513331128805475,-2.416338874010568,2.230948535260857,-2.707807208919476,7.836563836647012,-0.1608446168429468,2.971847309732629,2.2592762983237704,953.8851353067348,21.43879310982592,14.8114553779692,16.444448539824652,12.752743308167698,7.578995896792942,9.855612118054724,6.221230582074894,8.399971119282888,3.730567932227123,5.414072402778615,2.1128455580549623,3.54351374163482,-2.78,690205.5939907836,21.519292322605008,7.325918985638601,4.204134383579708,162.59031069995737,20.994572059745856,11.735768823996422,10.843243482610037,5.601050810983688,11.814359458703011,16.27347016397548,14.141824241834009,14.083731696315263,8.417796984328938,11.336785877934735,5.15571272675054,20.771211599071872,5.380062770465915,6.041840829147961,37.29827438881211,50.26785898322327,0.0,14.605983116249774,5.15571272675054,38.455944068351485,5.733667477162185,11.073990765314376,0.0,0.0,11.050456081168516,5.131558479839333,0.0,11.336785877934735,68.54635098380861,29.525365011975733,0.0,26.46513959392033,10.535775497216456,0.0,0.0,0.0,201.58,51.4842470947288,22.801408536544404,0.0,15.130702465984026,0.0,11.336785877934735,26.151274369537788,0.0,0.0,15.456479851704078,20.23053332942989,31.44978820569469,0.9796905422586336,44.39737831563419,16.334751159546904,3.256457088644816,-3.375611656986792,-2.3123389733980013,0.0,3.692820624691566,-4.756268639419342,0.4615384615384615,28,5,13,0,1,1,0,1,1,10,4,15,7,0,1,1,2,-1.172499999999998,95.65050000000004,1,0,0,1,0,1,0,0,1,1,3,2,0,0,0,3,1,1,0,0,0,0,0,0,0,0,0,2,0,1,0,0,0,0,0,0,0,0,0,0,0,0,0,0,0,0,0,0,0,0,0,0,0,1,0,0,0,0,0,0,0,0,0,1,0,0,0,0,0,0,0,0,0,0,0,0,0,0,0,0,1,0,0,0,0,287.0,Pseudomonas aeruginosa,Bacteria
116437,,10848865,CHEMBL2019527,Antibacterial activity against metallo-beta-lactamase producing Pseudomonas aeruginosa,F,BAO_0000179,BAO_0000218,organism-based format,C[C@H]1[C@H](NC(=O)/C(=N\OC(C)(C)C(=O)O)c2csc(N)n2)C(=O)N1S(=O)(=O)O,CHEMBL2016521,ACS Med Chem Lett,2011.0,CHEMBL158,AZTREONAM,CHEMBL158,0,http://www.openphacts.org/units/MicrogramPerMilliliter,1634337,>,1,1,>,MIC90,ug.mL-1,64.0,CHEMBL348,Pseudomonas aeruginosa,Pseudomonas aeruginosa,287.0,,MIC90,ug ml-1,UO_0000274,64.0,CHEMBL158,C[C@H]1[C@H](NC(=O)/C(=N\OC(C)(C)C(=O)O)c2csc(N)n2)C(=O)N1S(=O)(=O)O,12.562141912320484,12.562141912320484,0.0349535856009066,-4.756268639419342,0.174788224513646,20.5,435.44000000000017,418.30400000000014,435.051854504,154,0,0.3620751467724121,-0.4782270320177159,0.4782270320177159,0.3620751467724121,1.4642857142857142,2.071428571428572,2.5,32.24529764273617,10.00401161573638,2.513331128805475,-2.416338874010568,2.230948535260857,-2.707807208919476,7.836563836647012,-0.1608446168429468,2.971847309732629,2.2592762983237704,953.8851353067348,21.43879310982592,14.8114553779692,16.444448539824652,12.752743308167698,7.578995896792942,9.855612118054724,6.221230582074894,8.399971119282888,3.730567932227123,5.414072402778615,2.1128455580549623,3.54351374163482,-2.78,690205.5939907836,21.519292322605008,7.325918985638601,4.204134383579708,162.59031069995737,20.994572059745856,11.735768823996422,10.843243482610037,5.601050810983688,11.814359458703011,16.27347016397548,14.141824241834009,14.083731696315263,8.417796984328938,11.336785877934735,5.15571272675054,20.771211599071872,5.380062770465915,6.041840829147961,37.29827438881211,50.26785898322327,0.0,14.605983116249774,5.15571272675054,38.455944068351485,5.733667477162185,11.073990765314376,0.0,0.0,11.050456081168516,5.131558479839333,0.0,11.336785877934735,68.54635098380861,29.525365011975733,0.0,26.46513959392033,10.535775497216456,0.0,0.0,0.0,201.58,51.4842470947288,22.801408536544404,0.0,15.130702465984026,0.0,11.336785877934735,26.151274369537788,0.0,0.0,15.456479851704078,20.23053332942989,31.44978820569469,0.9796905422586336,44.39737831563419,16.334751159546904,3.256457088644816,-3.375611656986792,-2.3123389733980013,0.0,3.692820624691566,-4.756268639419342,0.4615384615384615,28,5,13,0,1,1,0,1,1,10,4,15,7,0,1,1,2,-1.172499999999998,95.65050000000004,1,0,0,1,0,1,0,0,1,1,3,2,0,0,0,3,1,1,0,0,0,0,0,0,0,0,0,2,0,1,0,0,0,0,0,0,0,0,0,0,0,0,0,0,0,0,0,0,0,0,0,0,0,1,0,0,0,0,0,0,0,0,0,1,0,0,0,0,0,0,0,0,0,0,0,0,0,0,0,0,1,0,0,0,0,287.0,Pseudomonas aeruginosa,Bacteria
116437,,10848865,CHEMBL2019527,Antibacterial activity against metallo-beta-lactamase producing Pseudomonas aeruginosa,F,BAO_0000179,BAO_0000218,organism-based format,C[C@H]1[C@H](NC(=O)/C(=N\OC(C)(C)C(=O)O)c2csc(N)n2)C(=O)N1S(=O)(=O)O,CHEMBL2016521,ACS Med Chem Lett,2011.0,CHEMBL158,AZTREONAM,CHEMBL158,0,http://www.openphacts.org/units/MicrogramPerMilliliter,1634337,>,1,1,>,MIC90,ug.mL-1,64.0,CHEMBL348,Pseudomonas aeruginosa,Pseudomonas aeruginosa,287.0,,MIC90,ug ml-1,UO_0000274,64.0,CHEMBL158,C[C@H]1[C@H](NC(=O)/C(=N\OC(C)(C)C(=O)O)c2csc(N)n2)C(=O)N1S(=O)(=O)O,12.562141912320484,12.562141912320484,0.0349535856009066,-4.756268639419342,0.174788224513646,20.5,435.44000000000017,418.30400000000014,435.051854504,154,0,0.3620751467724121,-0.4782270320177159,0.4782270320177159,0.3620751467724121,1.4642857142857142,2.071428571428572,2.5,32.24529764273617,10.00401161573638,2.513331128805475,-2.416338874010568,2.230948535260857,-2.707807208919476,7.836563836647012,-0.1608446168429468,2.971847309732629,2.2592762983237704,953.8851353067348,21.43879310982592,14.8114553779692,16.444448539824652,12.752743308167698,7.578995896792942,9.855612118054724,6.221230582074894,8.399971119282888,3.730567932227123,5.414072402778615,2.1128455580549623,3.54351374163482,-2.78,690205.5939907836,21.519292322605008,7.325918985638601,4.204134383579708,162.59031069995737,20.994572059745856,11.735768823996422,10.843243482610037,5.601050810983688,11.814359458703011,16.27347016397548,14.141824241834009,14.083731696315263,8.417796984328938,11.336785877934735,5.15571272675054,20.771211599071872,5.380062770465915,6.041840829147961,37.29827438881211,50.26785898322327,0.0,14.605983116249774,5.15571272675054,38.455944068351485,5.733667477162185,11.073990765314376,0.0,0.0,11.050456081168516,5.131558479839333,0.0,11.336785877934735,68.54635098380861,29.525365011975733,0.0,26.46513959392033,10.535775497216456,0.0,0.0,0.0,201.58,51.4842470947288,22.801408536544404,0.0,15.130702465984026,0.0,11.336785877934735,26.151274369537788,0.0,0.0,15.456479851704078,20.23053332942989,31.44978820569469,0.9796905422586336,44.39737831563419,16.334751159546904,3.256457088644816,-3.375611656986792,-2.3123389733980013,0.0,3.692820624691566,-4.756268639419342,0.4615384615384615,28,5,13,0,1,1,0,1,1,10,4,15,7,0,1,1,2,-1.172499999999998,95.65050000000004,1,0,0,1,0,1,0,0,1,1,3,2,0,0,0,3,1,1,0,0,0,0,0,0,0,0,0,2,0,1,0,0,0,0,0,0,0,0,0,0,0,0,0,0,0,0,0,0,0,0,0,0,0,1,0,0,0,0,0,0,0,0,0,1,0,0,0,0,0,0,0,0,0,0,0,0,0,0,0,0,1,0,0,0,0,287.0,Pseudomonas aeruginosa,Bacteria
116437,,10848865,CHEMBL2019527,Antibacterial activity against metallo-beta-lactamase producing Pseudomonas aeruginosa,F,BAO_0000179,BAO_0000218,organism-based format,C[C@H]1[C@H](NC(=O)/C(=N\OC(C)(C)C(=O)O)c2csc(N)n2)C(=O)N1S(=O)(=O)O,CHEMBL2016521,ACS Med Chem Lett,2011.0,CHEMBL158,AZTREONAM,CHEMBL158,0,http://www.openphacts.org/units/MicrogramPerMilliliter,1634337,>,1,1,>,MIC90,ug.mL-1,64.0,CHEMBL348,Pseudomonas aeruginosa,Pseudomonas aeruginosa,287.0,,MIC90,ug ml-1,UO_0000274,64.0,CHEMBL158,C[C@H]1[C@H](NC(=O)/C(=N\OC(C)(C)C(=O)O)c2csc(N)n2)C(=O)N1S(=O)(=O)O,12.562141912320484,12.562141912320484,0.0349535856009066,-4.756268639419342,0.174788224513646,20.5,435.44000000000017,418.30400000000014,435.051854504,154,0,0.3620751467724121,-0.4782270320177159,0.4782270320177159,0.3620751467724121,1.4642857142857142,2.071428571428572,2.5,32.24529764273617,10.00401161573638,2.513331128805475,-2.416338874010568,2.230948535260857,-2.707807208919476,7.836563836647012,-0.1608446168429468,2.971847309732629,2.2592762983237704,953.8851353067348,21.43879310982592,14.8114553779692,16.444448539824652,12.752743308167698,7.578995896792942,9.855612118054724,6.221230582074894,8.399971119282888,3.730567932227123,5.414072402778615,2.1128455580549623,3.54351374163482,-2.78,690205.5939907836,21.519292322605008,7.325918985638601,4.204134383579708,162.59031069995737,20.994572059745856,11.735768823996422,10.843243482610037,5.601050810983688,11.814359458703011,16.27347016397548,14.141824241834009,14.083731696315263,8.417796984328938,11.336785877934735,5.15571272675054,20.771211599071872,5.380062770465915,6.041840829147961,37.29827438881211,50.26785898322327,0.0,14.605983116249774,5.15571272675054,38.455944068351485,5.733667477162185,11.073990765314376,0.0,0.0,11.050456081168516,5.131558479839333,0.0,11.336785877934735,68.54635098380861,29.525365011975733,0.0,26.46513959392033,10.535775497216456,0.0,0.0,0.0,201.58,51.4842470947288,22.801408536544404,0.0,15.130702465984026,0.0,11.336785877934735,26.151274369537788,0.0,0.0,15.456479851704078,20.23053332942989,31.44978820569469,0.9796905422586336,44.39737831563419,16.334751159546904,3.256457088644816,-3.375611656986792,-2.3123389733980013,0.0,3.692820624691566,-4.756268639419342,0.4615384615384615,28,5,13,0,1,1,0,1,1,10,4,15,7,0,1,1,2,-1.172499999999998,95.65050000000004,1,0,0,1,0,1,0,0,1,1,3,2,0,0,0,3,1,1,0,0,0,0,0,0,0,0,0,2,0,1,0,0,0,0,0,0,0,0,0,0,0,0,0,0,0,0,0,0,0,0,0,0,0,1,0,0,0,0,0,0,0,0,0,1,0,0,0,0,0,0,0,0,0,0,0,0,0,0,0,0,1,0,0,0,0,287.0,Pseudomonas aeruginosa,Bacteria
116438,,10848868,CHEMBL2019528,Antibacterial activity against Pseudomonas aeruginosa clinical isolate,F,BAO_0003035,BAO_0000218,organism-based format,C[C@H]1[C@H](NC(=O)/C(=N\OC(C)(C)C(=O)O)c2csc(N)n2)C(=O)N1S(=O)(=O)O,CHEMBL2016521,ACS Med Chem Lett,2011.0,CHEMBL158,AZTREONAM,CHEMBL158,0,http://www.openphacts.org/units/MicrogramPerMilliliter,1634337,=,1,1,=,MIC50,ug.mL-1,16.0,CHEMBL348,Pseudomonas aeruginosa,Pseudomonas aeruginosa,287.0,,MIC50,ug ml-1,UO_0000274,16.0,CHEMBL158,C[C@H]1[C@H](NC(=O)/C(=N\OC(C)(C)C(=O)O)c2csc(N)n2)C(=O)N1S(=O)(=O)O,12.562141912320484,12.562141912320484,0.0349535856009066,-4.756268639419342,0.174788224513646,20.5,435.44000000000017,418.30400000000014,435.051854504,154,0,0.3620751467724121,-0.4782270320177159,0.4782270320177159,0.3620751467724121,1.4642857142857142,2.071428571428572,2.5,32.24529764273617,10.00401161573638,2.513331128805475,-2.416338874010568,2.230948535260857,-2.707807208919476,7.836563836647012,-0.1608446168429468,2.971847309732629,2.2592762983237704,953.8851353067348,21.43879310982592,14.8114553779692,16.444448539824652,12.752743308167698,7.578995896792942,9.855612118054724,6.221230582074894,8.399971119282888,3.730567932227123,5.414072402778615,2.1128455580549623,3.54351374163482,-2.78,690205.5939907836,21.519292322605008,7.325918985638601,4.204134383579708,162.59031069995737,20.994572059745856,11.735768823996422,10.843243482610037,5.601050810983688,11.814359458703011,16.27347016397548,14.141824241834009,14.083731696315263,8.417796984328938,11.336785877934735,5.15571272675054,20.771211599071872,5.380062770465915,6.041840829147961,37.29827438881211,50.26785898322327,0.0,14.605983116249774,5.15571272675054,38.455944068351485,5.733667477162185,11.073990765314376,0.0,0.0,11.050456081168516,5.131558479839333,0.0,11.336785877934735,68.54635098380861,29.525365011975733,0.0,26.46513959392033,10.535775497216456,0.0,0.0,0.0,201.58,51.4842470947288,22.801408536544404,0.0,15.130702465984026,0.0,11.336785877934735,26.151274369537788,0.0,0.0,15.456479851704078,20.23053332942989,31.44978820569469,0.9796905422586336,44.39737831563419,16.334751159546904,3.256457088644816,-3.375611656986792,-2.3123389733980013,0.0,3.692820624691566,-4.756268639419342,0.4615384615384615,28,5,13,0,1,1,0,1,1,10,4,15,7,0,1,1,2,-1.172499999999998,95.65050000000004,1,0,0,1,0,1,0,0,1,1,3,2,0,0,0,3,1,1,0,0,0,0,0,0,0,0,0,2,0,1,0,0,0,0,0,0,0,0,0,0,0,0,0,0,0,0,0,0,0,0,0,0,0,1,0,0,0,0,0,0,0,0,0,1,0,0,0,0,0,0,0,0,0,0,0,0,0,0,0,0,1,0,0,0,0,287.0,Pseudomonas aeruginosa,Bacteria
116438,,10848868,CHEMBL2019528,Antibacterial activity against Pseudomonas aeruginosa clinical isolate,F,BAO_0003035,BAO_0000218,organism-based format,C[C@H]1[C@H](NC(=O)/C(=N\OC(C)(C)C(=O)O)c2csc(N)n2)C(=O)N1S(=O)(=O)O,CHEMBL2016521,ACS Med Chem Lett,2011.0,CHEMBL158,AZTREONAM,CHEMBL158,0,http://www.openphacts.org/units/MicrogramPerMilliliter,1634337,=,1,1,=,MIC50,ug.mL-1,16.0,CHEMBL348,Pseudomonas aeruginosa,Pseudomonas aeruginosa,287.0,,MIC50,ug ml-1,UO_0000274,16.0,CHEMBL158,C[C@H]1[C@H](NC(=O)/C(=N\OC(C)(C)C(=O)O)c2csc(N)n2)C(=O)N1S(=O)(=O)O,12.562141912320484,12.562141912320484,0.0349535856009066,-4.756268639419342,0.174788224513646,20.5,435.44000000000017,418.30400000000014,435.051854504,154,0,0.3620751467724121,-0.4782270320177159,0.4782270320177159,0.3620751467724121,1.4642857142857142,2.071428571428572,2.5,32.24529764273617,10.00401161573638,2.513331128805475,-2.416338874010568,2.230948535260857,-2.707807208919476,7.836563836647012,-0.1608446168429468,2.971847309732629,2.2592762983237704,953.8851353067348,21.43879310982592,14.8114553779692,16.444448539824652,12.752743308167698,7.578995896792942,9.855612118054724,6.221230582074894,8.399971119282888,3.730567932227123,5.414072402778615,2.1128455580549623,3.54351374163482,-2.78,690205.5939907836,21.519292322605008,7.325918985638601,4.204134383579708,162.59031069995737,20.994572059745856,11.735768823996422,10.843243482610037,5.601050810983688,11.814359458703011,16.27347016397548,14.141824241834009,14.083731696315263,8.417796984328938,11.336785877934735,5.15571272675054,20.771211599071872,5.380062770465915,6.041840829147961,37.29827438881211,50.26785898322327,0.0,14.605983116249774,5.15571272675054,38.455944068351485,5.733667477162185,11.073990765314376,0.0,0.0,11.050456081168516,5.131558479839333,0.0,11.336785877934735,68.54635098380861,29.525365011975733,0.0,26.46513959392033,10.535775497216456,0.0,0.0,0.0,201.58,51.4842470947288,22.801408536544404,0.0,15.130702465984026,0.0,11.336785877934735,26.151274369537788,0.0,0.0,15.456479851704078,20.23053332942989,31.44978820569469,0.9796905422586336,44.39737831563419,16.334751159546904,3.256457088644816,-3.375611656986792,-2.3123389733980013,0.0,3.692820624691566,-4.756268639419342,0.4615384615384615,28,5,13,0,1,1,0,1,1,10,4,15,7,0,1,1,2,-1.172499999999998,95.65050000000004,1,0,0,1,0,1,0,0,1,1,3,2,0,0,0,3,1,1,0,0,0,0,0,0,0,0,0,2,0,1,0,0,0,0,0,0,0,0,0,0,0,0,0,0,0,0,0,0,0,0,0,0,0,1,0,0,0,0,0,0,0,0,0,1,0,0,0,0,0,0,0,0,0,0,0,0,0,0,0,0,1,0,0,0,0,287.0,Pseudomonas aeruginosa,Bacteria
116438,,10848868,CHEMBL2019528,Antibacterial activity against Pseudomonas aeruginosa clinical isolate,F,BAO_0003035,BAO_0000218,organism-based format,C[C@H]1[C@H](NC(=O)/C(=N\OC(C)(C)C(=O)O)c2csc(N)n2)C(=O)N1S(=O)(=O)O,CHEMBL2016521,ACS Med Chem Lett,2011.0,CHEMBL158,AZTREONAM,CHEMBL158,0,http://www.openphacts.org/units/MicrogramPerMilliliter,1634337,=,1,1,=,MIC50,ug.mL-1,16.0,CHEMBL348,Pseudomonas aeruginosa,Pseudomonas aeruginosa,287.0,,MIC50,ug ml-1,UO_0000274,16.0,CHEMBL158,C[C@H]1[C@H](NC(=O)/C(=N\OC(C)(C)C(=O)O)c2csc(N)n2)C(=O)N1S(=O)(=O)O,12.562141912320484,12.562141912320484,0.0349535856009066,-4.756268639419342,0.174788224513646,20.5,435.44000000000017,418.30400000000014,435.051854504,154,0,0.3620751467724121,-0.4782270320177159,0.4782270320177159,0.3620751467724121,1.4642857142857142,2.071428571428572,2.5,32.24529764273617,10.00401161573638,2.513331128805475,-2.416338874010568,2.230948535260857,-2.707807208919476,7.836563836647012,-0.1608446168429468,2.971847309732629,2.2592762983237704,953.8851353067348,21.43879310982592,14.8114553779692,16.444448539824652,12.752743308167698,7.578995896792942,9.855612118054724,6.221230582074894,8.399971119282888,3.730567932227123,5.414072402778615,2.1128455580549623,3.54351374163482,-2.78,690205.5939907836,21.519292322605008,7.325918985638601,4.204134383579708,162.59031069995737,20.994572059745856,11.735768823996422,10.843243482610037,5.601050810983688,11.814359458703011,16.27347016397548,14.141824241834009,14.083731696315263,8.417796984328938,11.336785877934735,5.15571272675054,20.771211599071872,5.380062770465915,6.041840829147961,37.29827438881211,50.26785898322327,0.0,14.605983116249774,5.15571272675054,38.455944068351485,5.733667477162185,11.073990765314376,0.0,0.0,11.050456081168516,5.131558479839333,0.0,11.336785877934735,68.54635098380861,29.525365011975733,0.0,26.46513959392033,10.535775497216456,0.0,0.0,0.0,201.58,51.4842470947288,22.801408536544404,0.0,15.130702465984026,0.0,11.336785877934735,26.151274369537788,0.0,0.0,15.456479851704078,20.23053332942989,31.44978820569469,0.9796905422586336,44.39737831563419,16.334751159546904,3.256457088644816,-3.375611656986792,-2.3123389733980013,0.0,3.692820624691566,-4.756268639419342,0.4615384615384615,28,5,13,0,1,1,0,1,1,10,4,15,7,0,1,1,2,-1.172499999999998,95.65050000000004,1,0,0,1,0,1,0,0,1,1,3,2,0,0,0,3,1,1,0,0,0,0,0,0,0,0,0,2,0,1,0,0,0,0,0,0,0,0,0,0,0,0,0,0,0,0,0,0,0,0,0,0,0,1,0,0,0,0,0,0,0,0,0,1,0,0,0,0,0,0,0,0,0,0,0,0,0,0,0,0,1,0,0,0,0,287.0,Pseudomonas aeruginosa,Bacteria
116439,,10848871,CHEMBL2019528,Antibacterial activity against Pseudomonas aeruginosa clinical isolate,F,BAO_0000179,BAO_0000218,organism-based format,C[C@H]1[C@H](NC(=O)/C(=N\OC(C)(C)C(=O)O)c2csc(N)n2)C(=O)N1S(=O)(=O)O,CHEMBL2016521,ACS Med Chem Lett,2011.0,CHEMBL158,AZTREONAM,CHEMBL158,0,http://www.openphacts.org/units/MicrogramPerMilliliter,1634337,>,1,1,>,MIC90,ug.mL-1,64.0,CHEMBL348,Pseudomonas aeruginosa,Pseudomonas aeruginosa,287.0,,MIC90,ug ml-1,UO_0000274,64.0,CHEMBL158,C[C@H]1[C@H](NC(=O)/C(=N\OC(C)(C)C(=O)O)c2csc(N)n2)C(=O)N1S(=O)(=O)O,12.562141912320484,12.562141912320484,0.0349535856009066,-4.756268639419342,0.174788224513646,20.5,435.44000000000017,418.30400000000014,435.051854504,154,0,0.3620751467724121,-0.4782270320177159,0.4782270320177159,0.3620751467724121,1.4642857142857142,2.071428571428572,2.5,32.24529764273617,10.00401161573638,2.513331128805475,-2.416338874010568,2.230948535260857,-2.707807208919476,7.836563836647012,-0.1608446168429468,2.971847309732629,2.2592762983237704,953.8851353067348,21.43879310982592,14.8114553779692,16.444448539824652,12.752743308167698,7.578995896792942,9.855612118054724,6.221230582074894,8.399971119282888,3.730567932227123,5.414072402778615,2.1128455580549623,3.54351374163482,-2.78,690205.5939907836,21.519292322605008,7.325918985638601,4.204134383579708,162.59031069995737,20.994572059745856,11.735768823996422,10.843243482610037,5.601050810983688,11.814359458703011,16.27347016397548,14.141824241834009,14.083731696315263,8.417796984328938,11.336785877934735,5.15571272675054,20.771211599071872,5.380062770465915,6.041840829147961,37.29827438881211,50.26785898322327,0.0,14.605983116249774,5.15571272675054,38.455944068351485,5.733667477162185,11.073990765314376,0.0,0.0,11.050456081168516,5.131558479839333,0.0,11.336785877934735,68.54635098380861,29.525365011975733,0.0,26.46513959392033,10.535775497216456,0.0,0.0,0.0,201.58,51.4842470947288,22.801408536544404,0.0,15.130702465984026,0.0,11.336785877934735,26.151274369537788,0.0,0.0,15.456479851704078,20.23053332942989,31.44978820569469,0.9796905422586336,44.39737831563419,16.334751159546904,3.256457088644816,-3.375611656986792,-2.3123389733980013,0.0,3.692820624691566,-4.756268639419342,0.4615384615384615,28,5,13,0,1,1,0,1,1,10,4,15,7,0,1,1,2,-1.172499999999998,95.65050000000004,1,0,0,1,0,1,0,0,1,1,3,2,0,0,0,3,1,1,0,0,0,0,0,0,0,0,0,2,0,1,0,0,0,0,0,0,0,0,0,0,0,0,0,0,0,0,0,0,0,0,0,0,0,1,0,0,0,0,0,0,0,0,0,1,0,0,0,0,0,0,0,0,0,0,0,0,0,0,0,0,1,0,0,0,0,287.0,Pseudomonas aeruginosa,Bacteria
116439,,10848871,CHEMBL2019528,Antibacterial activity against Pseudomonas aeruginosa clinical isolate,F,BAO_0000179,BAO_0000218,organism-based format,C[C@H]1[C@H](NC(=O)/C(=N\OC(C)(C)C(=O)O)c2csc(N)n2)C(=O)N1S(=O)(=O)O,CHEMBL2016521,ACS Med Chem Lett,2011.0,CHEMBL158,AZTREONAM,CHEMBL158,0,http://www.openphacts.org/units/MicrogramPerMilliliter,1634337,>,1,1,>,MIC90,ug.mL-1,64.0,CHEMBL348,Pseudomonas aeruginosa,Pseudomonas aeruginosa,287.0,,MIC90,ug ml-1,UO_0000274,64.0,CHEMBL158,C[C@H]1[C@H](NC(=O)/C(=N\OC(C)(C)C(=O)O)c2csc(N)n2)C(=O)N1S(=O)(=O)O,12.562141912320484,12.562141912320484,0.0349535856009066,-4.756268639419342,0.174788224513646,20.5,435.44000000000017,418.30400000000014,435.051854504,154,0,0.3620751467724121,-0.4782270320177159,0.4782270320177159,0.3620751467724121,1.4642857142857142,2.071428571428572,2.5,32.24529764273617,10.00401161573638,2.513331128805475,-2.416338874010568,2.230948535260857,-2.707807208919476,7.836563836647012,-0.1608446168429468,2.971847309732629,2.2592762983237704,953.8851353067348,21.43879310982592,14.8114553779692,16.444448539824652,12.752743308167698,7.578995896792942,9.855612118054724,6.221230582074894,8.399971119282888,3.730567932227123,5.414072402778615,2.1128455580549623,3.54351374163482,-2.78,690205.5939907836,21.519292322605008,7.325918985638601,4.204134383579708,162.59031069995737,20.994572059745856,11.735768823996422,10.843243482610037,5.601050810983688,11.814359458703011,16.27347016397548,14.141824241834009,14.083731696315263,8.417796984328938,11.336785877934735,5.15571272675054,20.771211599071872,5.380062770465915,6.041840829147961,37.29827438881211,50.26785898322327,0.0,14.605983116249774,5.15571272675054,38.455944068351485,5.733667477162185,11.073990765314376,0.0,0.0,11.050456081168516,5.131558479839333,0.0,11.336785877934735,68.54635098380861,29.525365011975733,0.0,26.46513959392033,10.535775497216456,0.0,0.0,0.0,201.58,51.4842470947288,22.801408536544404,0.0,15.130702465984026,0.0,11.336785877934735,26.151274369537788,0.0,0.0,15.456479851704078,20.23053332942989,31.44978820569469,0.9796905422586336,44.39737831563419,16.334751159546904,3.256457088644816,-3.375611656986792,-2.3123389733980013,0.0,3.692820624691566,-4.756268639419342,0.4615384615384615,28,5,13,0,1,1,0,1,1,10,4,15,7,0,1,1,2,-1.172499999999998,95.65050000000004,1,0,0,1,0,1,0,0,1,1,3,2,0,0,0,3,1,1,0,0,0,0,0,0,0,0,0,2,0,1,0,0,0,0,0,0,0,0,0,0,0,0,0,0,0,0,0,0,0,0,0,0,0,1,0,0,0,0,0,0,0,0,0,1,0,0,0,0,0,0,0,0,0,0,0,0,0,0,0,0,1,0,0,0,0,287.0,Pseudomonas aeruginosa,Bacteria
116439,,10848871,CHEMBL2019528,Antibacterial activity against Pseudomonas aeruginosa clinical isolate,F,BAO_0000179,BAO_0000218,organism-based format,C[C@H]1[C@H](NC(=O)/C(=N\OC(C)(C)C(=O)O)c2csc(N)n2)C(=O)N1S(=O)(=O)O,CHEMBL2016521,ACS Med Chem Lett,2011.0,CHEMBL158,AZTREONAM,CHEMBL158,0,http://www.openphacts.org/units/MicrogramPerMilliliter,1634337,>,1,1,>,MIC90,ug.mL-1,64.0,CHEMBL348,Pseudomonas aeruginosa,Pseudomonas aeruginosa,287.0,,MIC90,ug ml-1,UO_0000274,64.0,CHEMBL158,C[C@H]1[C@H](NC(=O)/C(=N\OC(C)(C)C(=O)O)c2csc(N)n2)C(=O)N1S(=O)(=O)O,12.562141912320484,12.562141912320484,0.0349535856009066,-4.756268639419342,0.174788224513646,20.5,435.44000000000017,418.30400000000014,435.051854504,154,0,0.3620751467724121,-0.4782270320177159,0.4782270320177159,0.3620751467724121,1.4642857142857142,2.071428571428572,2.5,32.24529764273617,10.00401161573638,2.513331128805475,-2.416338874010568,2.230948535260857,-2.707807208919476,7.836563836647012,-0.1608446168429468,2.971847309732629,2.2592762983237704,953.8851353067348,21.43879310982592,14.8114553779692,16.444448539824652,12.752743308167698,7.578995896792942,9.855612118054724,6.221230582074894,8.399971119282888,3.730567932227123,5.414072402778615,2.1128455580549623,3.54351374163482,-2.78,690205.5939907836,21.519292322605008,7.325918985638601,4.204134383579708,162.59031069995737,20.994572059745856,11.735768823996422,10.843243482610037,5.601050810983688,11.814359458703011,16.27347016397548,14.141824241834009,14.083731696315263,8.417796984328938,11.336785877934735,5.15571272675054,20.771211599071872,5.380062770465915,6.041840829147961,37.29827438881211,50.26785898322327,0.0,14.605983116249774,5.15571272675054,38.455944068351485,5.733667477162185,11.073990765314376,0.0,0.0,11.050456081168516,5.131558479839333,0.0,11.336785877934735,68.54635098380861,29.525365011975733,0.0,26.46513959392033,10.535775497216456,0.0,0.0,0.0,201.58,51.4842470947288,22.801408536544404,0.0,15.130702465984026,0.0,11.336785877934735,26.151274369537788,0.0,0.0,15.456479851704078,20.23053332942989,31.44978820569469,0.9796905422586336,44.39737831563419,16.334751159546904,3.256457088644816,-3.375611656986792,-2.3123389733980013,0.0,3.692820624691566,-4.756268639419342,0.4615384615384615,28,5,13,0,1,1,0,1,1,10,4,15,7,0,1,1,2,-1.172499999999998,95.65050000000004,1,0,0,1,0,1,0,0,1,1,3,2,0,0,0,3,1,1,0,0,0,0,0,0,0,0,0,2,0,1,0,0,0,0,0,0,0,0,0,0,0,0,0,0,0,0,0,0,0,0,0,0,0,1,0,0,0,0,0,0,0,0,0,1,0,0,0,0,0,0,0,0,0,0,0,0,0,0,0,0,1,0,0,0,0,287.0,Pseudomonas aeruginosa,Bacteria
116440,,10861783,CHEMBL2026305,Antimicrobial activity against wild type Escherichia coli expressing AcrAB-TolC efflux pump,F,BAO_0002146,BAO_0000218,organism-based format,C[C@H]1[C@H](NC(=O)/C(=N\OC(C)(C)C(=O)O)c2csc(N)n2)C(=O)N1S(=O)(=O)O,CHEMBL2021919,Eur J Med Chem,2012.0,CHEMBL158,AZTREONAM,CHEMBL158,0,http://www.openphacts.org/units/MicrogramPerMilliliter,1639304,=,1,1,=,MIC,ug.mL-1,0.05,CHEMBL354,Escherichia coli,Escherichia coli,562.0,,MIC,ug ml-1,UO_0000274,0.05,CHEMBL158,C[C@H]1[C@H](NC(=O)/C(=N\OC(C)(C)C(=O)O)c2csc(N)n2)C(=O)N1S(=O)(=O)O,12.562141912320484,12.562141912320484,0.0349535856009066,-4.756268639419342,0.174788224513646,20.5,435.44000000000017,418.30400000000014,435.051854504,154,0,0.3620751467724121,-0.4782270320177159,0.4782270320177159,0.3620751467724121,1.4642857142857142,2.071428571428572,2.5,32.24529764273617,10.00401161573638,2.513331128805475,-2.416338874010568,2.230948535260857,-2.707807208919476,7.836563836647012,-0.1608446168429468,2.971847309732629,2.2592762983237704,953.8851353067348,21.43879310982592,14.8114553779692,16.444448539824652,12.752743308167698,7.578995896792942,9.855612118054724,6.221230582074894,8.399971119282888,3.730567932227123,5.414072402778615,2.1128455580549623,3.54351374163482,-2.78,690205.5939907836,21.519292322605008,7.325918985638601,4.204134383579708,162.59031069995737,20.994572059745856,11.735768823996422,10.843243482610037,5.601050810983688,11.814359458703011,16.27347016397548,14.141824241834009,14.083731696315263,8.417796984328938,11.336785877934735,5.15571272675054,20.771211599071872,5.380062770465915,6.041840829147961,37.29827438881211,50.26785898322327,0.0,14.605983116249774,5.15571272675054,38.455944068351485,5.733667477162185,11.073990765314376,0.0,0.0,11.050456081168516,5.131558479839333,0.0,11.336785877934735,68.54635098380861,29.525365011975733,0.0,26.46513959392033,10.535775497216456,0.0,0.0,0.0,201.58,51.4842470947288,22.801408536544404,0.0,15.130702465984026,0.0,11.336785877934735,26.151274369537788,0.0,0.0,15.456479851704078,20.23053332942989,31.44978820569469,0.9796905422586336,44.39737831563419,16.334751159546904,3.256457088644816,-3.375611656986792,-2.3123389733980013,0.0,3.692820624691566,-4.756268639419342,0.4615384615384615,28,5,13,0,1,1,0,1,1,10,4,15,7,0,1,1,2,-1.172499999999998,95.65050000000004,1,0,0,1,0,1,0,0,1,1,3,2,0,0,0,3,1,1,0,0,0,0,0,0,0,0,0,2,0,1,0,0,0,0,0,0,0,0,0,0,0,0,0,0,0,0,0,0,0,0,0,0,0,1,0,0,0,0,0,0,0,0,0,1,0,0,0,0,0,0,0,0,0,0,0,0,0,0,0,0,1,0,0,0,0,562.0,Escherichia coli,Bacteria
116440,,10861783,CHEMBL2026305,Antimicrobial activity against wild type Escherichia coli expressing AcrAB-TolC efflux pump,F,BAO_0002146,BAO_0000218,organism-based format,C[C@H]1[C@H](NC(=O)/C(=N\OC(C)(C)C(=O)O)c2csc(N)n2)C(=O)N1S(=O)(=O)O,CHEMBL2021919,Eur J Med Chem,2012.0,CHEMBL158,AZTREONAM,CHEMBL158,0,http://www.openphacts.org/units/MicrogramPerMilliliter,1639304,=,1,1,=,MIC,ug.mL-1,0.05,CHEMBL354,Escherichia coli,Escherichia coli,562.0,,MIC,ug ml-1,UO_0000274,0.05,CHEMBL158,C[C@H]1[C@H](NC(=O)/C(=N\OC(C)(C)C(=O)O)c2csc(N)n2)C(=O)N1S(=O)(=O)O,12.562141912320484,12.562141912320484,0.0349535856009066,-4.756268639419342,0.174788224513646,20.5,435.44000000000017,418.30400000000014,435.051854504,154,0,0.3620751467724121,-0.4782270320177159,0.4782270320177159,0.3620751467724121,1.4642857142857142,2.071428571428572,2.5,32.24529764273617,10.00401161573638,2.513331128805475,-2.416338874010568,2.230948535260857,-2.707807208919476,7.836563836647012,-0.1608446168429468,2.971847309732629,2.2592762983237704,953.8851353067348,21.43879310982592,14.8114553779692,16.444448539824652,12.752743308167698,7.578995896792942,9.855612118054724,6.221230582074894,8.399971119282888,3.730567932227123,5.414072402778615,2.1128455580549623,3.54351374163482,-2.78,690205.5939907836,21.519292322605008,7.325918985638601,4.204134383579708,162.59031069995737,20.994572059745856,11.735768823996422,10.843243482610037,5.601050810983688,11.814359458703011,16.27347016397548,14.141824241834009,14.083731696315263,8.417796984328938,11.336785877934735,5.15571272675054,20.771211599071872,5.380062770465915,6.041840829147961,37.29827438881211,50.26785898322327,0.0,14.605983116249774,5.15571272675054,38.455944068351485,5.733667477162185,11.073990765314376,0.0,0.0,11.050456081168516,5.131558479839333,0.0,11.336785877934735,68.54635098380861,29.525365011975733,0.0,26.46513959392033,10.535775497216456,0.0,0.0,0.0,201.58,51.4842470947288,22.801408536544404,0.0,15.130702465984026,0.0,11.336785877934735,26.151274369537788,0.0,0.0,15.456479851704078,20.23053332942989,31.44978820569469,0.9796905422586336,44.39737831563419,16.334751159546904,3.256457088644816,-3.375611656986792,-2.3123389733980013,0.0,3.692820624691566,-4.756268639419342,0.4615384615384615,28,5,13,0,1,1,0,1,1,10,4,15,7,0,1,1,2,-1.172499999999998,95.65050000000004,1,0,0,1,0,1,0,0,1,1,3,2,0,0,0,3,1,1,0,0,0,0,0,0,0,0,0,2,0,1,0,0,0,0,0,0,0,0,0,0,0,0,0,0,0,0,0,0,0,0,0,0,0,1,0,0,0,0,0,0,0,0,0,1,0,0,0,0,0,0,0,0,0,0,0,0,0,0,0,0,1,0,0,0,0,562.0,Escherichia coli,Bacteria
116440,,10861783,CHEMBL2026305,Antimicrobial activity against wild type Escherichia coli expressing AcrAB-TolC efflux pump,F,BAO_0002146,BAO_0000218,organism-based format,C[C@H]1[C@H](NC(=O)/C(=N\OC(C)(C)C(=O)O)c2csc(N)n2)C(=O)N1S(=O)(=O)O,CHEMBL2021919,Eur J Med Chem,2012.0,CHEMBL158,AZTREONAM,CHEMBL158,0,http://www.openphacts.org/units/MicrogramPerMilliliter,1639304,=,1,1,=,MIC,ug.mL-1,0.05,CHEMBL354,Escherichia coli,Escherichia coli,562.0,,MIC,ug ml-1,UO_0000274,0.05,CHEMBL158,C[C@H]1[C@H](NC(=O)/C(=N\OC(C)(C)C(=O)O)c2csc(N)n2)C(=O)N1S(=O)(=O)O,12.562141912320484,12.562141912320484,0.0349535856009066,-4.756268639419342,0.174788224513646,20.5,435.44000000000017,418.30400000000014,435.051854504,154,0,0.3620751467724121,-0.4782270320177159,0.4782270320177159,0.3620751467724121,1.4642857142857142,2.071428571428572,2.5,32.24529764273617,10.00401161573638,2.513331128805475,-2.416338874010568,2.230948535260857,-2.707807208919476,7.836563836647012,-0.1608446168429468,2.971847309732629,2.2592762983237704,953.8851353067348,21.43879310982592,14.8114553779692,16.444448539824652,12.752743308167698,7.578995896792942,9.855612118054724,6.221230582074894,8.399971119282888,3.730567932227123,5.414072402778615,2.1128455580549623,3.54351374163482,-2.78,690205.5939907836,21.519292322605008,7.325918985638601,4.204134383579708,162.59031069995737,20.994572059745856,11.735768823996422,10.843243482610037,5.601050810983688,11.814359458703011,16.27347016397548,14.141824241834009,14.083731696315263,8.417796984328938,11.336785877934735,5.15571272675054,20.771211599071872,5.380062770465915,6.041840829147961,37.29827438881211,50.26785898322327,0.0,14.605983116249774,5.15571272675054,38.455944068351485,5.733667477162185,11.073990765314376,0.0,0.0,11.050456081168516,5.131558479839333,0.0,11.336785877934735,68.54635098380861,29.525365011975733,0.0,26.46513959392033,10.535775497216456,0.0,0.0,0.0,201.58,51.4842470947288,22.801408536544404,0.0,15.130702465984026,0.0,11.336785877934735,26.151274369537788,0.0,0.0,15.456479851704078,20.23053332942989,31.44978820569469,0.9796905422586336,44.39737831563419,16.334751159546904,3.256457088644816,-3.375611656986792,-2.3123389733980013,0.0,3.692820624691566,-4.756268639419342,0.4615384615384615,28,5,13,0,1,1,0,1,1,10,4,15,7,0,1,1,2,-1.172499999999998,95.65050000000004,1,0,0,1,0,1,0,0,1,1,3,2,0,0,0,3,1,1,0,0,0,0,0,0,0,0,0,2,0,1,0,0,0,0,0,0,0,0,0,0,0,0,0,0,0,0,0,0,0,0,0,0,0,1,0,0,0,0,0,0,0,0,0,1,0,0,0,0,0,0,0,0,0,0,0,0,0,0,0,0,1,0,0,0,0,562.0,Escherichia coli,Bacteria
116440,,10861783,CHEMBL2026305,Antimicrobial activity against wild type Escherichia coli expressing AcrAB-TolC efflux pump,F,BAO_0002146,BAO_0000218,organism-based format,C[C@H]1[C@H](NC(=O)/C(=N\OC(C)(C)C(=O)O)c2csc(N)n2)C(=O)N1S(=O)(=O)O,CHEMBL2021919,Eur J Med Chem,2012.0,CHEMBL158,AZTREONAM,CHEMBL158,0,http://www.openphacts.org/units/MicrogramPerMilliliter,1639304,=,1,1,=,MIC,ug.mL-1,0.05,CHEMBL354,Escherichia coli,Escherichia coli,562.0,,MIC,ug ml-1,UO_0000274,0.05,CHEMBL158,C[C@H]1[C@H](NC(=O)/C(=N\OC(C)(C)C(=O)O)c2csc(N)n2)C(=O)N1S(=O)(=O)O,12.562141912320484,12.562141912320484,0.0349535856009066,-4.756268639419342,0.174788224513646,20.5,435.44000000000017,418.30400000000014,435.051854504,154,0,0.3620751467724121,-0.4782270320177159,0.4782270320177159,0.3620751467724121,1.4642857142857142,2.071428571428572,2.5,32.24529764273617,10.00401161573638,2.513331128805475,-2.416338874010568,2.230948535260857,-2.707807208919476,7.836563836647012,-0.1608446168429468,2.971847309732629,2.2592762983237704,953.8851353067348,21.43879310982592,14.8114553779692,16.444448539824652,12.752743308167698,7.578995896792942,9.855612118054724,6.221230582074894,8.399971119282888,3.730567932227123,5.414072402778615,2.1128455580549623,3.54351374163482,-2.78,690205.5939907836,21.519292322605008,7.325918985638601,4.204134383579708,162.59031069995737,20.994572059745856,11.735768823996422,10.843243482610037,5.601050810983688,11.814359458703011,16.27347016397548,14.141824241834009,14.083731696315263,8.417796984328938,11.336785877934735,5.15571272675054,20.771211599071872,5.380062770465915,6.041840829147961,37.29827438881211,50.26785898322327,0.0,14.605983116249774,5.15571272675054,38.455944068351485,5.733667477162185,11.073990765314376,0.0,0.0,11.050456081168516,5.131558479839333,0.0,11.336785877934735,68.54635098380861,29.525365011975733,0.0,26.46513959392033,10.535775497216456,0.0,0.0,0.0,201.58,51.4842470947288,22.801408536544404,0.0,15.130702465984026,0.0,11.336785877934735,26.151274369537788,0.0,0.0,15.456479851704078,20.23053332942989,31.44978820569469,0.9796905422586336,44.39737831563419,16.334751159546904,3.256457088644816,-3.375611656986792,-2.3123389733980013,0.0,3.692820624691566,-4.756268639419342,0.4615384615384615,28,5,13,0,1,1,0,1,1,10,4,15,7,0,1,1,2,-1.172499999999998,95.65050000000004,1,0,0,1,0,1,0,0,1,1,3,2,0,0,0,3,1,1,0,0,0,0,0,0,0,0,0,2,0,1,0,0,0,0,0,0,0,0,0,0,0,0,0,0,0,0,0,0,0,0,0,0,0,1,0,0,0,0,0,0,0,0,0,1,0,0,0,0,0,0,0,0,0,0,0,0,0,0,0,0,1,0,0,0,0,562.0,Escherichia coli,Bacteria
116441,,10877586,CHEMBL2025138,Antimicrobial activity against Pseudomonas aeruginosa after 16 to 20 hrs by 2-fold microbroth dilution method,F,BAO_0000179,BAO_0000218,organism-based format,C[C@H]1[C@H](NC(=O)/C(=N\OC(C)(C)C(=O)O)c2csc(N)n2)C(=O)N1S(=O)(=O)O,CHEMBL2021790,J Med Chem,2012.0,CHEMBL158,AZTREONAM,CHEMBL158,0,http://www.openphacts.org/units/MicrogramPerMilliliter,1639045,=,1,1,=,MIC90,ug.mL-1,64.0,CHEMBL348,Pseudomonas aeruginosa,Pseudomonas aeruginosa,287.0,,MIC90,ug ml-1,UO_0000274,64.0,CHEMBL158,C[C@H]1[C@H](NC(=O)/C(=N\OC(C)(C)C(=O)O)c2csc(N)n2)C(=O)N1S(=O)(=O)O,12.562141912320484,12.562141912320484,0.0349535856009066,-4.756268639419342,0.174788224513646,20.5,435.44000000000017,418.30400000000014,435.051854504,154,0,0.3620751467724121,-0.4782270320177159,0.4782270320177159,0.3620751467724121,1.4642857142857142,2.071428571428572,2.5,32.24529764273617,10.00401161573638,2.513331128805475,-2.416338874010568,2.230948535260857,-2.707807208919476,7.836563836647012,-0.1608446168429468,2.971847309732629,2.2592762983237704,953.8851353067348,21.43879310982592,14.8114553779692,16.444448539824652,12.752743308167698,7.578995896792942,9.855612118054724,6.221230582074894,8.399971119282888,3.730567932227123,5.414072402778615,2.1128455580549623,3.54351374163482,-2.78,690205.5939907836,21.519292322605008,7.325918985638601,4.204134383579708,162.59031069995737,20.994572059745856,11.735768823996422,10.843243482610037,5.601050810983688,11.814359458703011,16.27347016397548,14.141824241834009,14.083731696315263,8.417796984328938,11.336785877934735,5.15571272675054,20.771211599071872,5.380062770465915,6.041840829147961,37.29827438881211,50.26785898322327,0.0,14.605983116249774,5.15571272675054,38.455944068351485,5.733667477162185,11.073990765314376,0.0,0.0,11.050456081168516,5.131558479839333,0.0,11.336785877934735,68.54635098380861,29.525365011975733,0.0,26.46513959392033,10.535775497216456,0.0,0.0,0.0,201.58,51.4842470947288,22.801408536544404,0.0,15.130702465984026,0.0,11.336785877934735,26.151274369537788,0.0,0.0,15.456479851704078,20.23053332942989,31.44978820569469,0.9796905422586336,44.39737831563419,16.334751159546904,3.256457088644816,-3.375611656986792,-2.3123389733980013,0.0,3.692820624691566,-4.756268639419342,0.4615384615384615,28,5,13,0,1,1,0,1,1,10,4,15,7,0,1,1,2,-1.172499999999998,95.65050000000004,1,0,0,1,0,1,0,0,1,1,3,2,0,0,0,3,1,1,0,0,0,0,0,0,0,0,0,2,0,1,0,0,0,0,0,0,0,0,0,0,0,0,0,0,0,0,0,0,0,0,0,0,0,1,0,0,0,0,0,0,0,0,0,1,0,0,0,0,0,0,0,0,0,0,0,0,0,0,0,0,1,0,0,0,0,287.0,Pseudomonas aeruginosa,Bacteria
116441,,10877586,CHEMBL2025138,Antimicrobial activity against Pseudomonas aeruginosa after 16 to 20 hrs by 2-fold microbroth dilution method,F,BAO_0000179,BAO_0000218,organism-based format,C[C@H]1[C@H](NC(=O)/C(=N\OC(C)(C)C(=O)O)c2csc(N)n2)C(=O)N1S(=O)(=O)O,CHEMBL2021790,J Med Chem,2012.0,CHEMBL158,AZTREONAM,CHEMBL158,0,http://www.openphacts.org/units/MicrogramPerMilliliter,1639045,=,1,1,=,MIC90,ug.mL-1,64.0,CHEMBL348,Pseudomonas aeruginosa,Pseudomonas aeruginosa,287.0,,MIC90,ug ml-1,UO_0000274,64.0,CHEMBL158,C[C@H]1[C@H](NC(=O)/C(=N\OC(C)(C)C(=O)O)c2csc(N)n2)C(=O)N1S(=O)(=O)O,12.562141912320484,12.562141912320484,0.0349535856009066,-4.756268639419342,0.174788224513646,20.5,435.44000000000017,418.30400000000014,435.051854504,154,0,0.3620751467724121,-0.4782270320177159,0.4782270320177159,0.3620751467724121,1.4642857142857142,2.071428571428572,2.5,32.24529764273617,10.00401161573638,2.513331128805475,-2.416338874010568,2.230948535260857,-2.707807208919476,7.836563836647012,-0.1608446168429468,2.971847309732629,2.2592762983237704,953.8851353067348,21.43879310982592,14.8114553779692,16.444448539824652,12.752743308167698,7.578995896792942,9.855612118054724,6.221230582074894,8.399971119282888,3.730567932227123,5.414072402778615,2.1128455580549623,3.54351374163482,-2.78,690205.5939907836,21.519292322605008,7.325918985638601,4.204134383579708,162.59031069995737,20.994572059745856,11.735768823996422,10.843243482610037,5.601050810983688,11.814359458703011,16.27347016397548,14.141824241834009,14.083731696315263,8.417796984328938,11.336785877934735,5.15571272675054,20.771211599071872,5.380062770465915,6.041840829147961,37.29827438881211,50.26785898322327,0.0,14.605983116249774,5.15571272675054,38.455944068351485,5.733667477162185,11.073990765314376,0.0,0.0,11.050456081168516,5.131558479839333,0.0,11.336785877934735,68.54635098380861,29.525365011975733,0.0,26.46513959392033,10.535775497216456,0.0,0.0,0.0,201.58,51.4842470947288,22.801408536544404,0.0,15.130702465984026,0.0,11.336785877934735,26.151274369537788,0.0,0.0,15.456479851704078,20.23053332942989,31.44978820569469,0.9796905422586336,44.39737831563419,16.334751159546904,3.256457088644816,-3.375611656986792,-2.3123389733980013,0.0,3.692820624691566,-4.756268639419342,0.4615384615384615,28,5,13,0,1,1,0,1,1,10,4,15,7,0,1,1,2,-1.172499999999998,95.65050000000004,1,0,0,1,0,1,0,0,1,1,3,2,0,0,0,3,1,1,0,0,0,0,0,0,0,0,0,2,0,1,0,0,0,0,0,0,0,0,0,0,0,0,0,0,0,0,0,0,0,0,0,0,0,1,0,0,0,0,0,0,0,0,0,1,0,0,0,0,0,0,0,0,0,0,0,0,0,0,0,0,1,0,0,0,0,287.0,Pseudomonas aeruginosa,Bacteria
116441,,10877586,CHEMBL2025138,Antimicrobial activity against Pseudomonas aeruginosa after 16 to 20 hrs by 2-fold microbroth dilution method,F,BAO_0000179,BAO_0000218,organism-based format,C[C@H]1[C@H](NC(=O)/C(=N\OC(C)(C)C(=O)O)c2csc(N)n2)C(=O)N1S(=O)(=O)O,CHEMBL2021790,J Med Chem,2012.0,CHEMBL158,AZTREONAM,CHEMBL158,0,http://www.openphacts.org/units/MicrogramPerMilliliter,1639045,=,1,1,=,MIC90,ug.mL-1,64.0,CHEMBL348,Pseudomonas aeruginosa,Pseudomonas aeruginosa,287.0,,MIC90,ug ml-1,UO_0000274,64.0,CHEMBL158,C[C@H]1[C@H](NC(=O)/C(=N\OC(C)(C)C(=O)O)c2csc(N)n2)C(=O)N1S(=O)(=O)O,12.562141912320484,12.562141912320484,0.0349535856009066,-4.756268639419342,0.174788224513646,20.5,435.44000000000017,418.30400000000014,435.051854504,154,0,0.3620751467724121,-0.4782270320177159,0.4782270320177159,0.3620751467724121,1.4642857142857142,2.071428571428572,2.5,32.24529764273617,10.00401161573638,2.513331128805475,-2.416338874010568,2.230948535260857,-2.707807208919476,7.836563836647012,-0.1608446168429468,2.971847309732629,2.2592762983237704,953.8851353067348,21.43879310982592,14.8114553779692,16.444448539824652,12.752743308167698,7.578995896792942,9.855612118054724,6.221230582074894,8.399971119282888,3.730567932227123,5.414072402778615,2.1128455580549623,3.54351374163482,-2.78,690205.5939907836,21.519292322605008,7.325918985638601,4.204134383579708,162.59031069995737,20.994572059745856,11.735768823996422,10.843243482610037,5.601050810983688,11.814359458703011,16.27347016397548,14.141824241834009,14.083731696315263,8.417796984328938,11.336785877934735,5.15571272675054,20.771211599071872,5.380062770465915,6.041840829147961,37.29827438881211,50.26785898322327,0.0,14.605983116249774,5.15571272675054,38.455944068351485,5.733667477162185,11.073990765314376,0.0,0.0,11.050456081168516,5.131558479839333,0.0,11.336785877934735,68.54635098380861,29.525365011975733,0.0,26.46513959392033,10.535775497216456,0.0,0.0,0.0,201.58,51.4842470947288,22.801408536544404,0.0,15.130702465984026,0.0,11.336785877934735,26.151274369537788,0.0,0.0,15.456479851704078,20.23053332942989,31.44978820569469,0.9796905422586336,44.39737831563419,16.334751159546904,3.256457088644816,-3.375611656986792,-2.3123389733980013,0.0,3.692820624691566,-4.756268639419342,0.4615384615384615,28,5,13,0,1,1,0,1,1,10,4,15,7,0,1,1,2,-1.172499999999998,95.65050000000004,1,0,0,1,0,1,0,0,1,1,3,2,0,0,0,3,1,1,0,0,0,0,0,0,0,0,0,2,0,1,0,0,0,0,0,0,0,0,0,0,0,0,0,0,0,0,0,0,0,0,0,0,0,1,0,0,0,0,0,0,0,0,0,1,0,0,0,0,0,0,0,0,0,0,0,0,0,0,0,0,1,0,0,0,0,287.0,Pseudomonas aeruginosa,Bacteria
116442,,10877599,CHEMBL2025139,Antimicrobial activity against Escherichia coli after 16 to 20 hrs by 2-fold microbroth dilution method,F,BAO_0000179,BAO_0000218,organism-based format,C[C@H]1[C@H](NC(=O)/C(=N\OC(C)(C)C(=O)O)c2csc(N)n2)C(=O)N1S(=O)(=O)O,CHEMBL2021790,J Med Chem,2012.0,CHEMBL158,AZTREONAM,CHEMBL158,0,http://www.openphacts.org/units/MicrogramPerMilliliter,1639045,>,1,1,>,MIC90,ug.mL-1,64.0,CHEMBL354,Escherichia coli,Escherichia coli,562.0,,MIC90,ug ml-1,UO_0000274,64.0,CHEMBL158,C[C@H]1[C@H](NC(=O)/C(=N\OC(C)(C)C(=O)O)c2csc(N)n2)C(=O)N1S(=O)(=O)O,12.562141912320484,12.562141912320484,0.0349535856009066,-4.756268639419342,0.174788224513646,20.5,435.44000000000017,418.30400000000014,435.051854504,154,0,0.3620751467724121,-0.4782270320177159,0.4782270320177159,0.3620751467724121,1.4642857142857142,2.071428571428572,2.5,32.24529764273617,10.00401161573638,2.513331128805475,-2.416338874010568,2.230948535260857,-2.707807208919476,7.836563836647012,-0.1608446168429468,2.971847309732629,2.2592762983237704,953.8851353067348,21.43879310982592,14.8114553779692,16.444448539824652,12.752743308167698,7.578995896792942,9.855612118054724,6.221230582074894,8.399971119282888,3.730567932227123,5.414072402778615,2.1128455580549623,3.54351374163482,-2.78,690205.5939907836,21.519292322605008,7.325918985638601,4.204134383579708,162.59031069995737,20.994572059745856,11.735768823996422,10.843243482610037,5.601050810983688,11.814359458703011,16.27347016397548,14.141824241834009,14.083731696315263,8.417796984328938,11.336785877934735,5.15571272675054,20.771211599071872,5.380062770465915,6.041840829147961,37.29827438881211,50.26785898322327,0.0,14.605983116249774,5.15571272675054,38.455944068351485,5.733667477162185,11.073990765314376,0.0,0.0,11.050456081168516,5.131558479839333,0.0,11.336785877934735,68.54635098380861,29.525365011975733,0.0,26.46513959392033,10.535775497216456,0.0,0.0,0.0,201.58,51.4842470947288,22.801408536544404,0.0,15.130702465984026,0.0,11.336785877934735,26.151274369537788,0.0,0.0,15.456479851704078,20.23053332942989,31.44978820569469,0.9796905422586336,44.39737831563419,16.334751159546904,3.256457088644816,-3.375611656986792,-2.3123389733980013,0.0,3.692820624691566,-4.756268639419342,0.4615384615384615,28,5,13,0,1,1,0,1,1,10,4,15,7,0,1,1,2,-1.172499999999998,95.65050000000004,1,0,0,1,0,1,0,0,1,1,3,2,0,0,0,3,1,1,0,0,0,0,0,0,0,0,0,2,0,1,0,0,0,0,0,0,0,0,0,0,0,0,0,0,0,0,0,0,0,0,0,0,0,1,0,0,0,0,0,0,0,0,0,1,0,0,0,0,0,0,0,0,0,0,0,0,0,0,0,0,1,0,0,0,0,562.0,Escherichia coli,Bacteria
116442,,10877599,CHEMBL2025139,Antimicrobial activity against Escherichia coli after 16 to 20 hrs by 2-fold microbroth dilution method,F,BAO_0000179,BAO_0000218,organism-based format,C[C@H]1[C@H](NC(=O)/C(=N\OC(C)(C)C(=O)O)c2csc(N)n2)C(=O)N1S(=O)(=O)O,CHEMBL2021790,J Med Chem,2012.0,CHEMBL158,AZTREONAM,CHEMBL158,0,http://www.openphacts.org/units/MicrogramPerMilliliter,1639045,>,1,1,>,MIC90,ug.mL-1,64.0,CHEMBL354,Escherichia coli,Escherichia coli,562.0,,MIC90,ug ml-1,UO_0000274,64.0,CHEMBL158,C[C@H]1[C@H](NC(=O)/C(=N\OC(C)(C)C(=O)O)c2csc(N)n2)C(=O)N1S(=O)(=O)O,12.562141912320484,12.562141912320484,0.0349535856009066,-4.756268639419342,0.174788224513646,20.5,435.44000000000017,418.30400000000014,435.051854504,154,0,0.3620751467724121,-0.4782270320177159,0.4782270320177159,0.3620751467724121,1.4642857142857142,2.071428571428572,2.5,32.24529764273617,10.00401161573638,2.513331128805475,-2.416338874010568,2.230948535260857,-2.707807208919476,7.836563836647012,-0.1608446168429468,2.971847309732629,2.2592762983237704,953.8851353067348,21.43879310982592,14.8114553779692,16.444448539824652,12.752743308167698,7.578995896792942,9.855612118054724,6.221230582074894,8.399971119282888,3.730567932227123,5.414072402778615,2.1128455580549623,3.54351374163482,-2.78,690205.5939907836,21.519292322605008,7.325918985638601,4.204134383579708,162.59031069995737,20.994572059745856,11.735768823996422,10.843243482610037,5.601050810983688,11.814359458703011,16.27347016397548,14.141824241834009,14.083731696315263,8.417796984328938,11.336785877934735,5.15571272675054,20.771211599071872,5.380062770465915,6.041840829147961,37.29827438881211,50.26785898322327,0.0,14.605983116249774,5.15571272675054,38.455944068351485,5.733667477162185,11.073990765314376,0.0,0.0,11.050456081168516,5.131558479839333,0.0,11.336785877934735,68.54635098380861,29.525365011975733,0.0,26.46513959392033,10.535775497216456,0.0,0.0,0.0,201.58,51.4842470947288,22.801408536544404,0.0,15.130702465984026,0.0,11.336785877934735,26.151274369537788,0.0,0.0,15.456479851704078,20.23053332942989,31.44978820569469,0.9796905422586336,44.39737831563419,16.334751159546904,3.256457088644816,-3.375611656986792,-2.3123389733980013,0.0,3.692820624691566,-4.756268639419342,0.4615384615384615,28,5,13,0,1,1,0,1,1,10,4,15,7,0,1,1,2,-1.172499999999998,95.65050000000004,1,0,0,1,0,1,0,0,1,1,3,2,0,0,0,3,1,1,0,0,0,0,0,0,0,0,0,2,0,1,0,0,0,0,0,0,0,0,0,0,0,0,0,0,0,0,0,0,0,0,0,0,0,1,0,0,0,0,0,0,0,0,0,1,0,0,0,0,0,0,0,0,0,0,0,0,0,0,0,0,1,0,0,0,0,562.0,Escherichia coli,Bacteria
116442,,10877599,CHEMBL2025139,Antimicrobial activity against Escherichia coli after 16 to 20 hrs by 2-fold microbroth dilution method,F,BAO_0000179,BAO_0000218,organism-based format,C[C@H]1[C@H](NC(=O)/C(=N\OC(C)(C)C(=O)O)c2csc(N)n2)C(=O)N1S(=O)(=O)O,CHEMBL2021790,J Med Chem,2012.0,CHEMBL158,AZTREONAM,CHEMBL158,0,http://www.openphacts.org/units/MicrogramPerMilliliter,1639045,>,1,1,>,MIC90,ug.mL-1,64.0,CHEMBL354,Escherichia coli,Escherichia coli,562.0,,MIC90,ug ml-1,UO_0000274,64.0,CHEMBL158,C[C@H]1[C@H](NC(=O)/C(=N\OC(C)(C)C(=O)O)c2csc(N)n2)C(=O)N1S(=O)(=O)O,12.562141912320484,12.562141912320484,0.0349535856009066,-4.756268639419342,0.174788224513646,20.5,435.44000000000017,418.30400000000014,435.051854504,154,0,0.3620751467724121,-0.4782270320177159,0.4782270320177159,0.3620751467724121,1.4642857142857142,2.071428571428572,2.5,32.24529764273617,10.00401161573638,2.513331128805475,-2.416338874010568,2.230948535260857,-2.707807208919476,7.836563836647012,-0.1608446168429468,2.971847309732629,2.2592762983237704,953.8851353067348,21.43879310982592,14.8114553779692,16.444448539824652,12.752743308167698,7.578995896792942,9.855612118054724,6.221230582074894,8.399971119282888,3.730567932227123,5.414072402778615,2.1128455580549623,3.54351374163482,-2.78,690205.5939907836,21.519292322605008,7.325918985638601,4.204134383579708,162.59031069995737,20.994572059745856,11.735768823996422,10.843243482610037,5.601050810983688,11.814359458703011,16.27347016397548,14.141824241834009,14.083731696315263,8.417796984328938,11.336785877934735,5.15571272675054,20.771211599071872,5.380062770465915,6.041840829147961,37.29827438881211,50.26785898322327,0.0,14.605983116249774,5.15571272675054,38.455944068351485,5.733667477162185,11.073990765314376,0.0,0.0,11.050456081168516,5.131558479839333,0.0,11.336785877934735,68.54635098380861,29.525365011975733,0.0,26.46513959392033,10.535775497216456,0.0,0.0,0.0,201.58,51.4842470947288,22.801408536544404,0.0,15.130702465984026,0.0,11.336785877934735,26.151274369537788,0.0,0.0,15.456479851704078,20.23053332942989,31.44978820569469,0.9796905422586336,44.39737831563419,16.334751159546904,3.256457088644816,-3.375611656986792,-2.3123389733980013,0.0,3.692820624691566,-4.756268639419342,0.4615384615384615,28,5,13,0,1,1,0,1,1,10,4,15,7,0,1,1,2,-1.172499999999998,95.65050000000004,1,0,0,1,0,1,0,0,1,1,3,2,0,0,0,3,1,1,0,0,0,0,0,0,0,0,0,2,0,1,0,0,0,0,0,0,0,0,0,0,0,0,0,0,0,0,0,0,0,0,0,0,0,1,0,0,0,0,0,0,0,0,0,1,0,0,0,0,0,0,0,0,0,0,0,0,0,0,0,0,1,0,0,0,0,562.0,Escherichia coli,Bacteria
116442,,10877599,CHEMBL2025139,Antimicrobial activity against Escherichia coli after 16 to 20 hrs by 2-fold microbroth dilution method,F,BAO_0000179,BAO_0000218,organism-based format,C[C@H]1[C@H](NC(=O)/C(=N\OC(C)(C)C(=O)O)c2csc(N)n2)C(=O)N1S(=O)(=O)O,CHEMBL2021790,J Med Chem,2012.0,CHEMBL158,AZTREONAM,CHEMBL158,0,http://www.openphacts.org/units/MicrogramPerMilliliter,1639045,>,1,1,>,MIC90,ug.mL-1,64.0,CHEMBL354,Escherichia coli,Escherichia coli,562.0,,MIC90,ug ml-1,UO_0000274,64.0,CHEMBL158,C[C@H]1[C@H](NC(=O)/C(=N\OC(C)(C)C(=O)O)c2csc(N)n2)C(=O)N1S(=O)(=O)O,12.562141912320484,12.562141912320484,0.0349535856009066,-4.756268639419342,0.174788224513646,20.5,435.44000000000017,418.30400000000014,435.051854504,154,0,0.3620751467724121,-0.4782270320177159,0.4782270320177159,0.3620751467724121,1.4642857142857142,2.071428571428572,2.5,32.24529764273617,10.00401161573638,2.513331128805475,-2.416338874010568,2.230948535260857,-2.707807208919476,7.836563836647012,-0.1608446168429468,2.971847309732629,2.2592762983237704,953.8851353067348,21.43879310982592,14.8114553779692,16.444448539824652,12.752743308167698,7.578995896792942,9.855612118054724,6.221230582074894,8.399971119282888,3.730567932227123,5.414072402778615,2.1128455580549623,3.54351374163482,-2.78,690205.5939907836,21.519292322605008,7.325918985638601,4.204134383579708,162.59031069995737,20.994572059745856,11.735768823996422,10.843243482610037,5.601050810983688,11.814359458703011,16.27347016397548,14.141824241834009,14.083731696315263,8.417796984328938,11.336785877934735,5.15571272675054,20.771211599071872,5.380062770465915,6.041840829147961,37.29827438881211,50.26785898322327,0.0,14.605983116249774,5.15571272675054,38.455944068351485,5.733667477162185,11.073990765314376,0.0,0.0,11.050456081168516,5.131558479839333,0.0,11.336785877934735,68.54635098380861,29.525365011975733,0.0,26.46513959392033,10.535775497216456,0.0,0.0,0.0,201.58,51.4842470947288,22.801408536544404,0.0,15.130702465984026,0.0,11.336785877934735,26.151274369537788,0.0,0.0,15.456479851704078,20.23053332942989,31.44978820569469,0.9796905422586336,44.39737831563419,16.334751159546904,3.256457088644816,-3.375611656986792,-2.3123389733980013,0.0,3.692820624691566,-4.756268639419342,0.4615384615384615,28,5,13,0,1,1,0,1,1,10,4,15,7,0,1,1,2,-1.172499999999998,95.65050000000004,1,0,0,1,0,1,0,0,1,1,3,2,0,0,0,3,1,1,0,0,0,0,0,0,0,0,0,2,0,1,0,0,0,0,0,0,0,0,0,0,0,0,0,0,0,0,0,0,0,0,0,0,0,1,0,0,0,0,0,0,0,0,0,1,0,0,0,0,0,0,0,0,0,0,0,0,0,0,0,0,1,0,0,0,0,562.0,Escherichia coli,Bacteria
116443,,10877612,CHEMBL2025140,Antimicrobial activity against Klebsiella pneumoniae after 16 to 20 hrs by 2-fold microbroth dilution method,F,BAO_0000179,BAO_0000218,organism-based format,C[C@H]1[C@H](NC(=O)/C(=N\OC(C)(C)C(=O)O)c2csc(N)n2)C(=O)N1S(=O)(=O)O,CHEMBL2021790,J Med Chem,2012.0,CHEMBL158,AZTREONAM,CHEMBL158,0,http://www.openphacts.org/units/MicrogramPerMilliliter,1639045,>,1,1,>,MIC90,ug.mL-1,64.0,CHEMBL350,Klebsiella pneumoniae,Klebsiella pneumoniae,573.0,,MIC90,ug ml-1,UO_0000274,64.0,CHEMBL158,C[C@H]1[C@H](NC(=O)/C(=N\OC(C)(C)C(=O)O)c2csc(N)n2)C(=O)N1S(=O)(=O)O,12.562141912320484,12.562141912320484,0.0349535856009066,-4.756268639419342,0.174788224513646,20.5,435.44000000000017,418.30400000000014,435.051854504,154,0,0.3620751467724121,-0.4782270320177159,0.4782270320177159,0.3620751467724121,1.4642857142857142,2.071428571428572,2.5,32.24529764273617,10.00401161573638,2.513331128805475,-2.416338874010568,2.230948535260857,-2.707807208919476,7.836563836647012,-0.1608446168429468,2.971847309732629,2.2592762983237704,953.8851353067348,21.43879310982592,14.8114553779692,16.444448539824652,12.752743308167698,7.578995896792942,9.855612118054724,6.221230582074894,8.399971119282888,3.730567932227123,5.414072402778615,2.1128455580549623,3.54351374163482,-2.78,690205.5939907836,21.519292322605008,7.325918985638601,4.204134383579708,162.59031069995737,20.994572059745856,11.735768823996422,10.843243482610037,5.601050810983688,11.814359458703011,16.27347016397548,14.141824241834009,14.083731696315263,8.417796984328938,11.336785877934735,5.15571272675054,20.771211599071872,5.380062770465915,6.041840829147961,37.29827438881211,50.26785898322327,0.0,14.605983116249774,5.15571272675054,38.455944068351485,5.733667477162185,11.073990765314376,0.0,0.0,11.050456081168516,5.131558479839333,0.0,11.336785877934735,68.54635098380861,29.525365011975733,0.0,26.46513959392033,10.535775497216456,0.0,0.0,0.0,201.58,51.4842470947288,22.801408536544404,0.0,15.130702465984026,0.0,11.336785877934735,26.151274369537788,0.0,0.0,15.456479851704078,20.23053332942989,31.44978820569469,0.9796905422586336,44.39737831563419,16.334751159546904,3.256457088644816,-3.375611656986792,-2.3123389733980013,0.0,3.692820624691566,-4.756268639419342,0.4615384615384615,28,5,13,0,1,1,0,1,1,10,4,15,7,0,1,1,2,-1.172499999999998,95.65050000000004,1,0,0,1,0,1,0,0,1,1,3,2,0,0,0,3,1,1,0,0,0,0,0,0,0,0,0,2,0,1,0,0,0,0,0,0,0,0,0,0,0,0,0,0,0,0,0,0,0,0,0,0,0,1,0,0,0,0,0,0,0,0,0,1,0,0,0,0,0,0,0,0,0,0,0,0,0,0,0,0,1,0,0,0,0,573.0,Klebsiella pneumoniae,Bacteria
116443,,10877612,CHEMBL2025140,Antimicrobial activity against Klebsiella pneumoniae after 16 to 20 hrs by 2-fold microbroth dilution method,F,BAO_0000179,BAO_0000218,organism-based format,C[C@H]1[C@H](NC(=O)/C(=N\OC(C)(C)C(=O)O)c2csc(N)n2)C(=O)N1S(=O)(=O)O,CHEMBL2021790,J Med Chem,2012.0,CHEMBL158,AZTREONAM,CHEMBL158,0,http://www.openphacts.org/units/MicrogramPerMilliliter,1639045,>,1,1,>,MIC90,ug.mL-1,64.0,CHEMBL350,Klebsiella pneumoniae,Klebsiella pneumoniae,573.0,,MIC90,ug ml-1,UO_0000274,64.0,CHEMBL158,C[C@H]1[C@H](NC(=O)/C(=N\OC(C)(C)C(=O)O)c2csc(N)n2)C(=O)N1S(=O)(=O)O,12.562141912320484,12.562141912320484,0.0349535856009066,-4.756268639419342,0.174788224513646,20.5,435.44000000000017,418.30400000000014,435.051854504,154,0,0.3620751467724121,-0.4782270320177159,0.4782270320177159,0.3620751467724121,1.4642857142857142,2.071428571428572,2.5,32.24529764273617,10.00401161573638,2.513331128805475,-2.416338874010568,2.230948535260857,-2.707807208919476,7.836563836647012,-0.1608446168429468,2.971847309732629,2.2592762983237704,953.8851353067348,21.43879310982592,14.8114553779692,16.444448539824652,12.752743308167698,7.578995896792942,9.855612118054724,6.221230582074894,8.399971119282888,3.730567932227123,5.414072402778615,2.1128455580549623,3.54351374163482,-2.78,690205.5939907836,21.519292322605008,7.325918985638601,4.204134383579708,162.59031069995737,20.994572059745856,11.735768823996422,10.843243482610037,5.601050810983688,11.814359458703011,16.27347016397548,14.141824241834009,14.083731696315263,8.417796984328938,11.336785877934735,5.15571272675054,20.771211599071872,5.380062770465915,6.041840829147961,37.29827438881211,50.26785898322327,0.0,14.605983116249774,5.15571272675054,38.455944068351485,5.733667477162185,11.073990765314376,0.0,0.0,11.050456081168516,5.131558479839333,0.0,11.336785877934735,68.54635098380861,29.525365011975733,0.0,26.46513959392033,10.535775497216456,0.0,0.0,0.0,201.58,51.4842470947288,22.801408536544404,0.0,15.130702465984026,0.0,11.336785877934735,26.151274369537788,0.0,0.0,15.456479851704078,20.23053332942989,31.44978820569469,0.9796905422586336,44.39737831563419,16.334751159546904,3.256457088644816,-3.375611656986792,-2.3123389733980013,0.0,3.692820624691566,-4.756268639419342,0.4615384615384615,28,5,13,0,1,1,0,1,1,10,4,15,7,0,1,1,2,-1.172499999999998,95.65050000000004,1,0,0,1,0,1,0,0,1,1,3,2,0,0,0,3,1,1,0,0,0,0,0,0,0,0,0,2,0,1,0,0,0,0,0,0,0,0,0,0,0,0,0,0,0,0,0,0,0,0,0,0,0,1,0,0,0,0,0,0,0,0,0,1,0,0,0,0,0,0,0,0,0,0,0,0,0,0,0,0,1,0,0,0,0,573.0,Klebsiella pneumoniae,Bacteria
116444,,10877625,CHEMBL2025141,Antimicrobial activity against Acinetobacter sp. after 16 to 20 hrs by 2-fold microbroth dilution method,F,BAO_0000179,BAO_0000218,organism-based format,C[C@H]1[C@H](NC(=O)/C(=N\OC(C)(C)C(=O)O)c2csc(N)n2)C(=O)N1S(=O)(=O)O,CHEMBL2021790,J Med Chem,2012.0,CHEMBL158,AZTREONAM,CHEMBL158,0,http://www.openphacts.org/units/MicrogramPerMilliliter,1639045,=,1,1,=,MIC90,ug.mL-1,32.0,CHEMBL614427,Acinetobacter sp.,Acinetobacter sp.,472.0,,MIC90,ug ml-1,UO_0000274,32.0,CHEMBL158,C[C@H]1[C@H](NC(=O)/C(=N\OC(C)(C)C(=O)O)c2csc(N)n2)C(=O)N1S(=O)(=O)O,12.562141912320484,12.562141912320484,0.0349535856009066,-4.756268639419342,0.174788224513646,20.5,435.44000000000017,418.30400000000014,435.051854504,154,0,0.3620751467724121,-0.4782270320177159,0.4782270320177159,0.3620751467724121,1.4642857142857142,2.071428571428572,2.5,32.24529764273617,10.00401161573638,2.513331128805475,-2.416338874010568,2.230948535260857,-2.707807208919476,7.836563836647012,-0.1608446168429468,2.971847309732629,2.2592762983237704,953.8851353067348,21.43879310982592,14.8114553779692,16.444448539824652,12.752743308167698,7.578995896792942,9.855612118054724,6.221230582074894,8.399971119282888,3.730567932227123,5.414072402778615,2.1128455580549623,3.54351374163482,-2.78,690205.5939907836,21.519292322605008,7.325918985638601,4.204134383579708,162.59031069995737,20.994572059745856,11.735768823996422,10.843243482610037,5.601050810983688,11.814359458703011,16.27347016397548,14.141824241834009,14.083731696315263,8.417796984328938,11.336785877934735,5.15571272675054,20.771211599071872,5.380062770465915,6.041840829147961,37.29827438881211,50.26785898322327,0.0,14.605983116249774,5.15571272675054,38.455944068351485,5.733667477162185,11.073990765314376,0.0,0.0,11.050456081168516,5.131558479839333,0.0,11.336785877934735,68.54635098380861,29.525365011975733,0.0,26.46513959392033,10.535775497216456,0.0,0.0,0.0,201.58,51.4842470947288,22.801408536544404,0.0,15.130702465984026,0.0,11.336785877934735,26.151274369537788,0.0,0.0,15.456479851704078,20.23053332942989,31.44978820569469,0.9796905422586336,44.39737831563419,16.334751159546904,3.256457088644816,-3.375611656986792,-2.3123389733980013,0.0,3.692820624691566,-4.756268639419342,0.4615384615384615,28,5,13,0,1,1,0,1,1,10,4,15,7,0,1,1,2,-1.172499999999998,95.65050000000004,1,0,0,1,0,1,0,0,1,1,3,2,0,0,0,3,1,1,0,0,0,0,0,0,0,0,0,2,0,1,0,0,0,0,0,0,0,0,0,0,0,0,0,0,0,0,0,0,0,0,0,0,0,1,0,0,0,0,0,0,0,0,0,1,0,0,0,0,0,0,0,0,0,0,0,0,0,0,0,0,1,0,0,0,0,472.0,Acinetobacter sp.,Bacteria
116445,,10877638,CHEMBL2025142,Antimicrobial activity against Enterobacter aerogenes after 16 to 20 hrs by 2-fold microbroth dilution method,F,BAO_0000179,BAO_0000218,organism-based format,C[C@H]1[C@H](NC(=O)/C(=N\OC(C)(C)C(=O)O)c2csc(N)n2)C(=O)N1S(=O)(=O)O,CHEMBL2021790,J Med Chem,2012.0,CHEMBL158,AZTREONAM,CHEMBL158,0,http://www.openphacts.org/units/MicrogramPerMilliliter,1639045,=,1,1,=,MIC90,ug.mL-1,32.0,CHEMBL612508,Klebsiella aerogenes,Klebsiella aerogenes,548.0,,MIC90,ug ml-1,UO_0000274,32.0,CHEMBL158,C[C@H]1[C@H](NC(=O)/C(=N\OC(C)(C)C(=O)O)c2csc(N)n2)C(=O)N1S(=O)(=O)O,12.562141912320484,12.562141912320484,0.0349535856009066,-4.756268639419342,0.174788224513646,20.5,435.44000000000017,418.30400000000014,435.051854504,154,0,0.3620751467724121,-0.4782270320177159,0.4782270320177159,0.3620751467724121,1.4642857142857142,2.071428571428572,2.5,32.24529764273617,10.00401161573638,2.513331128805475,-2.416338874010568,2.230948535260857,-2.707807208919476,7.836563836647012,-0.1608446168429468,2.971847309732629,2.2592762983237704,953.8851353067348,21.43879310982592,14.8114553779692,16.444448539824652,12.752743308167698,7.578995896792942,9.855612118054724,6.221230582074894,8.399971119282888,3.730567932227123,5.414072402778615,2.1128455580549623,3.54351374163482,-2.78,690205.5939907836,21.519292322605008,7.325918985638601,4.204134383579708,162.59031069995737,20.994572059745856,11.735768823996422,10.843243482610037,5.601050810983688,11.814359458703011,16.27347016397548,14.141824241834009,14.083731696315263,8.417796984328938,11.336785877934735,5.15571272675054,20.771211599071872,5.380062770465915,6.041840829147961,37.29827438881211,50.26785898322327,0.0,14.605983116249774,5.15571272675054,38.455944068351485,5.733667477162185,11.073990765314376,0.0,0.0,11.050456081168516,5.131558479839333,0.0,11.336785877934735,68.54635098380861,29.525365011975733,0.0,26.46513959392033,10.535775497216456,0.0,0.0,0.0,201.58,51.4842470947288,22.801408536544404,0.0,15.130702465984026,0.0,11.336785877934735,26.151274369537788,0.0,0.0,15.456479851704078,20.23053332942989,31.44978820569469,0.9796905422586336,44.39737831563419,16.334751159546904,3.256457088644816,-3.375611656986792,-2.3123389733980013,0.0,3.692820624691566,-4.756268639419342,0.4615384615384615,28,5,13,0,1,1,0,1,1,10,4,15,7,0,1,1,2,-1.172499999999998,95.65050000000004,1,0,0,1,0,1,0,0,1,1,3,2,0,0,0,3,1,1,0,0,0,0,0,0,0,0,0,2,0,1,0,0,0,0,0,0,0,0,0,0,0,0,0,0,0,0,0,0,0,0,0,0,0,1,0,0,0,0,0,0,0,0,0,1,0,0,0,0,0,0,0,0,0,0,0,0,0,0,0,0,1,0,0,0,0,548.0,Klebsiella aerogenes,Bacteria
116446,,10877651,CHEMBL2025277,Antimicrobial activity against Citrobacter freundii after 16 to 20 hrs by 2-fold microbroth dilution method,F,BAO_0000179,BAO_0000218,organism-based format,C[C@H]1[C@H](NC(=O)/C(=N\OC(C)(C)C(=O)O)c2csc(N)n2)C(=O)N1S(=O)(=O)O,CHEMBL2021790,J Med Chem,2012.0,CHEMBL158,AZTREONAM,CHEMBL158,0,http://www.openphacts.org/units/MicrogramPerMilliliter,1639045,>,1,1,>,MIC90,ug.mL-1,64.0,CHEMBL612615,Citrobacter freundii,Citrobacter freundii,546.0,,MIC90,ug ml-1,UO_0000274,64.0,CHEMBL158,C[C@H]1[C@H](NC(=O)/C(=N\OC(C)(C)C(=O)O)c2csc(N)n2)C(=O)N1S(=O)(=O)O,12.562141912320484,12.562141912320484,0.0349535856009066,-4.756268639419342,0.174788224513646,20.5,435.44000000000017,418.30400000000014,435.051854504,154,0,0.3620751467724121,-0.4782270320177159,0.4782270320177159,0.3620751467724121,1.4642857142857142,2.071428571428572,2.5,32.24529764273617,10.00401161573638,2.513331128805475,-2.416338874010568,2.230948535260857,-2.707807208919476,7.836563836647012,-0.1608446168429468,2.971847309732629,2.2592762983237704,953.8851353067348,21.43879310982592,14.8114553779692,16.444448539824652,12.752743308167698,7.578995896792942,9.855612118054724,6.221230582074894,8.399971119282888,3.730567932227123,5.414072402778615,2.1128455580549623,3.54351374163482,-2.78,690205.5939907836,21.519292322605008,7.325918985638601,4.204134383579708,162.59031069995737,20.994572059745856,11.735768823996422,10.843243482610037,5.601050810983688,11.814359458703011,16.27347016397548,14.141824241834009,14.083731696315263,8.417796984328938,11.336785877934735,5.15571272675054,20.771211599071872,5.380062770465915,6.041840829147961,37.29827438881211,50.26785898322327,0.0,14.605983116249774,5.15571272675054,38.455944068351485,5.733667477162185,11.073990765314376,0.0,0.0,11.050456081168516,5.131558479839333,0.0,11.336785877934735,68.54635098380861,29.525365011975733,0.0,26.46513959392033,10.535775497216456,0.0,0.0,0.0,201.58,51.4842470947288,22.801408536544404,0.0,15.130702465984026,0.0,11.336785877934735,26.151274369537788,0.0,0.0,15.456479851704078,20.23053332942989,31.44978820569469,0.9796905422586336,44.39737831563419,16.334751159546904,3.256457088644816,-3.375611656986792,-2.3123389733980013,0.0,3.692820624691566,-4.756268639419342,0.4615384615384615,28,5,13,0,1,1,0,1,1,10,4,15,7,0,1,1,2,-1.172499999999998,95.65050000000004,1,0,0,1,0,1,0,0,1,1,3,2,0,0,0,3,1,1,0,0,0,0,0,0,0,0,0,2,0,1,0,0,0,0,0,0,0,0,0,0,0,0,0,0,0,0,0,0,0,0,0,0,0,1,0,0,0,0,0,0,0,0,0,1,0,0,0,0,0,0,0,0,0,0,0,0,0,0,0,0,1,0,0,0,0,546.0,Citrobacter freundii,Bacteria
116447,,10987146,CHEMBL2071698,"Antibacterial activity against penicillin-resistant, quinolone-sensitive Pseudomonas aeruginosa 1091-05",F,BAO_0000179,BAO_0000218,organism-based format,C[C@H]1[C@H](NC(=O)/C(=N\OC(C)(C)C(=O)O)c2csc(N)n2)C(=O)N1S(=O)(=O)O,CHEMBL2069171,Bioorg Med Chem Lett,2012.0,CHEMBL158,AZTREONAM,CHEMBL158,0,http://www.openphacts.org/units/MicrogramPerMilliliter,1661739,=,1,1,=,MIC90,ug.mL-1,2.0,CHEMBL348,Pseudomonas aeruginosa,Pseudomonas aeruginosa,287.0,,MIC90,ug ml-1,UO_0000274,2.0,CHEMBL158,C[C@H]1[C@H](NC(=O)/C(=N\OC(C)(C)C(=O)O)c2csc(N)n2)C(=O)N1S(=O)(=O)O,12.562141912320484,12.562141912320484,0.0349535856009066,-4.756268639419342,0.174788224513646,20.5,435.44000000000017,418.30400000000014,435.051854504,154,0,0.3620751467724121,-0.4782270320177159,0.4782270320177159,0.3620751467724121,1.4642857142857142,2.071428571428572,2.5,32.24529764273617,10.00401161573638,2.513331128805475,-2.416338874010568,2.230948535260857,-2.707807208919476,7.836563836647012,-0.1608446168429468,2.971847309732629,2.2592762983237704,953.8851353067348,21.43879310982592,14.8114553779692,16.444448539824652,12.752743308167698,7.578995896792942,9.855612118054724,6.221230582074894,8.399971119282888,3.730567932227123,5.414072402778615,2.1128455580549623,3.54351374163482,-2.78,690205.5939907836,21.519292322605008,7.325918985638601,4.204134383579708,162.59031069995737,20.994572059745856,11.735768823996422,10.843243482610037,5.601050810983688,11.814359458703011,16.27347016397548,14.141824241834009,14.083731696315263,8.417796984328938,11.336785877934735,5.15571272675054,20.771211599071872,5.380062770465915,6.041840829147961,37.29827438881211,50.26785898322327,0.0,14.605983116249774,5.15571272675054,38.455944068351485,5.733667477162185,11.073990765314376,0.0,0.0,11.050456081168516,5.131558479839333,0.0,11.336785877934735,68.54635098380861,29.525365011975733,0.0,26.46513959392033,10.535775497216456,0.0,0.0,0.0,201.58,51.4842470947288,22.801408536544404,0.0,15.130702465984026,0.0,11.336785877934735,26.151274369537788,0.0,0.0,15.456479851704078,20.23053332942989,31.44978820569469,0.9796905422586336,44.39737831563419,16.334751159546904,3.256457088644816,-3.375611656986792,-2.3123389733980013,0.0,3.692820624691566,-4.756268639419342,0.4615384615384615,28,5,13,0,1,1,0,1,1,10,4,15,7,0,1,1,2,-1.172499999999998,95.65050000000004,1,0,0,1,0,1,0,0,1,1,3,2,0,0,0,3,1,1,0,0,0,0,0,0,0,0,0,2,0,1,0,0,0,0,0,0,0,0,0,0,0,0,0,0,0,0,0,0,0,0,0,0,0,1,0,0,0,0,0,0,0,0,0,1,0,0,0,0,0,0,0,0,0,0,0,0,0,0,0,0,1,0,0,0,0,287.0,Pseudomonas aeruginosa,Bacteria
116447,,10987146,CHEMBL2071698,"Antibacterial activity against penicillin-resistant, quinolone-sensitive Pseudomonas aeruginosa 1091-05",F,BAO_0000179,BAO_0000218,organism-based format,C[C@H]1[C@H](NC(=O)/C(=N\OC(C)(C)C(=O)O)c2csc(N)n2)C(=O)N1S(=O)(=O)O,CHEMBL2069171,Bioorg Med Chem Lett,2012.0,CHEMBL158,AZTREONAM,CHEMBL158,0,http://www.openphacts.org/units/MicrogramPerMilliliter,1661739,=,1,1,=,MIC90,ug.mL-1,2.0,CHEMBL348,Pseudomonas aeruginosa,Pseudomonas aeruginosa,287.0,,MIC90,ug ml-1,UO_0000274,2.0,CHEMBL158,C[C@H]1[C@H](NC(=O)/C(=N\OC(C)(C)C(=O)O)c2csc(N)n2)C(=O)N1S(=O)(=O)O,12.562141912320484,12.562141912320484,0.0349535856009066,-4.756268639419342,0.174788224513646,20.5,435.44000000000017,418.30400000000014,435.051854504,154,0,0.3620751467724121,-0.4782270320177159,0.4782270320177159,0.3620751467724121,1.4642857142857142,2.071428571428572,2.5,32.24529764273617,10.00401161573638,2.513331128805475,-2.416338874010568,2.230948535260857,-2.707807208919476,7.836563836647012,-0.1608446168429468,2.971847309732629,2.2592762983237704,953.8851353067348,21.43879310982592,14.8114553779692,16.444448539824652,12.752743308167698,7.578995896792942,9.855612118054724,6.221230582074894,8.399971119282888,3.730567932227123,5.414072402778615,2.1128455580549623,3.54351374163482,-2.78,690205.5939907836,21.519292322605008,7.325918985638601,4.204134383579708,162.59031069995737,20.994572059745856,11.735768823996422,10.843243482610037,5.601050810983688,11.814359458703011,16.27347016397548,14.141824241834009,14.083731696315263,8.417796984328938,11.336785877934735,5.15571272675054,20.771211599071872,5.380062770465915,6.041840829147961,37.29827438881211,50.26785898322327,0.0,14.605983116249774,5.15571272675054,38.455944068351485,5.733667477162185,11.073990765314376,0.0,0.0,11.050456081168516,5.131558479839333,0.0,11.336785877934735,68.54635098380861,29.525365011975733,0.0,26.46513959392033,10.535775497216456,0.0,0.0,0.0,201.58,51.4842470947288,22.801408536544404,0.0,15.130702465984026,0.0,11.336785877934735,26.151274369537788,0.0,0.0,15.456479851704078,20.23053332942989,31.44978820569469,0.9796905422586336,44.39737831563419,16.334751159546904,3.256457088644816,-3.375611656986792,-2.3123389733980013,0.0,3.692820624691566,-4.756268639419342,0.4615384615384615,28,5,13,0,1,1,0,1,1,10,4,15,7,0,1,1,2,-1.172499999999998,95.65050000000004,1,0,0,1,0,1,0,0,1,1,3,2,0,0,0,3,1,1,0,0,0,0,0,0,0,0,0,2,0,1,0,0,0,0,0,0,0,0,0,0,0,0,0,0,0,0,0,0,0,0,0,0,0,1,0,0,0,0,0,0,0,0,0,1,0,0,0,0,0,0,0,0,0,0,0,0,0,0,0,0,1,0,0,0,0,287.0,Pseudomonas aeruginosa,Bacteria
116447,,10987146,CHEMBL2071698,"Antibacterial activity against penicillin-resistant, quinolone-sensitive Pseudomonas aeruginosa 1091-05",F,BAO_0000179,BAO_0000218,organism-based format,C[C@H]1[C@H](NC(=O)/C(=N\OC(C)(C)C(=O)O)c2csc(N)n2)C(=O)N1S(=O)(=O)O,CHEMBL2069171,Bioorg Med Chem Lett,2012.0,CHEMBL158,AZTREONAM,CHEMBL158,0,http://www.openphacts.org/units/MicrogramPerMilliliter,1661739,=,1,1,=,MIC90,ug.mL-1,2.0,CHEMBL348,Pseudomonas aeruginosa,Pseudomonas aeruginosa,287.0,,MIC90,ug ml-1,UO_0000274,2.0,CHEMBL158,C[C@H]1[C@H](NC(=O)/C(=N\OC(C)(C)C(=O)O)c2csc(N)n2)C(=O)N1S(=O)(=O)O,12.562141912320484,12.562141912320484,0.0349535856009066,-4.756268639419342,0.174788224513646,20.5,435.44000000000017,418.30400000000014,435.051854504,154,0,0.3620751467724121,-0.4782270320177159,0.4782270320177159,0.3620751467724121,1.4642857142857142,2.071428571428572,2.5,32.24529764273617,10.00401161573638,2.513331128805475,-2.416338874010568,2.230948535260857,-2.707807208919476,7.836563836647012,-0.1608446168429468,2.971847309732629,2.2592762983237704,953.8851353067348,21.43879310982592,14.8114553779692,16.444448539824652,12.752743308167698,7.578995896792942,9.855612118054724,6.221230582074894,8.399971119282888,3.730567932227123,5.414072402778615,2.1128455580549623,3.54351374163482,-2.78,690205.5939907836,21.519292322605008,7.325918985638601,4.204134383579708,162.59031069995737,20.994572059745856,11.735768823996422,10.843243482610037,5.601050810983688,11.814359458703011,16.27347016397548,14.141824241834009,14.083731696315263,8.417796984328938,11.336785877934735,5.15571272675054,20.771211599071872,5.380062770465915,6.041840829147961,37.29827438881211,50.26785898322327,0.0,14.605983116249774,5.15571272675054,38.455944068351485,5.733667477162185,11.073990765314376,0.0,0.0,11.050456081168516,5.131558479839333,0.0,11.336785877934735,68.54635098380861,29.525365011975733,0.0,26.46513959392033,10.535775497216456,0.0,0.0,0.0,201.58,51.4842470947288,22.801408536544404,0.0,15.130702465984026,0.0,11.336785877934735,26.151274369537788,0.0,0.0,15.456479851704078,20.23053332942989,31.44978820569469,0.9796905422586336,44.39737831563419,16.334751159546904,3.256457088644816,-3.375611656986792,-2.3123389733980013,0.0,3.692820624691566,-4.756268639419342,0.4615384615384615,28,5,13,0,1,1,0,1,1,10,4,15,7,0,1,1,2,-1.172499999999998,95.65050000000004,1,0,0,1,0,1,0,0,1,1,3,2,0,0,0,3,1,1,0,0,0,0,0,0,0,0,0,2,0,1,0,0,0,0,0,0,0,0,0,0,0,0,0,0,0,0,0,0,0,0,0,0,0,1,0,0,0,0,0,0,0,0,0,1,0,0,0,0,0,0,0,0,0,0,0,0,0,0,0,0,1,0,0,0,0,287.0,Pseudomonas aeruginosa,Bacteria
116448,,10987155,CHEMBL2071699,Antibacterial activity against beta-lactam- and quinolone-resistant Pseudomonas aeruginosa 1042-06,F,BAO_0000179,BAO_0000218,organism-based format,C[C@H]1[C@H](NC(=O)/C(=N\OC(C)(C)C(=O)O)c2csc(N)n2)C(=O)N1S(=O)(=O)O,CHEMBL2069171,Bioorg Med Chem Lett,2012.0,CHEMBL158,AZTREONAM,CHEMBL158,0,http://www.openphacts.org/units/MicrogramPerMilliliter,1661739,=,1,1,=,MIC90,ug.mL-1,32.0,CHEMBL348,Pseudomonas aeruginosa,Pseudomonas aeruginosa,287.0,,MIC90,ug ml-1,UO_0000274,32.0,CHEMBL158,C[C@H]1[C@H](NC(=O)/C(=N\OC(C)(C)C(=O)O)c2csc(N)n2)C(=O)N1S(=O)(=O)O,12.562141912320484,12.562141912320484,0.0349535856009066,-4.756268639419342,0.174788224513646,20.5,435.44000000000017,418.30400000000014,435.051854504,154,0,0.3620751467724121,-0.4782270320177159,0.4782270320177159,0.3620751467724121,1.4642857142857142,2.071428571428572,2.5,32.24529764273617,10.00401161573638,2.513331128805475,-2.416338874010568,2.230948535260857,-2.707807208919476,7.836563836647012,-0.1608446168429468,2.971847309732629,2.2592762983237704,953.8851353067348,21.43879310982592,14.8114553779692,16.444448539824652,12.752743308167698,7.578995896792942,9.855612118054724,6.221230582074894,8.399971119282888,3.730567932227123,5.414072402778615,2.1128455580549623,3.54351374163482,-2.78,690205.5939907836,21.519292322605008,7.325918985638601,4.204134383579708,162.59031069995737,20.994572059745856,11.735768823996422,10.843243482610037,5.601050810983688,11.814359458703011,16.27347016397548,14.141824241834009,14.083731696315263,8.417796984328938,11.336785877934735,5.15571272675054,20.771211599071872,5.380062770465915,6.041840829147961,37.29827438881211,50.26785898322327,0.0,14.605983116249774,5.15571272675054,38.455944068351485,5.733667477162185,11.073990765314376,0.0,0.0,11.050456081168516,5.131558479839333,0.0,11.336785877934735,68.54635098380861,29.525365011975733,0.0,26.46513959392033,10.535775497216456,0.0,0.0,0.0,201.58,51.4842470947288,22.801408536544404,0.0,15.130702465984026,0.0,11.336785877934735,26.151274369537788,0.0,0.0,15.456479851704078,20.23053332942989,31.44978820569469,0.9796905422586336,44.39737831563419,16.334751159546904,3.256457088644816,-3.375611656986792,-2.3123389733980013,0.0,3.692820624691566,-4.756268639419342,0.4615384615384615,28,5,13,0,1,1,0,1,1,10,4,15,7,0,1,1,2,-1.172499999999998,95.65050000000004,1,0,0,1,0,1,0,0,1,1,3,2,0,0,0,3,1,1,0,0,0,0,0,0,0,0,0,2,0,1,0,0,0,0,0,0,0,0,0,0,0,0,0,0,0,0,0,0,0,0,0,0,0,1,0,0,0,0,0,0,0,0,0,1,0,0,0,0,0,0,0,0,0,0,0,0,0,0,0,0,1,0,0,0,0,287.0,Pseudomonas aeruginosa,Bacteria
116448,,10987155,CHEMBL2071699,Antibacterial activity against beta-lactam- and quinolone-resistant Pseudomonas aeruginosa 1042-06,F,BAO_0000179,BAO_0000218,organism-based format,C[C@H]1[C@H](NC(=O)/C(=N\OC(C)(C)C(=O)O)c2csc(N)n2)C(=O)N1S(=O)(=O)O,CHEMBL2069171,Bioorg Med Chem Lett,2012.0,CHEMBL158,AZTREONAM,CHEMBL158,0,http://www.openphacts.org/units/MicrogramPerMilliliter,1661739,=,1,1,=,MIC90,ug.mL-1,32.0,CHEMBL348,Pseudomonas aeruginosa,Pseudomonas aeruginosa,287.0,,MIC90,ug ml-1,UO_0000274,32.0,CHEMBL158,C[C@H]1[C@H](NC(=O)/C(=N\OC(C)(C)C(=O)O)c2csc(N)n2)C(=O)N1S(=O)(=O)O,12.562141912320484,12.562141912320484,0.0349535856009066,-4.756268639419342,0.174788224513646,20.5,435.44000000000017,418.30400000000014,435.051854504,154,0,0.3620751467724121,-0.4782270320177159,0.4782270320177159,0.3620751467724121,1.4642857142857142,2.071428571428572,2.5,32.24529764273617,10.00401161573638,2.513331128805475,-2.416338874010568,2.230948535260857,-2.707807208919476,7.836563836647012,-0.1608446168429468,2.971847309732629,2.2592762983237704,953.8851353067348,21.43879310982592,14.8114553779692,16.444448539824652,12.752743308167698,7.578995896792942,9.855612118054724,6.221230582074894,8.399971119282888,3.730567932227123,5.414072402778615,2.1128455580549623,3.54351374163482,-2.78,690205.5939907836,21.519292322605008,7.325918985638601,4.204134383579708,162.59031069995737,20.994572059745856,11.735768823996422,10.843243482610037,5.601050810983688,11.814359458703011,16.27347016397548,14.141824241834009,14.083731696315263,8.417796984328938,11.336785877934735,5.15571272675054,20.771211599071872,5.380062770465915,6.041840829147961,37.29827438881211,50.26785898322327,0.0,14.605983116249774,5.15571272675054,38.455944068351485,5.733667477162185,11.073990765314376,0.0,0.0,11.050456081168516,5.131558479839333,0.0,11.336785877934735,68.54635098380861,29.525365011975733,0.0,26.46513959392033,10.535775497216456,0.0,0.0,0.0,201.58,51.4842470947288,22.801408536544404,0.0,15.130702465984026,0.0,11.336785877934735,26.151274369537788,0.0,0.0,15.456479851704078,20.23053332942989,31.44978820569469,0.9796905422586336,44.39737831563419,16.334751159546904,3.256457088644816,-3.375611656986792,-2.3123389733980013,0.0,3.692820624691566,-4.756268639419342,0.4615384615384615,28,5,13,0,1,1,0,1,1,10,4,15,7,0,1,1,2,-1.172499999999998,95.65050000000004,1,0,0,1,0,1,0,0,1,1,3,2,0,0,0,3,1,1,0,0,0,0,0,0,0,0,0,2,0,1,0,0,0,0,0,0,0,0,0,0,0,0,0,0,0,0,0,0,0,0,0,0,0,1,0,0,0,0,0,0,0,0,0,1,0,0,0,0,0,0,0,0,0,0,0,0,0,0,0,0,1,0,0,0,0,287.0,Pseudomonas aeruginosa,Bacteria
116448,,10987155,CHEMBL2071699,Antibacterial activity against beta-lactam- and quinolone-resistant Pseudomonas aeruginosa 1042-06,F,BAO_0000179,BAO_0000218,organism-based format,C[C@H]1[C@H](NC(=O)/C(=N\OC(C)(C)C(=O)O)c2csc(N)n2)C(=O)N1S(=O)(=O)O,CHEMBL2069171,Bioorg Med Chem Lett,2012.0,CHEMBL158,AZTREONAM,CHEMBL158,0,http://www.openphacts.org/units/MicrogramPerMilliliter,1661739,=,1,1,=,MIC90,ug.mL-1,32.0,CHEMBL348,Pseudomonas aeruginosa,Pseudomonas aeruginosa,287.0,,MIC90,ug ml-1,UO_0000274,32.0,CHEMBL158,C[C@H]1[C@H](NC(=O)/C(=N\OC(C)(C)C(=O)O)c2csc(N)n2)C(=O)N1S(=O)(=O)O,12.562141912320484,12.562141912320484,0.0349535856009066,-4.756268639419342,0.174788224513646,20.5,435.44000000000017,418.30400000000014,435.051854504,154,0,0.3620751467724121,-0.4782270320177159,0.4782270320177159,0.3620751467724121,1.4642857142857142,2.071428571428572,2.5,32.24529764273617,10.00401161573638,2.513331128805475,-2.416338874010568,2.230948535260857,-2.707807208919476,7.836563836647012,-0.1608446168429468,2.971847309732629,2.2592762983237704,953.8851353067348,21.43879310982592,14.8114553779692,16.444448539824652,12.752743308167698,7.578995896792942,9.855612118054724,6.221230582074894,8.399971119282888,3.730567932227123,5.414072402778615,2.1128455580549623,3.54351374163482,-2.78,690205.5939907836,21.519292322605008,7.325918985638601,4.204134383579708,162.59031069995737,20.994572059745856,11.735768823996422,10.843243482610037,5.601050810983688,11.814359458703011,16.27347016397548,14.141824241834009,14.083731696315263,8.417796984328938,11.336785877934735,5.15571272675054,20.771211599071872,5.380062770465915,6.041840829147961,37.29827438881211,50.26785898322327,0.0,14.605983116249774,5.15571272675054,38.455944068351485,5.733667477162185,11.073990765314376,0.0,0.0,11.050456081168516,5.131558479839333,0.0,11.336785877934735,68.54635098380861,29.525365011975733,0.0,26.46513959392033,10.535775497216456,0.0,0.0,0.0,201.58,51.4842470947288,22.801408536544404,0.0,15.130702465984026,0.0,11.336785877934735,26.151274369537788,0.0,0.0,15.456479851704078,20.23053332942989,31.44978820569469,0.9796905422586336,44.39737831563419,16.334751159546904,3.256457088644816,-3.375611656986792,-2.3123389733980013,0.0,3.692820624691566,-4.756268639419342,0.4615384615384615,28,5,13,0,1,1,0,1,1,10,4,15,7,0,1,1,2,-1.172499999999998,95.65050000000004,1,0,0,1,0,1,0,0,1,1,3,2,0,0,0,3,1,1,0,0,0,0,0,0,0,0,0,2,0,1,0,0,0,0,0,0,0,0,0,0,0,0,0,0,0,0,0,0,0,0,0,0,0,1,0,0,0,0,0,0,0,0,0,1,0,0,0,0,0,0,0,0,0,0,0,0,0,0,0,0,1,0,0,0,0,287.0,Pseudomonas aeruginosa,Bacteria
116453,,13388704,CHEMBL2410173,Antibacterial activity against Pseudomonas aeruginosa from cystic fibrosis patients by broth microdilution method,F,BAO_0000179,BAO_0000218,organism-based format,C[C@H]1[C@H](NC(=O)/C(=N\OC(C)(C)C(=O)O)c2csc(N)n2)C(=O)N1S(=O)(=O)O,CHEMBL2407067,J Med Chem,2013.0,CHEMBL158,AZTREONAM,CHEMBL158,0,http://www.openphacts.org/units/MicrogramPerMilliliter,1910510,=,1,1,=,MIC90,ug.mL-1,64.0,CHEMBL348,Pseudomonas aeruginosa,Pseudomonas aeruginosa,287.0,,MIC90,ug ml-1,UO_0000274,64.0,CHEMBL158,C[C@H]1[C@H](NC(=O)/C(=N\OC(C)(C)C(=O)O)c2csc(N)n2)C(=O)N1S(=O)(=O)O,12.562141912320484,12.562141912320484,0.0349535856009066,-4.756268639419342,0.174788224513646,20.5,435.44000000000017,418.30400000000014,435.051854504,154,0,0.3620751467724121,-0.4782270320177159,0.4782270320177159,0.3620751467724121,1.4642857142857142,2.071428571428572,2.5,32.24529764273617,10.00401161573638,2.513331128805475,-2.416338874010568,2.230948535260857,-2.707807208919476,7.836563836647012,-0.1608446168429468,2.971847309732629,2.2592762983237704,953.8851353067348,21.43879310982592,14.8114553779692,16.444448539824652,12.752743308167698,7.578995896792942,9.855612118054724,6.221230582074894,8.399971119282888,3.730567932227123,5.414072402778615,2.1128455580549623,3.54351374163482,-2.78,690205.5939907836,21.519292322605008,7.325918985638601,4.204134383579708,162.59031069995737,20.994572059745856,11.735768823996422,10.843243482610037,5.601050810983688,11.814359458703011,16.27347016397548,14.141824241834009,14.083731696315263,8.417796984328938,11.336785877934735,5.15571272675054,20.771211599071872,5.380062770465915,6.041840829147961,37.29827438881211,50.26785898322327,0.0,14.605983116249774,5.15571272675054,38.455944068351485,5.733667477162185,11.073990765314376,0.0,0.0,11.050456081168516,5.131558479839333,0.0,11.336785877934735,68.54635098380861,29.525365011975733,0.0,26.46513959392033,10.535775497216456,0.0,0.0,0.0,201.58,51.4842470947288,22.801408536544404,0.0,15.130702465984026,0.0,11.336785877934735,26.151274369537788,0.0,0.0,15.456479851704078,20.23053332942989,31.44978820569469,0.9796905422586336,44.39737831563419,16.334751159546904,3.256457088644816,-3.375611656986792,-2.3123389733980013,0.0,3.692820624691566,-4.756268639419342,0.4615384615384615,28,5,13,0,1,1,0,1,1,10,4,15,7,0,1,1,2,-1.172499999999998,95.65050000000004,1,0,0,1,0,1,0,0,1,1,3,2,0,0,0,3,1,1,0,0,0,0,0,0,0,0,0,2,0,1,0,0,0,0,0,0,0,0,0,0,0,0,0,0,0,0,0,0,0,0,0,0,0,1,0,0,0,0,0,0,0,0,0,1,0,0,0,0,0,0,0,0,0,0,0,0,0,0,0,0,1,0,0,0,0,287.0,Pseudomonas aeruginosa,Bacteria
116453,,13388704,CHEMBL2410173,Antibacterial activity against Pseudomonas aeruginosa from cystic fibrosis patients by broth microdilution method,F,BAO_0000179,BAO_0000218,organism-based format,C[C@H]1[C@H](NC(=O)/C(=N\OC(C)(C)C(=O)O)c2csc(N)n2)C(=O)N1S(=O)(=O)O,CHEMBL2407067,J Med Chem,2013.0,CHEMBL158,AZTREONAM,CHEMBL158,0,http://www.openphacts.org/units/MicrogramPerMilliliter,1910510,=,1,1,=,MIC90,ug.mL-1,64.0,CHEMBL348,Pseudomonas aeruginosa,Pseudomonas aeruginosa,287.0,,MIC90,ug ml-1,UO_0000274,64.0,CHEMBL158,C[C@H]1[C@H](NC(=O)/C(=N\OC(C)(C)C(=O)O)c2csc(N)n2)C(=O)N1S(=O)(=O)O,12.562141912320484,12.562141912320484,0.0349535856009066,-4.756268639419342,0.174788224513646,20.5,435.44000000000017,418.30400000000014,435.051854504,154,0,0.3620751467724121,-0.4782270320177159,0.4782270320177159,0.3620751467724121,1.4642857142857142,2.071428571428572,2.5,32.24529764273617,10.00401161573638,2.513331128805475,-2.416338874010568,2.230948535260857,-2.707807208919476,7.836563836647012,-0.1608446168429468,2.971847309732629,2.2592762983237704,953.8851353067348,21.43879310982592,14.8114553779692,16.444448539824652,12.752743308167698,7.578995896792942,9.855612118054724,6.221230582074894,8.399971119282888,3.730567932227123,5.414072402778615,2.1128455580549623,3.54351374163482,-2.78,690205.5939907836,21.519292322605008,7.325918985638601,4.204134383579708,162.59031069995737,20.994572059745856,11.735768823996422,10.843243482610037,5.601050810983688,11.814359458703011,16.27347016397548,14.141824241834009,14.083731696315263,8.417796984328938,11.336785877934735,5.15571272675054,20.771211599071872,5.380062770465915,6.041840829147961,37.29827438881211,50.26785898322327,0.0,14.605983116249774,5.15571272675054,38.455944068351485,5.733667477162185,11.073990765314376,0.0,0.0,11.050456081168516,5.131558479839333,0.0,11.336785877934735,68.54635098380861,29.525365011975733,0.0,26.46513959392033,10.535775497216456,0.0,0.0,0.0,201.58,51.4842470947288,22.801408536544404,0.0,15.130702465984026,0.0,11.336785877934735,26.151274369537788,0.0,0.0,15.456479851704078,20.23053332942989,31.44978820569469,0.9796905422586336,44.39737831563419,16.334751159546904,3.256457088644816,-3.375611656986792,-2.3123389733980013,0.0,3.692820624691566,-4.756268639419342,0.4615384615384615,28,5,13,0,1,1,0,1,1,10,4,15,7,0,1,1,2,-1.172499999999998,95.65050000000004,1,0,0,1,0,1,0,0,1,1,3,2,0,0,0,3,1,1,0,0,0,0,0,0,0,0,0,2,0,1,0,0,0,0,0,0,0,0,0,0,0,0,0,0,0,0,0,0,0,0,0,0,0,1,0,0,0,0,0,0,0,0,0,1,0,0,0,0,0,0,0,0,0,0,0,0,0,0,0,0,1,0,0,0,0,287.0,Pseudomonas aeruginosa,Bacteria
116453,,13388704,CHEMBL2410173,Antibacterial activity against Pseudomonas aeruginosa from cystic fibrosis patients by broth microdilution method,F,BAO_0000179,BAO_0000218,organism-based format,C[C@H]1[C@H](NC(=O)/C(=N\OC(C)(C)C(=O)O)c2csc(N)n2)C(=O)N1S(=O)(=O)O,CHEMBL2407067,J Med Chem,2013.0,CHEMBL158,AZTREONAM,CHEMBL158,0,http://www.openphacts.org/units/MicrogramPerMilliliter,1910510,=,1,1,=,MIC90,ug.mL-1,64.0,CHEMBL348,Pseudomonas aeruginosa,Pseudomonas aeruginosa,287.0,,MIC90,ug ml-1,UO_0000274,64.0,CHEMBL158,C[C@H]1[C@H](NC(=O)/C(=N\OC(C)(C)C(=O)O)c2csc(N)n2)C(=O)N1S(=O)(=O)O,12.562141912320484,12.562141912320484,0.0349535856009066,-4.756268639419342,0.174788224513646,20.5,435.44000000000017,418.30400000000014,435.051854504,154,0,0.3620751467724121,-0.4782270320177159,0.4782270320177159,0.3620751467724121,1.4642857142857142,2.071428571428572,2.5,32.24529764273617,10.00401161573638,2.513331128805475,-2.416338874010568,2.230948535260857,-2.707807208919476,7.836563836647012,-0.1608446168429468,2.971847309732629,2.2592762983237704,953.8851353067348,21.43879310982592,14.8114553779692,16.444448539824652,12.752743308167698,7.578995896792942,9.855612118054724,6.221230582074894,8.399971119282888,3.730567932227123,5.414072402778615,2.1128455580549623,3.54351374163482,-2.78,690205.5939907836,21.519292322605008,7.325918985638601,4.204134383579708,162.59031069995737,20.994572059745856,11.735768823996422,10.843243482610037,5.601050810983688,11.814359458703011,16.27347016397548,14.141824241834009,14.083731696315263,8.417796984328938,11.336785877934735,5.15571272675054,20.771211599071872,5.380062770465915,6.041840829147961,37.29827438881211,50.26785898322327,0.0,14.605983116249774,5.15571272675054,38.455944068351485,5.733667477162185,11.073990765314376,0.0,0.0,11.050456081168516,5.131558479839333,0.0,11.336785877934735,68.54635098380861,29.525365011975733,0.0,26.46513959392033,10.535775497216456,0.0,0.0,0.0,201.58,51.4842470947288,22.801408536544404,0.0,15.130702465984026,0.0,11.336785877934735,26.151274369537788,0.0,0.0,15.456479851704078,20.23053332942989,31.44978820569469,0.9796905422586336,44.39737831563419,16.334751159546904,3.256457088644816,-3.375611656986792,-2.3123389733980013,0.0,3.692820624691566,-4.756268639419342,0.4615384615384615,28,5,13,0,1,1,0,1,1,10,4,15,7,0,1,1,2,-1.172499999999998,95.65050000000004,1,0,0,1,0,1,0,0,1,1,3,2,0,0,0,3,1,1,0,0,0,0,0,0,0,0,0,2,0,1,0,0,0,0,0,0,0,0,0,0,0,0,0,0,0,0,0,0,0,0,0,0,0,1,0,0,0,0,0,0,0,0,0,1,0,0,0,0,0,0,0,0,0,0,0,0,0,0,0,0,1,0,0,0,0,287.0,Pseudomonas aeruginosa,Bacteria
116454,,13388710,CHEMBL2410173,Antibacterial activity against Pseudomonas aeruginosa from cystic fibrosis patients by broth microdilution method,F,BAO_0003035,BAO_0000218,organism-based format,C[C@H]1[C@H](NC(=O)/C(=N\OC(C)(C)C(=O)O)c2csc(N)n2)C(=O)N1S(=O)(=O)O,CHEMBL2407067,J Med Chem,2013.0,CHEMBL158,AZTREONAM,CHEMBL158,0,http://www.openphacts.org/units/MicrogramPerMilliliter,1910510,=,1,1,=,MIC50,ug.mL-1,8.0,CHEMBL348,Pseudomonas aeruginosa,Pseudomonas aeruginosa,287.0,,MIC50,ug ml-1,UO_0000274,8.0,CHEMBL158,C[C@H]1[C@H](NC(=O)/C(=N\OC(C)(C)C(=O)O)c2csc(N)n2)C(=O)N1S(=O)(=O)O,12.562141912320484,12.562141912320484,0.0349535856009066,-4.756268639419342,0.174788224513646,20.5,435.44000000000017,418.30400000000014,435.051854504,154,0,0.3620751467724121,-0.4782270320177159,0.4782270320177159,0.3620751467724121,1.4642857142857142,2.071428571428572,2.5,32.24529764273617,10.00401161573638,2.513331128805475,-2.416338874010568,2.230948535260857,-2.707807208919476,7.836563836647012,-0.1608446168429468,2.971847309732629,2.2592762983237704,953.8851353067348,21.43879310982592,14.8114553779692,16.444448539824652,12.752743308167698,7.578995896792942,9.855612118054724,6.221230582074894,8.399971119282888,3.730567932227123,5.414072402778615,2.1128455580549623,3.54351374163482,-2.78,690205.5939907836,21.519292322605008,7.325918985638601,4.204134383579708,162.59031069995737,20.994572059745856,11.735768823996422,10.843243482610037,5.601050810983688,11.814359458703011,16.27347016397548,14.141824241834009,14.083731696315263,8.417796984328938,11.336785877934735,5.15571272675054,20.771211599071872,5.380062770465915,6.041840829147961,37.29827438881211,50.26785898322327,0.0,14.605983116249774,5.15571272675054,38.455944068351485,5.733667477162185,11.073990765314376,0.0,0.0,11.050456081168516,5.131558479839333,0.0,11.336785877934735,68.54635098380861,29.525365011975733,0.0,26.46513959392033,10.535775497216456,0.0,0.0,0.0,201.58,51.4842470947288,22.801408536544404,0.0,15.130702465984026,0.0,11.336785877934735,26.151274369537788,0.0,0.0,15.456479851704078,20.23053332942989,31.44978820569469,0.9796905422586336,44.39737831563419,16.334751159546904,3.256457088644816,-3.375611656986792,-2.3123389733980013,0.0,3.692820624691566,-4.756268639419342,0.4615384615384615,28,5,13,0,1,1,0,1,1,10,4,15,7,0,1,1,2,-1.172499999999998,95.65050000000004,1,0,0,1,0,1,0,0,1,1,3,2,0,0,0,3,1,1,0,0,0,0,0,0,0,0,0,2,0,1,0,0,0,0,0,0,0,0,0,0,0,0,0,0,0,0,0,0,0,0,0,0,0,1,0,0,0,0,0,0,0,0,0,1,0,0,0,0,0,0,0,0,0,0,0,0,0,0,0,0,1,0,0,0,0,287.0,Pseudomonas aeruginosa,Bacteria
116454,,13388710,CHEMBL2410173,Antibacterial activity against Pseudomonas aeruginosa from cystic fibrosis patients by broth microdilution method,F,BAO_0003035,BAO_0000218,organism-based format,C[C@H]1[C@H](NC(=O)/C(=N\OC(C)(C)C(=O)O)c2csc(N)n2)C(=O)N1S(=O)(=O)O,CHEMBL2407067,J Med Chem,2013.0,CHEMBL158,AZTREONAM,CHEMBL158,0,http://www.openphacts.org/units/MicrogramPerMilliliter,1910510,=,1,1,=,MIC50,ug.mL-1,8.0,CHEMBL348,Pseudomonas aeruginosa,Pseudomonas aeruginosa,287.0,,MIC50,ug ml-1,UO_0000274,8.0,CHEMBL158,C[C@H]1[C@H](NC(=O)/C(=N\OC(C)(C)C(=O)O)c2csc(N)n2)C(=O)N1S(=O)(=O)O,12.562141912320484,12.562141912320484,0.0349535856009066,-4.756268639419342,0.174788224513646,20.5,435.44000000000017,418.30400000000014,435.051854504,154,0,0.3620751467724121,-0.4782270320177159,0.4782270320177159,0.3620751467724121,1.4642857142857142,2.071428571428572,2.5,32.24529764273617,10.00401161573638,2.513331128805475,-2.416338874010568,2.230948535260857,-2.707807208919476,7.836563836647012,-0.1608446168429468,2.971847309732629,2.2592762983237704,953.8851353067348,21.43879310982592,14.8114553779692,16.444448539824652,12.752743308167698,7.578995896792942,9.855612118054724,6.221230582074894,8.399971119282888,3.730567932227123,5.414072402778615,2.1128455580549623,3.54351374163482,-2.78,690205.5939907836,21.519292322605008,7.325918985638601,4.204134383579708,162.59031069995737,20.994572059745856,11.735768823996422,10.843243482610037,5.601050810983688,11.814359458703011,16.27347016397548,14.141824241834009,14.083731696315263,8.417796984328938,11.336785877934735,5.15571272675054,20.771211599071872,5.380062770465915,6.041840829147961,37.29827438881211,50.26785898322327,0.0,14.605983116249774,5.15571272675054,38.455944068351485,5.733667477162185,11.073990765314376,0.0,0.0,11.050456081168516,5.131558479839333,0.0,11.336785877934735,68.54635098380861,29.525365011975733,0.0,26.46513959392033,10.535775497216456,0.0,0.0,0.0,201.58,51.4842470947288,22.801408536544404,0.0,15.130702465984026,0.0,11.336785877934735,26.151274369537788,0.0,0.0,15.456479851704078,20.23053332942989,31.44978820569469,0.9796905422586336,44.39737831563419,16.334751159546904,3.256457088644816,-3.375611656986792,-2.3123389733980013,0.0,3.692820624691566,-4.756268639419342,0.4615384615384615,28,5,13,0,1,1,0,1,1,10,4,15,7,0,1,1,2,-1.172499999999998,95.65050000000004,1,0,0,1,0,1,0,0,1,1,3,2,0,0,0,3,1,1,0,0,0,0,0,0,0,0,0,2,0,1,0,0,0,0,0,0,0,0,0,0,0,0,0,0,0,0,0,0,0,0,0,0,0,1,0,0,0,0,0,0,0,0,0,1,0,0,0,0,0,0,0,0,0,0,0,0,0,0,0,0,1,0,0,0,0,287.0,Pseudomonas aeruginosa,Bacteria
116454,,13388710,CHEMBL2410173,Antibacterial activity against Pseudomonas aeruginosa from cystic fibrosis patients by broth microdilution method,F,BAO_0003035,BAO_0000218,organism-based format,C[C@H]1[C@H](NC(=O)/C(=N\OC(C)(C)C(=O)O)c2csc(N)n2)C(=O)N1S(=O)(=O)O,CHEMBL2407067,J Med Chem,2013.0,CHEMBL158,AZTREONAM,CHEMBL158,0,http://www.openphacts.org/units/MicrogramPerMilliliter,1910510,=,1,1,=,MIC50,ug.mL-1,8.0,CHEMBL348,Pseudomonas aeruginosa,Pseudomonas aeruginosa,287.0,,MIC50,ug ml-1,UO_0000274,8.0,CHEMBL158,C[C@H]1[C@H](NC(=O)/C(=N\OC(C)(C)C(=O)O)c2csc(N)n2)C(=O)N1S(=O)(=O)O,12.562141912320484,12.562141912320484,0.0349535856009066,-4.756268639419342,0.174788224513646,20.5,435.44000000000017,418.30400000000014,435.051854504,154,0,0.3620751467724121,-0.4782270320177159,0.4782270320177159,0.3620751467724121,1.4642857142857142,2.071428571428572,2.5,32.24529764273617,10.00401161573638,2.513331128805475,-2.416338874010568,2.230948535260857,-2.707807208919476,7.836563836647012,-0.1608446168429468,2.971847309732629,2.2592762983237704,953.8851353067348,21.43879310982592,14.8114553779692,16.444448539824652,12.752743308167698,7.578995896792942,9.855612118054724,6.221230582074894,8.399971119282888,3.730567932227123,5.414072402778615,2.1128455580549623,3.54351374163482,-2.78,690205.5939907836,21.519292322605008,7.325918985638601,4.204134383579708,162.59031069995737,20.994572059745856,11.735768823996422,10.843243482610037,5.601050810983688,11.814359458703011,16.27347016397548,14.141824241834009,14.083731696315263,8.417796984328938,11.336785877934735,5.15571272675054,20.771211599071872,5.380062770465915,6.041840829147961,37.29827438881211,50.26785898322327,0.0,14.605983116249774,5.15571272675054,38.455944068351485,5.733667477162185,11.073990765314376,0.0,0.0,11.050456081168516,5.131558479839333,0.0,11.336785877934735,68.54635098380861,29.525365011975733,0.0,26.46513959392033,10.535775497216456,0.0,0.0,0.0,201.58,51.4842470947288,22.801408536544404,0.0,15.130702465984026,0.0,11.336785877934735,26.151274369537788,0.0,0.0,15.456479851704078,20.23053332942989,31.44978820569469,0.9796905422586336,44.39737831563419,16.334751159546904,3.256457088644816,-3.375611656986792,-2.3123389733980013,0.0,3.692820624691566,-4.756268639419342,0.4615384615384615,28,5,13,0,1,1,0,1,1,10,4,15,7,0,1,1,2,-1.172499999999998,95.65050000000004,1,0,0,1,0,1,0,0,1,1,3,2,0,0,0,3,1,1,0,0,0,0,0,0,0,0,0,2,0,1,0,0,0,0,0,0,0,0,0,0,0,0,0,0,0,0,0,0,0,0,0,0,0,1,0,0,0,0,0,0,0,0,0,1,0,0,0,0,0,0,0,0,0,0,0,0,0,0,0,0,1,0,0,0,0,287.0,Pseudomonas aeruginosa,Bacteria
116455,,13388716,CHEMBL2410689,Antibacterial activity against Acinetobacter spp. by broth microdilution method,F,BAO_0000179,BAO_0000218,organism-based format,C[C@H]1[C@H](NC(=O)/C(=N\OC(C)(C)C(=O)O)c2csc(N)n2)C(=O)N1S(=O)(=O)O,CHEMBL2407067,J Med Chem,2013.0,CHEMBL158,AZTREONAM,CHEMBL158,0,http://www.openphacts.org/units/MicrogramPerMilliliter,1910510,>,1,1,>,MIC90,ug.mL-1,64.0,CHEMBL614427,Acinetobacter sp.,Acinetobacter sp.,472.0,,MIC90,ug ml-1,UO_0000274,64.0,CHEMBL158,C[C@H]1[C@H](NC(=O)/C(=N\OC(C)(C)C(=O)O)c2csc(N)n2)C(=O)N1S(=O)(=O)O,12.562141912320484,12.562141912320484,0.0349535856009066,-4.756268639419342,0.174788224513646,20.5,435.44000000000017,418.30400000000014,435.051854504,154,0,0.3620751467724121,-0.4782270320177159,0.4782270320177159,0.3620751467724121,1.4642857142857142,2.071428571428572,2.5,32.24529764273617,10.00401161573638,2.513331128805475,-2.416338874010568,2.230948535260857,-2.707807208919476,7.836563836647012,-0.1608446168429468,2.971847309732629,2.2592762983237704,953.8851353067348,21.43879310982592,14.8114553779692,16.444448539824652,12.752743308167698,7.578995896792942,9.855612118054724,6.221230582074894,8.399971119282888,3.730567932227123,5.414072402778615,2.1128455580549623,3.54351374163482,-2.78,690205.5939907836,21.519292322605008,7.325918985638601,4.204134383579708,162.59031069995737,20.994572059745856,11.735768823996422,10.843243482610037,5.601050810983688,11.814359458703011,16.27347016397548,14.141824241834009,14.083731696315263,8.417796984328938,11.336785877934735,5.15571272675054,20.771211599071872,5.380062770465915,6.041840829147961,37.29827438881211,50.26785898322327,0.0,14.605983116249774,5.15571272675054,38.455944068351485,5.733667477162185,11.073990765314376,0.0,0.0,11.050456081168516,5.131558479839333,0.0,11.336785877934735,68.54635098380861,29.525365011975733,0.0,26.46513959392033,10.535775497216456,0.0,0.0,0.0,201.58,51.4842470947288,22.801408536544404,0.0,15.130702465984026,0.0,11.336785877934735,26.151274369537788,0.0,0.0,15.456479851704078,20.23053332942989,31.44978820569469,0.9796905422586336,44.39737831563419,16.334751159546904,3.256457088644816,-3.375611656986792,-2.3123389733980013,0.0,3.692820624691566,-4.756268639419342,0.4615384615384615,28,5,13,0,1,1,0,1,1,10,4,15,7,0,1,1,2,-1.172499999999998,95.65050000000004,1,0,0,1,0,1,0,0,1,1,3,2,0,0,0,3,1,1,0,0,0,0,0,0,0,0,0,2,0,1,0,0,0,0,0,0,0,0,0,0,0,0,0,0,0,0,0,0,0,0,0,0,0,1,0,0,0,0,0,0,0,0,0,1,0,0,0,0,0,0,0,0,0,0,0,0,0,0,0,0,1,0,0,0,0,472.0,Acinetobacter sp.,Bacteria
116456,,13388722,CHEMBL2410689,Antibacterial activity against Acinetobacter spp. by broth microdilution method,F,BAO_0003035,BAO_0000218,organism-based format,C[C@H]1[C@H](NC(=O)/C(=N\OC(C)(C)C(=O)O)c2csc(N)n2)C(=O)N1S(=O)(=O)O,CHEMBL2407067,J Med Chem,2013.0,CHEMBL158,AZTREONAM,CHEMBL158,0,http://www.openphacts.org/units/MicrogramPerMilliliter,1910510,=,1,1,=,MIC50,ug.mL-1,32.0,CHEMBL614427,Acinetobacter sp.,Acinetobacter sp.,472.0,,MIC50,ug ml-1,UO_0000274,32.0,CHEMBL158,C[C@H]1[C@H](NC(=O)/C(=N\OC(C)(C)C(=O)O)c2csc(N)n2)C(=O)N1S(=O)(=O)O,12.562141912320484,12.562141912320484,0.0349535856009066,-4.756268639419342,0.174788224513646,20.5,435.44000000000017,418.30400000000014,435.051854504,154,0,0.3620751467724121,-0.4782270320177159,0.4782270320177159,0.3620751467724121,1.4642857142857142,2.071428571428572,2.5,32.24529764273617,10.00401161573638,2.513331128805475,-2.416338874010568,2.230948535260857,-2.707807208919476,7.836563836647012,-0.1608446168429468,2.971847309732629,2.2592762983237704,953.8851353067348,21.43879310982592,14.8114553779692,16.444448539824652,12.752743308167698,7.578995896792942,9.855612118054724,6.221230582074894,8.399971119282888,3.730567932227123,5.414072402778615,2.1128455580549623,3.54351374163482,-2.78,690205.5939907836,21.519292322605008,7.325918985638601,4.204134383579708,162.59031069995737,20.994572059745856,11.735768823996422,10.843243482610037,5.601050810983688,11.814359458703011,16.27347016397548,14.141824241834009,14.083731696315263,8.417796984328938,11.336785877934735,5.15571272675054,20.771211599071872,5.380062770465915,6.041840829147961,37.29827438881211,50.26785898322327,0.0,14.605983116249774,5.15571272675054,38.455944068351485,5.733667477162185,11.073990765314376,0.0,0.0,11.050456081168516,5.131558479839333,0.0,11.336785877934735,68.54635098380861,29.525365011975733,0.0,26.46513959392033,10.535775497216456,0.0,0.0,0.0,201.58,51.4842470947288,22.801408536544404,0.0,15.130702465984026,0.0,11.336785877934735,26.151274369537788,0.0,0.0,15.456479851704078,20.23053332942989,31.44978820569469,0.9796905422586336,44.39737831563419,16.334751159546904,3.256457088644816,-3.375611656986792,-2.3123389733980013,0.0,3.692820624691566,-4.756268639419342,0.4615384615384615,28,5,13,0,1,1,0,1,1,10,4,15,7,0,1,1,2,-1.172499999999998,95.65050000000004,1,0,0,1,0,1,0,0,1,1,3,2,0,0,0,3,1,1,0,0,0,0,0,0,0,0,0,2,0,1,0,0,0,0,0,0,0,0,0,0,0,0,0,0,0,0,0,0,0,0,0,0,0,1,0,0,0,0,0,0,0,0,0,1,0,0,0,0,0,0,0,0,0,0,0,0,0,0,0,0,1,0,0,0,0,472.0,Acinetobacter sp.,Bacteria
116457,,13388728,CHEMBL2410691,Antibacterial activity against Escherichia coli expressing CTX-M by broth microdilution method,F,BAO_0000179,BAO_0000218,organism-based format,C[C@H]1[C@H](NC(=O)/C(=N\OC(C)(C)C(=O)O)c2csc(N)n2)C(=O)N1S(=O)(=O)O,CHEMBL2407067,J Med Chem,2013.0,CHEMBL158,AZTREONAM,CHEMBL158,0,http://www.openphacts.org/units/MicrogramPerMilliliter,1910510,>,1,1,>,MIC90,ug.mL-1,64.0,CHEMBL354,Escherichia coli,Escherichia coli,562.0,,MIC90,ug ml-1,UO_0000274,64.0,CHEMBL158,C[C@H]1[C@H](NC(=O)/C(=N\OC(C)(C)C(=O)O)c2csc(N)n2)C(=O)N1S(=O)(=O)O,12.562141912320484,12.562141912320484,0.0349535856009066,-4.756268639419342,0.174788224513646,20.5,435.44000000000017,418.30400000000014,435.051854504,154,0,0.3620751467724121,-0.4782270320177159,0.4782270320177159,0.3620751467724121,1.4642857142857142,2.071428571428572,2.5,32.24529764273617,10.00401161573638,2.513331128805475,-2.416338874010568,2.230948535260857,-2.707807208919476,7.836563836647012,-0.1608446168429468,2.971847309732629,2.2592762983237704,953.8851353067348,21.43879310982592,14.8114553779692,16.444448539824652,12.752743308167698,7.578995896792942,9.855612118054724,6.221230582074894,8.399971119282888,3.730567932227123,5.414072402778615,2.1128455580549623,3.54351374163482,-2.78,690205.5939907836,21.519292322605008,7.325918985638601,4.204134383579708,162.59031069995737,20.994572059745856,11.735768823996422,10.843243482610037,5.601050810983688,11.814359458703011,16.27347016397548,14.141824241834009,14.083731696315263,8.417796984328938,11.336785877934735,5.15571272675054,20.771211599071872,5.380062770465915,6.041840829147961,37.29827438881211,50.26785898322327,0.0,14.605983116249774,5.15571272675054,38.455944068351485,5.733667477162185,11.073990765314376,0.0,0.0,11.050456081168516,5.131558479839333,0.0,11.336785877934735,68.54635098380861,29.525365011975733,0.0,26.46513959392033,10.535775497216456,0.0,0.0,0.0,201.58,51.4842470947288,22.801408536544404,0.0,15.130702465984026,0.0,11.336785877934735,26.151274369537788,0.0,0.0,15.456479851704078,20.23053332942989,31.44978820569469,0.9796905422586336,44.39737831563419,16.334751159546904,3.256457088644816,-3.375611656986792,-2.3123389733980013,0.0,3.692820624691566,-4.756268639419342,0.4615384615384615,28,5,13,0,1,1,0,1,1,10,4,15,7,0,1,1,2,-1.172499999999998,95.65050000000004,1,0,0,1,0,1,0,0,1,1,3,2,0,0,0,3,1,1,0,0,0,0,0,0,0,0,0,2,0,1,0,0,0,0,0,0,0,0,0,0,0,0,0,0,0,0,0,0,0,0,0,0,0,1,0,0,0,0,0,0,0,0,0,1,0,0,0,0,0,0,0,0,0,0,0,0,0,0,0,0,1,0,0,0,0,562.0,Escherichia coli,Bacteria
116457,,13388728,CHEMBL2410691,Antibacterial activity against Escherichia coli expressing CTX-M by broth microdilution method,F,BAO_0000179,BAO_0000218,organism-based format,C[C@H]1[C@H](NC(=O)/C(=N\OC(C)(C)C(=O)O)c2csc(N)n2)C(=O)N1S(=O)(=O)O,CHEMBL2407067,J Med Chem,2013.0,CHEMBL158,AZTREONAM,CHEMBL158,0,http://www.openphacts.org/units/MicrogramPerMilliliter,1910510,>,1,1,>,MIC90,ug.mL-1,64.0,CHEMBL354,Escherichia coli,Escherichia coli,562.0,,MIC90,ug ml-1,UO_0000274,64.0,CHEMBL158,C[C@H]1[C@H](NC(=O)/C(=N\OC(C)(C)C(=O)O)c2csc(N)n2)C(=O)N1S(=O)(=O)O,12.562141912320484,12.562141912320484,0.0349535856009066,-4.756268639419342,0.174788224513646,20.5,435.44000000000017,418.30400000000014,435.051854504,154,0,0.3620751467724121,-0.4782270320177159,0.4782270320177159,0.3620751467724121,1.4642857142857142,2.071428571428572,2.5,32.24529764273617,10.00401161573638,2.513331128805475,-2.416338874010568,2.230948535260857,-2.707807208919476,7.836563836647012,-0.1608446168429468,2.971847309732629,2.2592762983237704,953.8851353067348,21.43879310982592,14.8114553779692,16.444448539824652,12.752743308167698,7.578995896792942,9.855612118054724,6.221230582074894,8.399971119282888,3.730567932227123,5.414072402778615,2.1128455580549623,3.54351374163482,-2.78,690205.5939907836,21.519292322605008,7.325918985638601,4.204134383579708,162.59031069995737,20.994572059745856,11.735768823996422,10.843243482610037,5.601050810983688,11.814359458703011,16.27347016397548,14.141824241834009,14.083731696315263,8.417796984328938,11.336785877934735,5.15571272675054,20.771211599071872,5.380062770465915,6.041840829147961,37.29827438881211,50.26785898322327,0.0,14.605983116249774,5.15571272675054,38.455944068351485,5.733667477162185,11.073990765314376,0.0,0.0,11.050456081168516,5.131558479839333,0.0,11.336785877934735,68.54635098380861,29.525365011975733,0.0,26.46513959392033,10.535775497216456,0.0,0.0,0.0,201.58,51.4842470947288,22.801408536544404,0.0,15.130702465984026,0.0,11.336785877934735,26.151274369537788,0.0,0.0,15.456479851704078,20.23053332942989,31.44978820569469,0.9796905422586336,44.39737831563419,16.334751159546904,3.256457088644816,-3.375611656986792,-2.3123389733980013,0.0,3.692820624691566,-4.756268639419342,0.4615384615384615,28,5,13,0,1,1,0,1,1,10,4,15,7,0,1,1,2,-1.172499999999998,95.65050000000004,1,0,0,1,0,1,0,0,1,1,3,2,0,0,0,3,1,1,0,0,0,0,0,0,0,0,0,2,0,1,0,0,0,0,0,0,0,0,0,0,0,0,0,0,0,0,0,0,0,0,0,0,0,1,0,0,0,0,0,0,0,0,0,1,0,0,0,0,0,0,0,0,0,0,0,0,0,0,0,0,1,0,0,0,0,562.0,Escherichia coli,Bacteria
116457,,13388728,CHEMBL2410691,Antibacterial activity against Escherichia coli expressing CTX-M by broth microdilution method,F,BAO_0000179,BAO_0000218,organism-based format,C[C@H]1[C@H](NC(=O)/C(=N\OC(C)(C)C(=O)O)c2csc(N)n2)C(=O)N1S(=O)(=O)O,CHEMBL2407067,J Med Chem,2013.0,CHEMBL158,AZTREONAM,CHEMBL158,0,http://www.openphacts.org/units/MicrogramPerMilliliter,1910510,>,1,1,>,MIC90,ug.mL-1,64.0,CHEMBL354,Escherichia coli,Escherichia coli,562.0,,MIC90,ug ml-1,UO_0000274,64.0,CHEMBL158,C[C@H]1[C@H](NC(=O)/C(=N\OC(C)(C)C(=O)O)c2csc(N)n2)C(=O)N1S(=O)(=O)O,12.562141912320484,12.562141912320484,0.0349535856009066,-4.756268639419342,0.174788224513646,20.5,435.44000000000017,418.30400000000014,435.051854504,154,0,0.3620751467724121,-0.4782270320177159,0.4782270320177159,0.3620751467724121,1.4642857142857142,2.071428571428572,2.5,32.24529764273617,10.00401161573638,2.513331128805475,-2.416338874010568,2.230948535260857,-2.707807208919476,7.836563836647012,-0.1608446168429468,2.971847309732629,2.2592762983237704,953.8851353067348,21.43879310982592,14.8114553779692,16.444448539824652,12.752743308167698,7.578995896792942,9.855612118054724,6.221230582074894,8.399971119282888,3.730567932227123,5.414072402778615,2.1128455580549623,3.54351374163482,-2.78,690205.5939907836,21.519292322605008,7.325918985638601,4.204134383579708,162.59031069995737,20.994572059745856,11.735768823996422,10.843243482610037,5.601050810983688,11.814359458703011,16.27347016397548,14.141824241834009,14.083731696315263,8.417796984328938,11.336785877934735,5.15571272675054,20.771211599071872,5.380062770465915,6.041840829147961,37.29827438881211,50.26785898322327,0.0,14.605983116249774,5.15571272675054,38.455944068351485,5.733667477162185,11.073990765314376,0.0,0.0,11.050456081168516,5.131558479839333,0.0,11.336785877934735,68.54635098380861,29.525365011975733,0.0,26.46513959392033,10.535775497216456,0.0,0.0,0.0,201.58,51.4842470947288,22.801408536544404,0.0,15.130702465984026,0.0,11.336785877934735,26.151274369537788,0.0,0.0,15.456479851704078,20.23053332942989,31.44978820569469,0.9796905422586336,44.39737831563419,16.334751159546904,3.256457088644816,-3.375611656986792,-2.3123389733980013,0.0,3.692820624691566,-4.756268639419342,0.4615384615384615,28,5,13,0,1,1,0,1,1,10,4,15,7,0,1,1,2,-1.172499999999998,95.65050000000004,1,0,0,1,0,1,0,0,1,1,3,2,0,0,0,3,1,1,0,0,0,0,0,0,0,0,0,2,0,1,0,0,0,0,0,0,0,0,0,0,0,0,0,0,0,0,0,0,0,0,0,0,0,1,0,0,0,0,0,0,0,0,0,1,0,0,0,0,0,0,0,0,0,0,0,0,0,0,0,0,1,0,0,0,0,562.0,Escherichia coli,Bacteria
116457,,13388728,CHEMBL2410691,Antibacterial activity against Escherichia coli expressing CTX-M by broth microdilution method,F,BAO_0000179,BAO_0000218,organism-based format,C[C@H]1[C@H](NC(=O)/C(=N\OC(C)(C)C(=O)O)c2csc(N)n2)C(=O)N1S(=O)(=O)O,CHEMBL2407067,J Med Chem,2013.0,CHEMBL158,AZTREONAM,CHEMBL158,0,http://www.openphacts.org/units/MicrogramPerMilliliter,1910510,>,1,1,>,MIC90,ug.mL-1,64.0,CHEMBL354,Escherichia coli,Escherichia coli,562.0,,MIC90,ug ml-1,UO_0000274,64.0,CHEMBL158,C[C@H]1[C@H](NC(=O)/C(=N\OC(C)(C)C(=O)O)c2csc(N)n2)C(=O)N1S(=O)(=O)O,12.562141912320484,12.562141912320484,0.0349535856009066,-4.756268639419342,0.174788224513646,20.5,435.44000000000017,418.30400000000014,435.051854504,154,0,0.3620751467724121,-0.4782270320177159,0.4782270320177159,0.3620751467724121,1.4642857142857142,2.071428571428572,2.5,32.24529764273617,10.00401161573638,2.513331128805475,-2.416338874010568,2.230948535260857,-2.707807208919476,7.836563836647012,-0.1608446168429468,2.971847309732629,2.2592762983237704,953.8851353067348,21.43879310982592,14.8114553779692,16.444448539824652,12.752743308167698,7.578995896792942,9.855612118054724,6.221230582074894,8.399971119282888,3.730567932227123,5.414072402778615,2.1128455580549623,3.54351374163482,-2.78,690205.5939907836,21.519292322605008,7.325918985638601,4.204134383579708,162.59031069995737,20.994572059745856,11.735768823996422,10.843243482610037,5.601050810983688,11.814359458703011,16.27347016397548,14.141824241834009,14.083731696315263,8.417796984328938,11.336785877934735,5.15571272675054,20.771211599071872,5.380062770465915,6.041840829147961,37.29827438881211,50.26785898322327,0.0,14.605983116249774,5.15571272675054,38.455944068351485,5.733667477162185,11.073990765314376,0.0,0.0,11.050456081168516,5.131558479839333,0.0,11.336785877934735,68.54635098380861,29.525365011975733,0.0,26.46513959392033,10.535775497216456,0.0,0.0,0.0,201.58,51.4842470947288,22.801408536544404,0.0,15.130702465984026,0.0,11.336785877934735,26.151274369537788,0.0,0.0,15.456479851704078,20.23053332942989,31.44978820569469,0.9796905422586336,44.39737831563419,16.334751159546904,3.256457088644816,-3.375611656986792,-2.3123389733980013,0.0,3.692820624691566,-4.756268639419342,0.4615384615384615,28,5,13,0,1,1,0,1,1,10,4,15,7,0,1,1,2,-1.172499999999998,95.65050000000004,1,0,0,1,0,1,0,0,1,1,3,2,0,0,0,3,1,1,0,0,0,0,0,0,0,0,0,2,0,1,0,0,0,0,0,0,0,0,0,0,0,0,0,0,0,0,0,0,0,0,0,0,0,1,0,0,0,0,0,0,0,0,0,1,0,0,0,0,0,0,0,0,0,0,0,0,0,0,0,0,1,0,0,0,0,562.0,Escherichia coli,Bacteria
116458,,13388734,CHEMBL2410691,Antibacterial activity against Escherichia coli expressing CTX-M by broth microdilution method,F,BAO_0003035,BAO_0000218,organism-based format,C[C@H]1[C@H](NC(=O)/C(=N\OC(C)(C)C(=O)O)c2csc(N)n2)C(=O)N1S(=O)(=O)O,CHEMBL2407067,J Med Chem,2013.0,CHEMBL158,AZTREONAM,CHEMBL158,0,http://www.openphacts.org/units/MicrogramPerMilliliter,1910510,=,1,1,=,MIC50,ug.mL-1,64.0,CHEMBL354,Escherichia coli,Escherichia coli,562.0,,MIC50,ug ml-1,UO_0000274,64.0,CHEMBL158,C[C@H]1[C@H](NC(=O)/C(=N\OC(C)(C)C(=O)O)c2csc(N)n2)C(=O)N1S(=O)(=O)O,12.562141912320484,12.562141912320484,0.0349535856009066,-4.756268639419342,0.174788224513646,20.5,435.44000000000017,418.30400000000014,435.051854504,154,0,0.3620751467724121,-0.4782270320177159,0.4782270320177159,0.3620751467724121,1.4642857142857142,2.071428571428572,2.5,32.24529764273617,10.00401161573638,2.513331128805475,-2.416338874010568,2.230948535260857,-2.707807208919476,7.836563836647012,-0.1608446168429468,2.971847309732629,2.2592762983237704,953.8851353067348,21.43879310982592,14.8114553779692,16.444448539824652,12.752743308167698,7.578995896792942,9.855612118054724,6.221230582074894,8.399971119282888,3.730567932227123,5.414072402778615,2.1128455580549623,3.54351374163482,-2.78,690205.5939907836,21.519292322605008,7.325918985638601,4.204134383579708,162.59031069995737,20.994572059745856,11.735768823996422,10.843243482610037,5.601050810983688,11.814359458703011,16.27347016397548,14.141824241834009,14.083731696315263,8.417796984328938,11.336785877934735,5.15571272675054,20.771211599071872,5.380062770465915,6.041840829147961,37.29827438881211,50.26785898322327,0.0,14.605983116249774,5.15571272675054,38.455944068351485,5.733667477162185,11.073990765314376,0.0,0.0,11.050456081168516,5.131558479839333,0.0,11.336785877934735,68.54635098380861,29.525365011975733,0.0,26.46513959392033,10.535775497216456,0.0,0.0,0.0,201.58,51.4842470947288,22.801408536544404,0.0,15.130702465984026,0.0,11.336785877934735,26.151274369537788,0.0,0.0,15.456479851704078,20.23053332942989,31.44978820569469,0.9796905422586336,44.39737831563419,16.334751159546904,3.256457088644816,-3.375611656986792,-2.3123389733980013,0.0,3.692820624691566,-4.756268639419342,0.4615384615384615,28,5,13,0,1,1,0,1,1,10,4,15,7,0,1,1,2,-1.172499999999998,95.65050000000004,1,0,0,1,0,1,0,0,1,1,3,2,0,0,0,3,1,1,0,0,0,0,0,0,0,0,0,2,0,1,0,0,0,0,0,0,0,0,0,0,0,0,0,0,0,0,0,0,0,0,0,0,0,1,0,0,0,0,0,0,0,0,0,1,0,0,0,0,0,0,0,0,0,0,0,0,0,0,0,0,1,0,0,0,0,562.0,Escherichia coli,Bacteria
116458,,13388734,CHEMBL2410691,Antibacterial activity against Escherichia coli expressing CTX-M by broth microdilution method,F,BAO_0003035,BAO_0000218,organism-based format,C[C@H]1[C@H](NC(=O)/C(=N\OC(C)(C)C(=O)O)c2csc(N)n2)C(=O)N1S(=O)(=O)O,CHEMBL2407067,J Med Chem,2013.0,CHEMBL158,AZTREONAM,CHEMBL158,0,http://www.openphacts.org/units/MicrogramPerMilliliter,1910510,=,1,1,=,MIC50,ug.mL-1,64.0,CHEMBL354,Escherichia coli,Escherichia coli,562.0,,MIC50,ug ml-1,UO_0000274,64.0,CHEMBL158,C[C@H]1[C@H](NC(=O)/C(=N\OC(C)(C)C(=O)O)c2csc(N)n2)C(=O)N1S(=O)(=O)O,12.562141912320484,12.562141912320484,0.0349535856009066,-4.756268639419342,0.174788224513646,20.5,435.44000000000017,418.30400000000014,435.051854504,154,0,0.3620751467724121,-0.4782270320177159,0.4782270320177159,0.3620751467724121,1.4642857142857142,2.071428571428572,2.5,32.24529764273617,10.00401161573638,2.513331128805475,-2.416338874010568,2.230948535260857,-2.707807208919476,7.836563836647012,-0.1608446168429468,2.971847309732629,2.2592762983237704,953.8851353067348,21.43879310982592,14.8114553779692,16.444448539824652,12.752743308167698,7.578995896792942,9.855612118054724,6.221230582074894,8.399971119282888,3.730567932227123,5.414072402778615,2.1128455580549623,3.54351374163482,-2.78,690205.5939907836,21.519292322605008,7.325918985638601,4.204134383579708,162.59031069995737,20.994572059745856,11.735768823996422,10.843243482610037,5.601050810983688,11.814359458703011,16.27347016397548,14.141824241834009,14.083731696315263,8.417796984328938,11.336785877934735,5.15571272675054,20.771211599071872,5.380062770465915,6.041840829147961,37.29827438881211,50.26785898322327,0.0,14.605983116249774,5.15571272675054,38.455944068351485,5.733667477162185,11.073990765314376,0.0,0.0,11.050456081168516,5.131558479839333,0.0,11.336785877934735,68.54635098380861,29.525365011975733,0.0,26.46513959392033,10.535775497216456,0.0,0.0,0.0,201.58,51.4842470947288,22.801408536544404,0.0,15.130702465984026,0.0,11.336785877934735,26.151274369537788,0.0,0.0,15.456479851704078,20.23053332942989,31.44978820569469,0.9796905422586336,44.39737831563419,16.334751159546904,3.256457088644816,-3.375611656986792,-2.3123389733980013,0.0,3.692820624691566,-4.756268639419342,0.4615384615384615,28,5,13,0,1,1,0,1,1,10,4,15,7,0,1,1,2,-1.172499999999998,95.65050000000004,1,0,0,1,0,1,0,0,1,1,3,2,0,0,0,3,1,1,0,0,0,0,0,0,0,0,0,2,0,1,0,0,0,0,0,0,0,0,0,0,0,0,0,0,0,0,0,0,0,0,0,0,0,1,0,0,0,0,0,0,0,0,0,1,0,0,0,0,0,0,0,0,0,0,0,0,0,0,0,0,1,0,0,0,0,562.0,Escherichia coli,Bacteria
116458,,13388734,CHEMBL2410691,Antibacterial activity against Escherichia coli expressing CTX-M by broth microdilution method,F,BAO_0003035,BAO_0000218,organism-based format,C[C@H]1[C@H](NC(=O)/C(=N\OC(C)(C)C(=O)O)c2csc(N)n2)C(=O)N1S(=O)(=O)O,CHEMBL2407067,J Med Chem,2013.0,CHEMBL158,AZTREONAM,CHEMBL158,0,http://www.openphacts.org/units/MicrogramPerMilliliter,1910510,=,1,1,=,MIC50,ug.mL-1,64.0,CHEMBL354,Escherichia coli,Escherichia coli,562.0,,MIC50,ug ml-1,UO_0000274,64.0,CHEMBL158,C[C@H]1[C@H](NC(=O)/C(=N\OC(C)(C)C(=O)O)c2csc(N)n2)C(=O)N1S(=O)(=O)O,12.562141912320484,12.562141912320484,0.0349535856009066,-4.756268639419342,0.174788224513646,20.5,435.44000000000017,418.30400000000014,435.051854504,154,0,0.3620751467724121,-0.4782270320177159,0.4782270320177159,0.3620751467724121,1.4642857142857142,2.071428571428572,2.5,32.24529764273617,10.00401161573638,2.513331128805475,-2.416338874010568,2.230948535260857,-2.707807208919476,7.836563836647012,-0.1608446168429468,2.971847309732629,2.2592762983237704,953.8851353067348,21.43879310982592,14.8114553779692,16.444448539824652,12.752743308167698,7.578995896792942,9.855612118054724,6.221230582074894,8.399971119282888,3.730567932227123,5.414072402778615,2.1128455580549623,3.54351374163482,-2.78,690205.5939907836,21.519292322605008,7.325918985638601,4.204134383579708,162.59031069995737,20.994572059745856,11.735768823996422,10.843243482610037,5.601050810983688,11.814359458703011,16.27347016397548,14.141824241834009,14.083731696315263,8.417796984328938,11.336785877934735,5.15571272675054,20.771211599071872,5.380062770465915,6.041840829147961,37.29827438881211,50.26785898322327,0.0,14.605983116249774,5.15571272675054,38.455944068351485,5.733667477162185,11.073990765314376,0.0,0.0,11.050456081168516,5.131558479839333,0.0,11.336785877934735,68.54635098380861,29.525365011975733,0.0,26.46513959392033,10.535775497216456,0.0,0.0,0.0,201.58,51.4842470947288,22.801408536544404,0.0,15.130702465984026,0.0,11.336785877934735,26.151274369537788,0.0,0.0,15.456479851704078,20.23053332942989,31.44978820569469,0.9796905422586336,44.39737831563419,16.334751159546904,3.256457088644816,-3.375611656986792,-2.3123389733980013,0.0,3.692820624691566,-4.756268639419342,0.4615384615384615,28,5,13,0,1,1,0,1,1,10,4,15,7,0,1,1,2,-1.172499999999998,95.65050000000004,1,0,0,1,0,1,0,0,1,1,3,2,0,0,0,3,1,1,0,0,0,0,0,0,0,0,0,2,0,1,0,0,0,0,0,0,0,0,0,0,0,0,0,0,0,0,0,0,0,0,0,0,0,1,0,0,0,0,0,0,0,0,0,1,0,0,0,0,0,0,0,0,0,0,0,0,0,0,0,0,1,0,0,0,0,562.0,Escherichia coli,Bacteria
116458,,13388734,CHEMBL2410691,Antibacterial activity against Escherichia coli expressing CTX-M by broth microdilution method,F,BAO_0003035,BAO_0000218,organism-based format,C[C@H]1[C@H](NC(=O)/C(=N\OC(C)(C)C(=O)O)c2csc(N)n2)C(=O)N1S(=O)(=O)O,CHEMBL2407067,J Med Chem,2013.0,CHEMBL158,AZTREONAM,CHEMBL158,0,http://www.openphacts.org/units/MicrogramPerMilliliter,1910510,=,1,1,=,MIC50,ug.mL-1,64.0,CHEMBL354,Escherichia coli,Escherichia coli,562.0,,MIC50,ug ml-1,UO_0000274,64.0,CHEMBL158,C[C@H]1[C@H](NC(=O)/C(=N\OC(C)(C)C(=O)O)c2csc(N)n2)C(=O)N1S(=O)(=O)O,12.562141912320484,12.562141912320484,0.0349535856009066,-4.756268639419342,0.174788224513646,20.5,435.44000000000017,418.30400000000014,435.051854504,154,0,0.3620751467724121,-0.4782270320177159,0.4782270320177159,0.3620751467724121,1.4642857142857142,2.071428571428572,2.5,32.24529764273617,10.00401161573638,2.513331128805475,-2.416338874010568,2.230948535260857,-2.707807208919476,7.836563836647012,-0.1608446168429468,2.971847309732629,2.2592762983237704,953.8851353067348,21.43879310982592,14.8114553779692,16.444448539824652,12.752743308167698,7.578995896792942,9.855612118054724,6.221230582074894,8.399971119282888,3.730567932227123,5.414072402778615,2.1128455580549623,3.54351374163482,-2.78,690205.5939907836,21.519292322605008,7.325918985638601,4.204134383579708,162.59031069995737,20.994572059745856,11.735768823996422,10.843243482610037,5.601050810983688,11.814359458703011,16.27347016397548,14.141824241834009,14.083731696315263,8.417796984328938,11.336785877934735,5.15571272675054,20.771211599071872,5.380062770465915,6.041840829147961,37.29827438881211,50.26785898322327,0.0,14.605983116249774,5.15571272675054,38.455944068351485,5.733667477162185,11.073990765314376,0.0,0.0,11.050456081168516,5.131558479839333,0.0,11.336785877934735,68.54635098380861,29.525365011975733,0.0,26.46513959392033,10.535775497216456,0.0,0.0,0.0,201.58,51.4842470947288,22.801408536544404,0.0,15.130702465984026,0.0,11.336785877934735,26.151274369537788,0.0,0.0,15.456479851704078,20.23053332942989,31.44978820569469,0.9796905422586336,44.39737831563419,16.334751159546904,3.256457088644816,-3.375611656986792,-2.3123389733980013,0.0,3.692820624691566,-4.756268639419342,0.4615384615384615,28,5,13,0,1,1,0,1,1,10,4,15,7,0,1,1,2,-1.172499999999998,95.65050000000004,1,0,0,1,0,1,0,0,1,1,3,2,0,0,0,3,1,1,0,0,0,0,0,0,0,0,0,2,0,1,0,0,0,0,0,0,0,0,0,0,0,0,0,0,0,0,0,0,0,0,0,0,0,1,0,0,0,0,0,0,0,0,0,1,0,0,0,0,0,0,0,0,0,0,0,0,0,0,0,0,1,0,0,0,0,562.0,Escherichia coli,Bacteria
116459,,13388740,CHEMBL2410690,Antibacterial activity against Escherichia coli expressing defined beta-lactamase by broth microdilution method,F,BAO_0000179,BAO_0000218,organism-based format,C[C@H]1[C@H](NC(=O)/C(=N\OC(C)(C)C(=O)O)c2csc(N)n2)C(=O)N1S(=O)(=O)O,CHEMBL2407067,J Med Chem,2013.0,CHEMBL158,AZTREONAM,CHEMBL158,0,http://www.openphacts.org/units/MicrogramPerMilliliter,1910510,>,1,1,>,MIC90,ug.mL-1,64.0,CHEMBL354,Escherichia coli,Escherichia coli,562.0,,MIC90,ug ml-1,UO_0000274,64.0,CHEMBL158,C[C@H]1[C@H](NC(=O)/C(=N\OC(C)(C)C(=O)O)c2csc(N)n2)C(=O)N1S(=O)(=O)O,12.562141912320484,12.562141912320484,0.0349535856009066,-4.756268639419342,0.174788224513646,20.5,435.44000000000017,418.30400000000014,435.051854504,154,0,0.3620751467724121,-0.4782270320177159,0.4782270320177159,0.3620751467724121,1.4642857142857142,2.071428571428572,2.5,32.24529764273617,10.00401161573638,2.513331128805475,-2.416338874010568,2.230948535260857,-2.707807208919476,7.836563836647012,-0.1608446168429468,2.971847309732629,2.2592762983237704,953.8851353067348,21.43879310982592,14.8114553779692,16.444448539824652,12.752743308167698,7.578995896792942,9.855612118054724,6.221230582074894,8.399971119282888,3.730567932227123,5.414072402778615,2.1128455580549623,3.54351374163482,-2.78,690205.5939907836,21.519292322605008,7.325918985638601,4.204134383579708,162.59031069995737,20.994572059745856,11.735768823996422,10.843243482610037,5.601050810983688,11.814359458703011,16.27347016397548,14.141824241834009,14.083731696315263,8.417796984328938,11.336785877934735,5.15571272675054,20.771211599071872,5.380062770465915,6.041840829147961,37.29827438881211,50.26785898322327,0.0,14.605983116249774,5.15571272675054,38.455944068351485,5.733667477162185,11.073990765314376,0.0,0.0,11.050456081168516,5.131558479839333,0.0,11.336785877934735,68.54635098380861,29.525365011975733,0.0,26.46513959392033,10.535775497216456,0.0,0.0,0.0,201.58,51.4842470947288,22.801408536544404,0.0,15.130702465984026,0.0,11.336785877934735,26.151274369537788,0.0,0.0,15.456479851704078,20.23053332942989,31.44978820569469,0.9796905422586336,44.39737831563419,16.334751159546904,3.256457088644816,-3.375611656986792,-2.3123389733980013,0.0,3.692820624691566,-4.756268639419342,0.4615384615384615,28,5,13,0,1,1,0,1,1,10,4,15,7,0,1,1,2,-1.172499999999998,95.65050000000004,1,0,0,1,0,1,0,0,1,1,3,2,0,0,0,3,1,1,0,0,0,0,0,0,0,0,0,2,0,1,0,0,0,0,0,0,0,0,0,0,0,0,0,0,0,0,0,0,0,0,0,0,0,1,0,0,0,0,0,0,0,0,0,1,0,0,0,0,0,0,0,0,0,0,0,0,0,0,0,0,1,0,0,0,0,562.0,Escherichia coli,Bacteria
116459,,13388740,CHEMBL2410690,Antibacterial activity against Escherichia coli expressing defined beta-lactamase by broth microdilution method,F,BAO_0000179,BAO_0000218,organism-based format,C[C@H]1[C@H](NC(=O)/C(=N\OC(C)(C)C(=O)O)c2csc(N)n2)C(=O)N1S(=O)(=O)O,CHEMBL2407067,J Med Chem,2013.0,CHEMBL158,AZTREONAM,CHEMBL158,0,http://www.openphacts.org/units/MicrogramPerMilliliter,1910510,>,1,1,>,MIC90,ug.mL-1,64.0,CHEMBL354,Escherichia coli,Escherichia coli,562.0,,MIC90,ug ml-1,UO_0000274,64.0,CHEMBL158,C[C@H]1[C@H](NC(=O)/C(=N\OC(C)(C)C(=O)O)c2csc(N)n2)C(=O)N1S(=O)(=O)O,12.562141912320484,12.562141912320484,0.0349535856009066,-4.756268639419342,0.174788224513646,20.5,435.44000000000017,418.30400000000014,435.051854504,154,0,0.3620751467724121,-0.4782270320177159,0.4782270320177159,0.3620751467724121,1.4642857142857142,2.071428571428572,2.5,32.24529764273617,10.00401161573638,2.513331128805475,-2.416338874010568,2.230948535260857,-2.707807208919476,7.836563836647012,-0.1608446168429468,2.971847309732629,2.2592762983237704,953.8851353067348,21.43879310982592,14.8114553779692,16.444448539824652,12.752743308167698,7.578995896792942,9.855612118054724,6.221230582074894,8.399971119282888,3.730567932227123,5.414072402778615,2.1128455580549623,3.54351374163482,-2.78,690205.5939907836,21.519292322605008,7.325918985638601,4.204134383579708,162.59031069995737,20.994572059745856,11.735768823996422,10.843243482610037,5.601050810983688,11.814359458703011,16.27347016397548,14.141824241834009,14.083731696315263,8.417796984328938,11.336785877934735,5.15571272675054,20.771211599071872,5.380062770465915,6.041840829147961,37.29827438881211,50.26785898322327,0.0,14.605983116249774,5.15571272675054,38.455944068351485,5.733667477162185,11.073990765314376,0.0,0.0,11.050456081168516,5.131558479839333,0.0,11.336785877934735,68.54635098380861,29.525365011975733,0.0,26.46513959392033,10.535775497216456,0.0,0.0,0.0,201.58,51.4842470947288,22.801408536544404,0.0,15.130702465984026,0.0,11.336785877934735,26.151274369537788,0.0,0.0,15.456479851704078,20.23053332942989,31.44978820569469,0.9796905422586336,44.39737831563419,16.334751159546904,3.256457088644816,-3.375611656986792,-2.3123389733980013,0.0,3.692820624691566,-4.756268639419342,0.4615384615384615,28,5,13,0,1,1,0,1,1,10,4,15,7,0,1,1,2,-1.172499999999998,95.65050000000004,1,0,0,1,0,1,0,0,1,1,3,2,0,0,0,3,1,1,0,0,0,0,0,0,0,0,0,2,0,1,0,0,0,0,0,0,0,0,0,0,0,0,0,0,0,0,0,0,0,0,0,0,0,1,0,0,0,0,0,0,0,0,0,1,0,0,0,0,0,0,0,0,0,0,0,0,0,0,0,0,1,0,0,0,0,562.0,Escherichia coli,Bacteria
116459,,13388740,CHEMBL2410690,Antibacterial activity against Escherichia coli expressing defined beta-lactamase by broth microdilution method,F,BAO_0000179,BAO_0000218,organism-based format,C[C@H]1[C@H](NC(=O)/C(=N\OC(C)(C)C(=O)O)c2csc(N)n2)C(=O)N1S(=O)(=O)O,CHEMBL2407067,J Med Chem,2013.0,CHEMBL158,AZTREONAM,CHEMBL158,0,http://www.openphacts.org/units/MicrogramPerMilliliter,1910510,>,1,1,>,MIC90,ug.mL-1,64.0,CHEMBL354,Escherichia coli,Escherichia coli,562.0,,MIC90,ug ml-1,UO_0000274,64.0,CHEMBL158,C[C@H]1[C@H](NC(=O)/C(=N\OC(C)(C)C(=O)O)c2csc(N)n2)C(=O)N1S(=O)(=O)O,12.562141912320484,12.562141912320484,0.0349535856009066,-4.756268639419342,0.174788224513646,20.5,435.44000000000017,418.30400000000014,435.051854504,154,0,0.3620751467724121,-0.4782270320177159,0.4782270320177159,0.3620751467724121,1.4642857142857142,2.071428571428572,2.5,32.24529764273617,10.00401161573638,2.513331128805475,-2.416338874010568,2.230948535260857,-2.707807208919476,7.836563836647012,-0.1608446168429468,2.971847309732629,2.2592762983237704,953.8851353067348,21.43879310982592,14.8114553779692,16.444448539824652,12.752743308167698,7.578995896792942,9.855612118054724,6.221230582074894,8.399971119282888,3.730567932227123,5.414072402778615,2.1128455580549623,3.54351374163482,-2.78,690205.5939907836,21.519292322605008,7.325918985638601,4.204134383579708,162.59031069995737,20.994572059745856,11.735768823996422,10.843243482610037,5.601050810983688,11.814359458703011,16.27347016397548,14.141824241834009,14.083731696315263,8.417796984328938,11.336785877934735,5.15571272675054,20.771211599071872,5.380062770465915,6.041840829147961,37.29827438881211,50.26785898322327,0.0,14.605983116249774,5.15571272675054,38.455944068351485,5.733667477162185,11.073990765314376,0.0,0.0,11.050456081168516,5.131558479839333,0.0,11.336785877934735,68.54635098380861,29.525365011975733,0.0,26.46513959392033,10.535775497216456,0.0,0.0,0.0,201.58,51.4842470947288,22.801408536544404,0.0,15.130702465984026,0.0,11.336785877934735,26.151274369537788,0.0,0.0,15.456479851704078,20.23053332942989,31.44978820569469,0.9796905422586336,44.39737831563419,16.334751159546904,3.256457088644816,-3.375611656986792,-2.3123389733980013,0.0,3.692820624691566,-4.756268639419342,0.4615384615384615,28,5,13,0,1,1,0,1,1,10,4,15,7,0,1,1,2,-1.172499999999998,95.65050000000004,1,0,0,1,0,1,0,0,1,1,3,2,0,0,0,3,1,1,0,0,0,0,0,0,0,0,0,2,0,1,0,0,0,0,0,0,0,0,0,0,0,0,0,0,0,0,0,0,0,0,0,0,0,1,0,0,0,0,0,0,0,0,0,1,0,0,0,0,0,0,0,0,0,0,0,0,0,0,0,0,1,0,0,0,0,562.0,Escherichia coli,Bacteria
116459,,13388740,CHEMBL2410690,Antibacterial activity against Escherichia coli expressing defined beta-lactamase by broth microdilution method,F,BAO_0000179,BAO_0000218,organism-based format,C[C@H]1[C@H](NC(=O)/C(=N\OC(C)(C)C(=O)O)c2csc(N)n2)C(=O)N1S(=O)(=O)O,CHEMBL2407067,J Med Chem,2013.0,CHEMBL158,AZTREONAM,CHEMBL158,0,http://www.openphacts.org/units/MicrogramPerMilliliter,1910510,>,1,1,>,MIC90,ug.mL-1,64.0,CHEMBL354,Escherichia coli,Escherichia coli,562.0,,MIC90,ug ml-1,UO_0000274,64.0,CHEMBL158,C[C@H]1[C@H](NC(=O)/C(=N\OC(C)(C)C(=O)O)c2csc(N)n2)C(=O)N1S(=O)(=O)O,12.562141912320484,12.562141912320484,0.0349535856009066,-4.756268639419342,0.174788224513646,20.5,435.44000000000017,418.30400000000014,435.051854504,154,0,0.3620751467724121,-0.4782270320177159,0.4782270320177159,0.3620751467724121,1.4642857142857142,2.071428571428572,2.5,32.24529764273617,10.00401161573638,2.513331128805475,-2.416338874010568,2.230948535260857,-2.707807208919476,7.836563836647012,-0.1608446168429468,2.971847309732629,2.2592762983237704,953.8851353067348,21.43879310982592,14.8114553779692,16.444448539824652,12.752743308167698,7.578995896792942,9.855612118054724,6.221230582074894,8.399971119282888,3.730567932227123,5.414072402778615,2.1128455580549623,3.54351374163482,-2.78,690205.5939907836,21.519292322605008,7.325918985638601,4.204134383579708,162.59031069995737,20.994572059745856,11.735768823996422,10.843243482610037,5.601050810983688,11.814359458703011,16.27347016397548,14.141824241834009,14.083731696315263,8.417796984328938,11.336785877934735,5.15571272675054,20.771211599071872,5.380062770465915,6.041840829147961,37.29827438881211,50.26785898322327,0.0,14.605983116249774,5.15571272675054,38.455944068351485,5.733667477162185,11.073990765314376,0.0,0.0,11.050456081168516,5.131558479839333,0.0,11.336785877934735,68.54635098380861,29.525365011975733,0.0,26.46513959392033,10.535775497216456,0.0,0.0,0.0,201.58,51.4842470947288,22.801408536544404,0.0,15.130702465984026,0.0,11.336785877934735,26.151274369537788,0.0,0.0,15.456479851704078,20.23053332942989,31.44978820569469,0.9796905422586336,44.39737831563419,16.334751159546904,3.256457088644816,-3.375611656986792,-2.3123389733980013,0.0,3.692820624691566,-4.756268639419342,0.4615384615384615,28,5,13,0,1,1,0,1,1,10,4,15,7,0,1,1,2,-1.172499999999998,95.65050000000004,1,0,0,1,0,1,0,0,1,1,3,2,0,0,0,3,1,1,0,0,0,0,0,0,0,0,0,2,0,1,0,0,0,0,0,0,0,0,0,0,0,0,0,0,0,0,0,0,0,0,0,0,0,1,0,0,0,0,0,0,0,0,0,1,0,0,0,0,0,0,0,0,0,0,0,0,0,0,0,0,1,0,0,0,0,562.0,Escherichia coli,Bacteria
116460,,13388746,CHEMBL2410690,Antibacterial activity against Escherichia coli expressing defined beta-lactamase by broth microdilution method,F,BAO_0003035,BAO_0000218,organism-based format,C[C@H]1[C@H](NC(=O)/C(=N\OC(C)(C)C(=O)O)c2csc(N)n2)C(=O)N1S(=O)(=O)O,CHEMBL2407067,J Med Chem,2013.0,CHEMBL158,AZTREONAM,CHEMBL158,0,http://www.openphacts.org/units/MicrogramPerMilliliter,1910510,=,1,1,=,MIC50,ug.mL-1,4.0,CHEMBL354,Escherichia coli,Escherichia coli,562.0,,MIC50,ug ml-1,UO_0000274,4.0,CHEMBL158,C[C@H]1[C@H](NC(=O)/C(=N\OC(C)(C)C(=O)O)c2csc(N)n2)C(=O)N1S(=O)(=O)O,12.562141912320484,12.562141912320484,0.0349535856009066,-4.756268639419342,0.174788224513646,20.5,435.44000000000017,418.30400000000014,435.051854504,154,0,0.3620751467724121,-0.4782270320177159,0.4782270320177159,0.3620751467724121,1.4642857142857142,2.071428571428572,2.5,32.24529764273617,10.00401161573638,2.513331128805475,-2.416338874010568,2.230948535260857,-2.707807208919476,7.836563836647012,-0.1608446168429468,2.971847309732629,2.2592762983237704,953.8851353067348,21.43879310982592,14.8114553779692,16.444448539824652,12.752743308167698,7.578995896792942,9.855612118054724,6.221230582074894,8.399971119282888,3.730567932227123,5.414072402778615,2.1128455580549623,3.54351374163482,-2.78,690205.5939907836,21.519292322605008,7.325918985638601,4.204134383579708,162.59031069995737,20.994572059745856,11.735768823996422,10.843243482610037,5.601050810983688,11.814359458703011,16.27347016397548,14.141824241834009,14.083731696315263,8.417796984328938,11.336785877934735,5.15571272675054,20.771211599071872,5.380062770465915,6.041840829147961,37.29827438881211,50.26785898322327,0.0,14.605983116249774,5.15571272675054,38.455944068351485,5.733667477162185,11.073990765314376,0.0,0.0,11.050456081168516,5.131558479839333,0.0,11.336785877934735,68.54635098380861,29.525365011975733,0.0,26.46513959392033,10.535775497216456,0.0,0.0,0.0,201.58,51.4842470947288,22.801408536544404,0.0,15.130702465984026,0.0,11.336785877934735,26.151274369537788,0.0,0.0,15.456479851704078,20.23053332942989,31.44978820569469,0.9796905422586336,44.39737831563419,16.334751159546904,3.256457088644816,-3.375611656986792,-2.3123389733980013,0.0,3.692820624691566,-4.756268639419342,0.4615384615384615,28,5,13,0,1,1,0,1,1,10,4,15,7,0,1,1,2,-1.172499999999998,95.65050000000004,1,0,0,1,0,1,0,0,1,1,3,2,0,0,0,3,1,1,0,0,0,0,0,0,0,0,0,2,0,1,0,0,0,0,0,0,0,0,0,0,0,0,0,0,0,0,0,0,0,0,0,0,0,1,0,0,0,0,0,0,0,0,0,1,0,0,0,0,0,0,0,0,0,0,0,0,0,0,0,0,1,0,0,0,0,562.0,Escherichia coli,Bacteria
116460,,13388746,CHEMBL2410690,Antibacterial activity against Escherichia coli expressing defined beta-lactamase by broth microdilution method,F,BAO_0003035,BAO_0000218,organism-based format,C[C@H]1[C@H](NC(=O)/C(=N\OC(C)(C)C(=O)O)c2csc(N)n2)C(=O)N1S(=O)(=O)O,CHEMBL2407067,J Med Chem,2013.0,CHEMBL158,AZTREONAM,CHEMBL158,0,http://www.openphacts.org/units/MicrogramPerMilliliter,1910510,=,1,1,=,MIC50,ug.mL-1,4.0,CHEMBL354,Escherichia coli,Escherichia coli,562.0,,MIC50,ug ml-1,UO_0000274,4.0,CHEMBL158,C[C@H]1[C@H](NC(=O)/C(=N\OC(C)(C)C(=O)O)c2csc(N)n2)C(=O)N1S(=O)(=O)O,12.562141912320484,12.562141912320484,0.0349535856009066,-4.756268639419342,0.174788224513646,20.5,435.44000000000017,418.30400000000014,435.051854504,154,0,0.3620751467724121,-0.4782270320177159,0.4782270320177159,0.3620751467724121,1.4642857142857142,2.071428571428572,2.5,32.24529764273617,10.00401161573638,2.513331128805475,-2.416338874010568,2.230948535260857,-2.707807208919476,7.836563836647012,-0.1608446168429468,2.971847309732629,2.2592762983237704,953.8851353067348,21.43879310982592,14.8114553779692,16.444448539824652,12.752743308167698,7.578995896792942,9.855612118054724,6.221230582074894,8.399971119282888,3.730567932227123,5.414072402778615,2.1128455580549623,3.54351374163482,-2.78,690205.5939907836,21.519292322605008,7.325918985638601,4.204134383579708,162.59031069995737,20.994572059745856,11.735768823996422,10.843243482610037,5.601050810983688,11.814359458703011,16.27347016397548,14.141824241834009,14.083731696315263,8.417796984328938,11.336785877934735,5.15571272675054,20.771211599071872,5.380062770465915,6.041840829147961,37.29827438881211,50.26785898322327,0.0,14.605983116249774,5.15571272675054,38.455944068351485,5.733667477162185,11.073990765314376,0.0,0.0,11.050456081168516,5.131558479839333,0.0,11.336785877934735,68.54635098380861,29.525365011975733,0.0,26.46513959392033,10.535775497216456,0.0,0.0,0.0,201.58,51.4842470947288,22.801408536544404,0.0,15.130702465984026,0.0,11.336785877934735,26.151274369537788,0.0,0.0,15.456479851704078,20.23053332942989,31.44978820569469,0.9796905422586336,44.39737831563419,16.334751159546904,3.256457088644816,-3.375611656986792,-2.3123389733980013,0.0,3.692820624691566,-4.756268639419342,0.4615384615384615,28,5,13,0,1,1,0,1,1,10,4,15,7,0,1,1,2,-1.172499999999998,95.65050000000004,1,0,0,1,0,1,0,0,1,1,3,2,0,0,0,3,1,1,0,0,0,0,0,0,0,0,0,2,0,1,0,0,0,0,0,0,0,0,0,0,0,0,0,0,0,0,0,0,0,0,0,0,0,1,0,0,0,0,0,0,0,0,0,1,0,0,0,0,0,0,0,0,0,0,0,0,0,0,0,0,1,0,0,0,0,562.0,Escherichia coli,Bacteria
116460,,13388746,CHEMBL2410690,Antibacterial activity against Escherichia coli expressing defined beta-lactamase by broth microdilution method,F,BAO_0003035,BAO_0000218,organism-based format,C[C@H]1[C@H](NC(=O)/C(=N\OC(C)(C)C(=O)O)c2csc(N)n2)C(=O)N1S(=O)(=O)O,CHEMBL2407067,J Med Chem,2013.0,CHEMBL158,AZTREONAM,CHEMBL158,0,http://www.openphacts.org/units/MicrogramPerMilliliter,1910510,=,1,1,=,MIC50,ug.mL-1,4.0,CHEMBL354,Escherichia coli,Escherichia coli,562.0,,MIC50,ug ml-1,UO_0000274,4.0,CHEMBL158,C[C@H]1[C@H](NC(=O)/C(=N\OC(C)(C)C(=O)O)c2csc(N)n2)C(=O)N1S(=O)(=O)O,12.562141912320484,12.562141912320484,0.0349535856009066,-4.756268639419342,0.174788224513646,20.5,435.44000000000017,418.30400000000014,435.051854504,154,0,0.3620751467724121,-0.4782270320177159,0.4782270320177159,0.3620751467724121,1.4642857142857142,2.071428571428572,2.5,32.24529764273617,10.00401161573638,2.513331128805475,-2.416338874010568,2.230948535260857,-2.707807208919476,7.836563836647012,-0.1608446168429468,2.971847309732629,2.2592762983237704,953.8851353067348,21.43879310982592,14.8114553779692,16.444448539824652,12.752743308167698,7.578995896792942,9.855612118054724,6.221230582074894,8.399971119282888,3.730567932227123,5.414072402778615,2.1128455580549623,3.54351374163482,-2.78,690205.5939907836,21.519292322605008,7.325918985638601,4.204134383579708,162.59031069995737,20.994572059745856,11.735768823996422,10.843243482610037,5.601050810983688,11.814359458703011,16.27347016397548,14.141824241834009,14.083731696315263,8.417796984328938,11.336785877934735,5.15571272675054,20.771211599071872,5.380062770465915,6.041840829147961,37.29827438881211,50.26785898322327,0.0,14.605983116249774,5.15571272675054,38.455944068351485,5.733667477162185,11.073990765314376,0.0,0.0,11.050456081168516,5.131558479839333,0.0,11.336785877934735,68.54635098380861,29.525365011975733,0.0,26.46513959392033,10.535775497216456,0.0,0.0,0.0,201.58,51.4842470947288,22.801408536544404,0.0,15.130702465984026,0.0,11.336785877934735,26.151274369537788,0.0,0.0,15.456479851704078,20.23053332942989,31.44978820569469,0.9796905422586336,44.39737831563419,16.334751159546904,3.256457088644816,-3.375611656986792,-2.3123389733980013,0.0,3.692820624691566,-4.756268639419342,0.4615384615384615,28,5,13,0,1,1,0,1,1,10,4,15,7,0,1,1,2,-1.172499999999998,95.65050000000004,1,0,0,1,0,1,0,0,1,1,3,2,0,0,0,3,1,1,0,0,0,0,0,0,0,0,0,2,0,1,0,0,0,0,0,0,0,0,0,0,0,0,0,0,0,0,0,0,0,0,0,0,0,1,0,0,0,0,0,0,0,0,0,1,0,0,0,0,0,0,0,0,0,0,0,0,0,0,0,0,1,0,0,0,0,562.0,Escherichia coli,Bacteria
116460,,13388746,CHEMBL2410690,Antibacterial activity against Escherichia coli expressing defined beta-lactamase by broth microdilution method,F,BAO_0003035,BAO_0000218,organism-based format,C[C@H]1[C@H](NC(=O)/C(=N\OC(C)(C)C(=O)O)c2csc(N)n2)C(=O)N1S(=O)(=O)O,CHEMBL2407067,J Med Chem,2013.0,CHEMBL158,AZTREONAM,CHEMBL158,0,http://www.openphacts.org/units/MicrogramPerMilliliter,1910510,=,1,1,=,MIC50,ug.mL-1,4.0,CHEMBL354,Escherichia coli,Escherichia coli,562.0,,MIC50,ug ml-1,UO_0000274,4.0,CHEMBL158,C[C@H]1[C@H](NC(=O)/C(=N\OC(C)(C)C(=O)O)c2csc(N)n2)C(=O)N1S(=O)(=O)O,12.562141912320484,12.562141912320484,0.0349535856009066,-4.756268639419342,0.174788224513646,20.5,435.44000000000017,418.30400000000014,435.051854504,154,0,0.3620751467724121,-0.4782270320177159,0.4782270320177159,0.3620751467724121,1.4642857142857142,2.071428571428572,2.5,32.24529764273617,10.00401161573638,2.513331128805475,-2.416338874010568,2.230948535260857,-2.707807208919476,7.836563836647012,-0.1608446168429468,2.971847309732629,2.2592762983237704,953.8851353067348,21.43879310982592,14.8114553779692,16.444448539824652,12.752743308167698,7.578995896792942,9.855612118054724,6.221230582074894,8.399971119282888,3.730567932227123,5.414072402778615,2.1128455580549623,3.54351374163482,-2.78,690205.5939907836,21.519292322605008,7.325918985638601,4.204134383579708,162.59031069995737,20.994572059745856,11.735768823996422,10.843243482610037,5.601050810983688,11.814359458703011,16.27347016397548,14.141824241834009,14.083731696315263,8.417796984328938,11.336785877934735,5.15571272675054,20.771211599071872,5.380062770465915,6.041840829147961,37.29827438881211,50.26785898322327,0.0,14.605983116249774,5.15571272675054,38.455944068351485,5.733667477162185,11.073990765314376,0.0,0.0,11.050456081168516,5.131558479839333,0.0,11.336785877934735,68.54635098380861,29.525365011975733,0.0,26.46513959392033,10.535775497216456,0.0,0.0,0.0,201.58,51.4842470947288,22.801408536544404,0.0,15.130702465984026,0.0,11.336785877934735,26.151274369537788,0.0,0.0,15.456479851704078,20.23053332942989,31.44978820569469,0.9796905422586336,44.39737831563419,16.334751159546904,3.256457088644816,-3.375611656986792,-2.3123389733980013,0.0,3.692820624691566,-4.756268639419342,0.4615384615384615,28,5,13,0,1,1,0,1,1,10,4,15,7,0,1,1,2,-1.172499999999998,95.65050000000004,1,0,0,1,0,1,0,0,1,1,3,2,0,0,0,3,1,1,0,0,0,0,0,0,0,0,0,2,0,1,0,0,0,0,0,0,0,0,0,0,0,0,0,0,0,0,0,0,0,0,0,0,0,1,0,0,0,0,0,0,0,0,0,1,0,0,0,0,0,0,0,0,0,0,0,0,0,0,0,0,1,0,0,0,0,562.0,Escherichia coli,Bacteria
116461,,13388752,CHEMBL2410692,Antibacterial activity against Escherichia coli expressing ESBL by broth microdilution method,F,BAO_0000179,BAO_0000218,organism-based format,C[C@H]1[C@H](NC(=O)/C(=N\OC(C)(C)C(=O)O)c2csc(N)n2)C(=O)N1S(=O)(=O)O,CHEMBL2407067,J Med Chem,2013.0,CHEMBL158,AZTREONAM,CHEMBL158,0,http://www.openphacts.org/units/MicrogramPerMilliliter,1910510,>,1,1,>,MIC90,ug.mL-1,64.0,CHEMBL354,Escherichia coli,Escherichia coli,562.0,,MIC90,ug ml-1,UO_0000274,64.0,CHEMBL158,C[C@H]1[C@H](NC(=O)/C(=N\OC(C)(C)C(=O)O)c2csc(N)n2)C(=O)N1S(=O)(=O)O,12.562141912320484,12.562141912320484,0.0349535856009066,-4.756268639419342,0.174788224513646,20.5,435.44000000000017,418.30400000000014,435.051854504,154,0,0.3620751467724121,-0.4782270320177159,0.4782270320177159,0.3620751467724121,1.4642857142857142,2.071428571428572,2.5,32.24529764273617,10.00401161573638,2.513331128805475,-2.416338874010568,2.230948535260857,-2.707807208919476,7.836563836647012,-0.1608446168429468,2.971847309732629,2.2592762983237704,953.8851353067348,21.43879310982592,14.8114553779692,16.444448539824652,12.752743308167698,7.578995896792942,9.855612118054724,6.221230582074894,8.399971119282888,3.730567932227123,5.414072402778615,2.1128455580549623,3.54351374163482,-2.78,690205.5939907836,21.519292322605008,7.325918985638601,4.204134383579708,162.59031069995737,20.994572059745856,11.735768823996422,10.843243482610037,5.601050810983688,11.814359458703011,16.27347016397548,14.141824241834009,14.083731696315263,8.417796984328938,11.336785877934735,5.15571272675054,20.771211599071872,5.380062770465915,6.041840829147961,37.29827438881211,50.26785898322327,0.0,14.605983116249774,5.15571272675054,38.455944068351485,5.733667477162185,11.073990765314376,0.0,0.0,11.050456081168516,5.131558479839333,0.0,11.336785877934735,68.54635098380861,29.525365011975733,0.0,26.46513959392033,10.535775497216456,0.0,0.0,0.0,201.58,51.4842470947288,22.801408536544404,0.0,15.130702465984026,0.0,11.336785877934735,26.151274369537788,0.0,0.0,15.456479851704078,20.23053332942989,31.44978820569469,0.9796905422586336,44.39737831563419,16.334751159546904,3.256457088644816,-3.375611656986792,-2.3123389733980013,0.0,3.692820624691566,-4.756268639419342,0.4615384615384615,28,5,13,0,1,1,0,1,1,10,4,15,7,0,1,1,2,-1.172499999999998,95.65050000000004,1,0,0,1,0,1,0,0,1,1,3,2,0,0,0,3,1,1,0,0,0,0,0,0,0,0,0,2,0,1,0,0,0,0,0,0,0,0,0,0,0,0,0,0,0,0,0,0,0,0,0,0,0,1,0,0,0,0,0,0,0,0,0,1,0,0,0,0,0,0,0,0,0,0,0,0,0,0,0,0,1,0,0,0,0,562.0,Escherichia coli,Bacteria
116461,,13388752,CHEMBL2410692,Antibacterial activity against Escherichia coli expressing ESBL by broth microdilution method,F,BAO_0000179,BAO_0000218,organism-based format,C[C@H]1[C@H](NC(=O)/C(=N\OC(C)(C)C(=O)O)c2csc(N)n2)C(=O)N1S(=O)(=O)O,CHEMBL2407067,J Med Chem,2013.0,CHEMBL158,AZTREONAM,CHEMBL158,0,http://www.openphacts.org/units/MicrogramPerMilliliter,1910510,>,1,1,>,MIC90,ug.mL-1,64.0,CHEMBL354,Escherichia coli,Escherichia coli,562.0,,MIC90,ug ml-1,UO_0000274,64.0,CHEMBL158,C[C@H]1[C@H](NC(=O)/C(=N\OC(C)(C)C(=O)O)c2csc(N)n2)C(=O)N1S(=O)(=O)O,12.562141912320484,12.562141912320484,0.0349535856009066,-4.756268639419342,0.174788224513646,20.5,435.44000000000017,418.30400000000014,435.051854504,154,0,0.3620751467724121,-0.4782270320177159,0.4782270320177159,0.3620751467724121,1.4642857142857142,2.071428571428572,2.5,32.24529764273617,10.00401161573638,2.513331128805475,-2.416338874010568,2.230948535260857,-2.707807208919476,7.836563836647012,-0.1608446168429468,2.971847309732629,2.2592762983237704,953.8851353067348,21.43879310982592,14.8114553779692,16.444448539824652,12.752743308167698,7.578995896792942,9.855612118054724,6.221230582074894,8.399971119282888,3.730567932227123,5.414072402778615,2.1128455580549623,3.54351374163482,-2.78,690205.5939907836,21.519292322605008,7.325918985638601,4.204134383579708,162.59031069995737,20.994572059745856,11.735768823996422,10.843243482610037,5.601050810983688,11.814359458703011,16.27347016397548,14.141824241834009,14.083731696315263,8.417796984328938,11.336785877934735,5.15571272675054,20.771211599071872,5.380062770465915,6.041840829147961,37.29827438881211,50.26785898322327,0.0,14.605983116249774,5.15571272675054,38.455944068351485,5.733667477162185,11.073990765314376,0.0,0.0,11.050456081168516,5.131558479839333,0.0,11.336785877934735,68.54635098380861,29.525365011975733,0.0,26.46513959392033,10.535775497216456,0.0,0.0,0.0,201.58,51.4842470947288,22.801408536544404,0.0,15.130702465984026,0.0,11.336785877934735,26.151274369537788,0.0,0.0,15.456479851704078,20.23053332942989,31.44978820569469,0.9796905422586336,44.39737831563419,16.334751159546904,3.256457088644816,-3.375611656986792,-2.3123389733980013,0.0,3.692820624691566,-4.756268639419342,0.4615384615384615,28,5,13,0,1,1,0,1,1,10,4,15,7,0,1,1,2,-1.172499999999998,95.65050000000004,1,0,0,1,0,1,0,0,1,1,3,2,0,0,0,3,1,1,0,0,0,0,0,0,0,0,0,2,0,1,0,0,0,0,0,0,0,0,0,0,0,0,0,0,0,0,0,0,0,0,0,0,0,1,0,0,0,0,0,0,0,0,0,1,0,0,0,0,0,0,0,0,0,0,0,0,0,0,0,0,1,0,0,0,0,562.0,Escherichia coli,Bacteria
116461,,13388752,CHEMBL2410692,Antibacterial activity against Escherichia coli expressing ESBL by broth microdilution method,F,BAO_0000179,BAO_0000218,organism-based format,C[C@H]1[C@H](NC(=O)/C(=N\OC(C)(C)C(=O)O)c2csc(N)n2)C(=O)N1S(=O)(=O)O,CHEMBL2407067,J Med Chem,2013.0,CHEMBL158,AZTREONAM,CHEMBL158,0,http://www.openphacts.org/units/MicrogramPerMilliliter,1910510,>,1,1,>,MIC90,ug.mL-1,64.0,CHEMBL354,Escherichia coli,Escherichia coli,562.0,,MIC90,ug ml-1,UO_0000274,64.0,CHEMBL158,C[C@H]1[C@H](NC(=O)/C(=N\OC(C)(C)C(=O)O)c2csc(N)n2)C(=O)N1S(=O)(=O)O,12.562141912320484,12.562141912320484,0.0349535856009066,-4.756268639419342,0.174788224513646,20.5,435.44000000000017,418.30400000000014,435.051854504,154,0,0.3620751467724121,-0.4782270320177159,0.4782270320177159,0.3620751467724121,1.4642857142857142,2.071428571428572,2.5,32.24529764273617,10.00401161573638,2.513331128805475,-2.416338874010568,2.230948535260857,-2.707807208919476,7.836563836647012,-0.1608446168429468,2.971847309732629,2.2592762983237704,953.8851353067348,21.43879310982592,14.8114553779692,16.444448539824652,12.752743308167698,7.578995896792942,9.855612118054724,6.221230582074894,8.399971119282888,3.730567932227123,5.414072402778615,2.1128455580549623,3.54351374163482,-2.78,690205.5939907836,21.519292322605008,7.325918985638601,4.204134383579708,162.59031069995737,20.994572059745856,11.735768823996422,10.843243482610037,5.601050810983688,11.814359458703011,16.27347016397548,14.141824241834009,14.083731696315263,8.417796984328938,11.336785877934735,5.15571272675054,20.771211599071872,5.380062770465915,6.041840829147961,37.29827438881211,50.26785898322327,0.0,14.605983116249774,5.15571272675054,38.455944068351485,5.733667477162185,11.073990765314376,0.0,0.0,11.050456081168516,5.131558479839333,0.0,11.336785877934735,68.54635098380861,29.525365011975733,0.0,26.46513959392033,10.535775497216456,0.0,0.0,0.0,201.58,51.4842470947288,22.801408536544404,0.0,15.130702465984026,0.0,11.336785877934735,26.151274369537788,0.0,0.0,15.456479851704078,20.23053332942989,31.44978820569469,0.9796905422586336,44.39737831563419,16.334751159546904,3.256457088644816,-3.375611656986792,-2.3123389733980013,0.0,3.692820624691566,-4.756268639419342,0.4615384615384615,28,5,13,0,1,1,0,1,1,10,4,15,7,0,1,1,2,-1.172499999999998,95.65050000000004,1,0,0,1,0,1,0,0,1,1,3,2,0,0,0,3,1,1,0,0,0,0,0,0,0,0,0,2,0,1,0,0,0,0,0,0,0,0,0,0,0,0,0,0,0,0,0,0,0,0,0,0,0,1,0,0,0,0,0,0,0,0,0,1,0,0,0,0,0,0,0,0,0,0,0,0,0,0,0,0,1,0,0,0,0,562.0,Escherichia coli,Bacteria
116461,,13388752,CHEMBL2410692,Antibacterial activity against Escherichia coli expressing ESBL by broth microdilution method,F,BAO_0000179,BAO_0000218,organism-based format,C[C@H]1[C@H](NC(=O)/C(=N\OC(C)(C)C(=O)O)c2csc(N)n2)C(=O)N1S(=O)(=O)O,CHEMBL2407067,J Med Chem,2013.0,CHEMBL158,AZTREONAM,CHEMBL158,0,http://www.openphacts.org/units/MicrogramPerMilliliter,1910510,>,1,1,>,MIC90,ug.mL-1,64.0,CHEMBL354,Escherichia coli,Escherichia coli,562.0,,MIC90,ug ml-1,UO_0000274,64.0,CHEMBL158,C[C@H]1[C@H](NC(=O)/C(=N\OC(C)(C)C(=O)O)c2csc(N)n2)C(=O)N1S(=O)(=O)O,12.562141912320484,12.562141912320484,0.0349535856009066,-4.756268639419342,0.174788224513646,20.5,435.44000000000017,418.30400000000014,435.051854504,154,0,0.3620751467724121,-0.4782270320177159,0.4782270320177159,0.3620751467724121,1.4642857142857142,2.071428571428572,2.5,32.24529764273617,10.00401161573638,2.513331128805475,-2.416338874010568,2.230948535260857,-2.707807208919476,7.836563836647012,-0.1608446168429468,2.971847309732629,2.2592762983237704,953.8851353067348,21.43879310982592,14.8114553779692,16.444448539824652,12.752743308167698,7.578995896792942,9.855612118054724,6.221230582074894,8.399971119282888,3.730567932227123,5.414072402778615,2.1128455580549623,3.54351374163482,-2.78,690205.5939907836,21.519292322605008,7.325918985638601,4.204134383579708,162.59031069995737,20.994572059745856,11.735768823996422,10.843243482610037,5.601050810983688,11.814359458703011,16.27347016397548,14.141824241834009,14.083731696315263,8.417796984328938,11.336785877934735,5.15571272675054,20.771211599071872,5.380062770465915,6.041840829147961,37.29827438881211,50.26785898322327,0.0,14.605983116249774,5.15571272675054,38.455944068351485,5.733667477162185,11.073990765314376,0.0,0.0,11.050456081168516,5.131558479839333,0.0,11.336785877934735,68.54635098380861,29.525365011975733,0.0,26.46513959392033,10.535775497216456,0.0,0.0,0.0,201.58,51.4842470947288,22.801408536544404,0.0,15.130702465984026,0.0,11.336785877934735,26.151274369537788,0.0,0.0,15.456479851704078,20.23053332942989,31.44978820569469,0.9796905422586336,44.39737831563419,16.334751159546904,3.256457088644816,-3.375611656986792,-2.3123389733980013,0.0,3.692820624691566,-4.756268639419342,0.4615384615384615,28,5,13,0,1,1,0,1,1,10,4,15,7,0,1,1,2,-1.172499999999998,95.65050000000004,1,0,0,1,0,1,0,0,1,1,3,2,0,0,0,3,1,1,0,0,0,0,0,0,0,0,0,2,0,1,0,0,0,0,0,0,0,0,0,0,0,0,0,0,0,0,0,0,0,0,0,0,0,1,0,0,0,0,0,0,0,0,0,1,0,0,0,0,0,0,0,0,0,0,0,0,0,0,0,0,1,0,0,0,0,562.0,Escherichia coli,Bacteria
116462,,13388758,CHEMBL2410692,Antibacterial activity against Escherichia coli expressing ESBL by broth microdilution method,F,BAO_0003035,BAO_0000218,organism-based format,C[C@H]1[C@H](NC(=O)/C(=N\OC(C)(C)C(=O)O)c2csc(N)n2)C(=O)N1S(=O)(=O)O,CHEMBL2407067,J Med Chem,2013.0,CHEMBL158,AZTREONAM,CHEMBL158,0,http://www.openphacts.org/units/MicrogramPerMilliliter,1910510,=,1,1,=,MIC50,ug.mL-1,64.0,CHEMBL354,Escherichia coli,Escherichia coli,562.0,,MIC50,ug ml-1,UO_0000274,64.0,CHEMBL158,C[C@H]1[C@H](NC(=O)/C(=N\OC(C)(C)C(=O)O)c2csc(N)n2)C(=O)N1S(=O)(=O)O,12.562141912320484,12.562141912320484,0.0349535856009066,-4.756268639419342,0.174788224513646,20.5,435.44000000000017,418.30400000000014,435.051854504,154,0,0.3620751467724121,-0.4782270320177159,0.4782270320177159,0.3620751467724121,1.4642857142857142,2.071428571428572,2.5,32.24529764273617,10.00401161573638,2.513331128805475,-2.416338874010568,2.230948535260857,-2.707807208919476,7.836563836647012,-0.1608446168429468,2.971847309732629,2.2592762983237704,953.8851353067348,21.43879310982592,14.8114553779692,16.444448539824652,12.752743308167698,7.578995896792942,9.855612118054724,6.221230582074894,8.399971119282888,3.730567932227123,5.414072402778615,2.1128455580549623,3.54351374163482,-2.78,690205.5939907836,21.519292322605008,7.325918985638601,4.204134383579708,162.59031069995737,20.994572059745856,11.735768823996422,10.843243482610037,5.601050810983688,11.814359458703011,16.27347016397548,14.141824241834009,14.083731696315263,8.417796984328938,11.336785877934735,5.15571272675054,20.771211599071872,5.380062770465915,6.041840829147961,37.29827438881211,50.26785898322327,0.0,14.605983116249774,5.15571272675054,38.455944068351485,5.733667477162185,11.073990765314376,0.0,0.0,11.050456081168516,5.131558479839333,0.0,11.336785877934735,68.54635098380861,29.525365011975733,0.0,26.46513959392033,10.535775497216456,0.0,0.0,0.0,201.58,51.4842470947288,22.801408536544404,0.0,15.130702465984026,0.0,11.336785877934735,26.151274369537788,0.0,0.0,15.456479851704078,20.23053332942989,31.44978820569469,0.9796905422586336,44.39737831563419,16.334751159546904,3.256457088644816,-3.375611656986792,-2.3123389733980013,0.0,3.692820624691566,-4.756268639419342,0.4615384615384615,28,5,13,0,1,1,0,1,1,10,4,15,7,0,1,1,2,-1.172499999999998,95.65050000000004,1,0,0,1,0,1,0,0,1,1,3,2,0,0,0,3,1,1,0,0,0,0,0,0,0,0,0,2,0,1,0,0,0,0,0,0,0,0,0,0,0,0,0,0,0,0,0,0,0,0,0,0,0,1,0,0,0,0,0,0,0,0,0,1,0,0,0,0,0,0,0,0,0,0,0,0,0,0,0,0,1,0,0,0,0,562.0,Escherichia coli,Bacteria
116462,,13388758,CHEMBL2410692,Antibacterial activity against Escherichia coli expressing ESBL by broth microdilution method,F,BAO_0003035,BAO_0000218,organism-based format,C[C@H]1[C@H](NC(=O)/C(=N\OC(C)(C)C(=O)O)c2csc(N)n2)C(=O)N1S(=O)(=O)O,CHEMBL2407067,J Med Chem,2013.0,CHEMBL158,AZTREONAM,CHEMBL158,0,http://www.openphacts.org/units/MicrogramPerMilliliter,1910510,=,1,1,=,MIC50,ug.mL-1,64.0,CHEMBL354,Escherichia coli,Escherichia coli,562.0,,MIC50,ug ml-1,UO_0000274,64.0,CHEMBL158,C[C@H]1[C@H](NC(=O)/C(=N\OC(C)(C)C(=O)O)c2csc(N)n2)C(=O)N1S(=O)(=O)O,12.562141912320484,12.562141912320484,0.0349535856009066,-4.756268639419342,0.174788224513646,20.5,435.44000000000017,418.30400000000014,435.051854504,154,0,0.3620751467724121,-0.4782270320177159,0.4782270320177159,0.3620751467724121,1.4642857142857142,2.071428571428572,2.5,32.24529764273617,10.00401161573638,2.513331128805475,-2.416338874010568,2.230948535260857,-2.707807208919476,7.836563836647012,-0.1608446168429468,2.971847309732629,2.2592762983237704,953.8851353067348,21.43879310982592,14.8114553779692,16.444448539824652,12.752743308167698,7.578995896792942,9.855612118054724,6.221230582074894,8.399971119282888,3.730567932227123,5.414072402778615,2.1128455580549623,3.54351374163482,-2.78,690205.5939907836,21.519292322605008,7.325918985638601,4.204134383579708,162.59031069995737,20.994572059745856,11.735768823996422,10.843243482610037,5.601050810983688,11.814359458703011,16.27347016397548,14.141824241834009,14.083731696315263,8.417796984328938,11.336785877934735,5.15571272675054,20.771211599071872,5.380062770465915,6.041840829147961,37.29827438881211,50.26785898322327,0.0,14.605983116249774,5.15571272675054,38.455944068351485,5.733667477162185,11.073990765314376,0.0,0.0,11.050456081168516,5.131558479839333,0.0,11.336785877934735,68.54635098380861,29.525365011975733,0.0,26.46513959392033,10.535775497216456,0.0,0.0,0.0,201.58,51.4842470947288,22.801408536544404,0.0,15.130702465984026,0.0,11.336785877934735,26.151274369537788,0.0,0.0,15.456479851704078,20.23053332942989,31.44978820569469,0.9796905422586336,44.39737831563419,16.334751159546904,3.256457088644816,-3.375611656986792,-2.3123389733980013,0.0,3.692820624691566,-4.756268639419342,0.4615384615384615,28,5,13,0,1,1,0,1,1,10,4,15,7,0,1,1,2,-1.172499999999998,95.65050000000004,1,0,0,1,0,1,0,0,1,1,3,2,0,0,0,3,1,1,0,0,0,0,0,0,0,0,0,2,0,1,0,0,0,0,0,0,0,0,0,0,0,0,0,0,0,0,0,0,0,0,0,0,0,1,0,0,0,0,0,0,0,0,0,1,0,0,0,0,0,0,0,0,0,0,0,0,0,0,0,0,1,0,0,0,0,562.0,Escherichia coli,Bacteria
116462,,13388758,CHEMBL2410692,Antibacterial activity against Escherichia coli expressing ESBL by broth microdilution method,F,BAO_0003035,BAO_0000218,organism-based format,C[C@H]1[C@H](NC(=O)/C(=N\OC(C)(C)C(=O)O)c2csc(N)n2)C(=O)N1S(=O)(=O)O,CHEMBL2407067,J Med Chem,2013.0,CHEMBL158,AZTREONAM,CHEMBL158,0,http://www.openphacts.org/units/MicrogramPerMilliliter,1910510,=,1,1,=,MIC50,ug.mL-1,64.0,CHEMBL354,Escherichia coli,Escherichia coli,562.0,,MIC50,ug ml-1,UO_0000274,64.0,CHEMBL158,C[C@H]1[C@H](NC(=O)/C(=N\OC(C)(C)C(=O)O)c2csc(N)n2)C(=O)N1S(=O)(=O)O,12.562141912320484,12.562141912320484,0.0349535856009066,-4.756268639419342,0.174788224513646,20.5,435.44000000000017,418.30400000000014,435.051854504,154,0,0.3620751467724121,-0.4782270320177159,0.4782270320177159,0.3620751467724121,1.4642857142857142,2.071428571428572,2.5,32.24529764273617,10.00401161573638,2.513331128805475,-2.416338874010568,2.230948535260857,-2.707807208919476,7.836563836647012,-0.1608446168429468,2.971847309732629,2.2592762983237704,953.8851353067348,21.43879310982592,14.8114553779692,16.444448539824652,12.752743308167698,7.578995896792942,9.855612118054724,6.221230582074894,8.399971119282888,3.730567932227123,5.414072402778615,2.1128455580549623,3.54351374163482,-2.78,690205.5939907836,21.519292322605008,7.325918985638601,4.204134383579708,162.59031069995737,20.994572059745856,11.735768823996422,10.843243482610037,5.601050810983688,11.814359458703011,16.27347016397548,14.141824241834009,14.083731696315263,8.417796984328938,11.336785877934735,5.15571272675054,20.771211599071872,5.380062770465915,6.041840829147961,37.29827438881211,50.26785898322327,0.0,14.605983116249774,5.15571272675054,38.455944068351485,5.733667477162185,11.073990765314376,0.0,0.0,11.050456081168516,5.131558479839333,0.0,11.336785877934735,68.54635098380861,29.525365011975733,0.0,26.46513959392033,10.535775497216456,0.0,0.0,0.0,201.58,51.4842470947288,22.801408536544404,0.0,15.130702465984026,0.0,11.336785877934735,26.151274369537788,0.0,0.0,15.456479851704078,20.23053332942989,31.44978820569469,0.9796905422586336,44.39737831563419,16.334751159546904,3.256457088644816,-3.375611656986792,-2.3123389733980013,0.0,3.692820624691566,-4.756268639419342,0.4615384615384615,28,5,13,0,1,1,0,1,1,10,4,15,7,0,1,1,2,-1.172499999999998,95.65050000000004,1,0,0,1,0,1,0,0,1,1,3,2,0,0,0,3,1,1,0,0,0,0,0,0,0,0,0,2,0,1,0,0,0,0,0,0,0,0,0,0,0,0,0,0,0,0,0,0,0,0,0,0,0,1,0,0,0,0,0,0,0,0,0,1,0,0,0,0,0,0,0,0,0,0,0,0,0,0,0,0,1,0,0,0,0,562.0,Escherichia coli,Bacteria
116462,,13388758,CHEMBL2410692,Antibacterial activity against Escherichia coli expressing ESBL by broth microdilution method,F,BAO_0003035,BAO_0000218,organism-based format,C[C@H]1[C@H](NC(=O)/C(=N\OC(C)(C)C(=O)O)c2csc(N)n2)C(=O)N1S(=O)(=O)O,CHEMBL2407067,J Med Chem,2013.0,CHEMBL158,AZTREONAM,CHEMBL158,0,http://www.openphacts.org/units/MicrogramPerMilliliter,1910510,=,1,1,=,MIC50,ug.mL-1,64.0,CHEMBL354,Escherichia coli,Escherichia coli,562.0,,MIC50,ug ml-1,UO_0000274,64.0,CHEMBL158,C[C@H]1[C@H](NC(=O)/C(=N\OC(C)(C)C(=O)O)c2csc(N)n2)C(=O)N1S(=O)(=O)O,12.562141912320484,12.562141912320484,0.0349535856009066,-4.756268639419342,0.174788224513646,20.5,435.44000000000017,418.30400000000014,435.051854504,154,0,0.3620751467724121,-0.4782270320177159,0.4782270320177159,0.3620751467724121,1.4642857142857142,2.071428571428572,2.5,32.24529764273617,10.00401161573638,2.513331128805475,-2.416338874010568,2.230948535260857,-2.707807208919476,7.836563836647012,-0.1608446168429468,2.971847309732629,2.2592762983237704,953.8851353067348,21.43879310982592,14.8114553779692,16.444448539824652,12.752743308167698,7.578995896792942,9.855612118054724,6.221230582074894,8.399971119282888,3.730567932227123,5.414072402778615,2.1128455580549623,3.54351374163482,-2.78,690205.5939907836,21.519292322605008,7.325918985638601,4.204134383579708,162.59031069995737,20.994572059745856,11.735768823996422,10.843243482610037,5.601050810983688,11.814359458703011,16.27347016397548,14.141824241834009,14.083731696315263,8.417796984328938,11.336785877934735,5.15571272675054,20.771211599071872,5.380062770465915,6.041840829147961,37.29827438881211,50.26785898322327,0.0,14.605983116249774,5.15571272675054,38.455944068351485,5.733667477162185,11.073990765314376,0.0,0.0,11.050456081168516,5.131558479839333,0.0,11.336785877934735,68.54635098380861,29.525365011975733,0.0,26.46513959392033,10.535775497216456,0.0,0.0,0.0,201.58,51.4842470947288,22.801408536544404,0.0,15.130702465984026,0.0,11.336785877934735,26.151274369537788,0.0,0.0,15.456479851704078,20.23053332942989,31.44978820569469,0.9796905422586336,44.39737831563419,16.334751159546904,3.256457088644816,-3.375611656986792,-2.3123389733980013,0.0,3.692820624691566,-4.756268639419342,0.4615384615384615,28,5,13,0,1,1,0,1,1,10,4,15,7,0,1,1,2,-1.172499999999998,95.65050000000004,1,0,0,1,0,1,0,0,1,1,3,2,0,0,0,3,1,1,0,0,0,0,0,0,0,0,0,2,0,1,0,0,0,0,0,0,0,0,0,0,0,0,0,0,0,0,0,0,0,0,0,0,0,1,0,0,0,0,0,0,0,0,0,1,0,0,0,0,0,0,0,0,0,0,0,0,0,0,0,0,1,0,0,0,0,562.0,Escherichia coli,Bacteria
116463,,13388764,CHEMBL2410693,Antibacterial activity against Klebsiella pneumoniae expressing KPC by broth microdilution method,F,BAO_0000179,BAO_0000218,organism-based format,C[C@H]1[C@H](NC(=O)/C(=N\OC(C)(C)C(=O)O)c2csc(N)n2)C(=O)N1S(=O)(=O)O,CHEMBL2407067,J Med Chem,2013.0,CHEMBL158,AZTREONAM,CHEMBL158,0,http://www.openphacts.org/units/MicrogramPerMilliliter,1910510,>,1,1,>,MIC90,ug.mL-1,64.0,CHEMBL350,Klebsiella pneumoniae,Klebsiella pneumoniae,573.0,,MIC90,ug ml-1,UO_0000274,64.0,CHEMBL158,C[C@H]1[C@H](NC(=O)/C(=N\OC(C)(C)C(=O)O)c2csc(N)n2)C(=O)N1S(=O)(=O)O,12.562141912320484,12.562141912320484,0.0349535856009066,-4.756268639419342,0.174788224513646,20.5,435.44000000000017,418.30400000000014,435.051854504,154,0,0.3620751467724121,-0.4782270320177159,0.4782270320177159,0.3620751467724121,1.4642857142857142,2.071428571428572,2.5,32.24529764273617,10.00401161573638,2.513331128805475,-2.416338874010568,2.230948535260857,-2.707807208919476,7.836563836647012,-0.1608446168429468,2.971847309732629,2.2592762983237704,953.8851353067348,21.43879310982592,14.8114553779692,16.444448539824652,12.752743308167698,7.578995896792942,9.855612118054724,6.221230582074894,8.399971119282888,3.730567932227123,5.414072402778615,2.1128455580549623,3.54351374163482,-2.78,690205.5939907836,21.519292322605008,7.325918985638601,4.204134383579708,162.59031069995737,20.994572059745856,11.735768823996422,10.843243482610037,5.601050810983688,11.814359458703011,16.27347016397548,14.141824241834009,14.083731696315263,8.417796984328938,11.336785877934735,5.15571272675054,20.771211599071872,5.380062770465915,6.041840829147961,37.29827438881211,50.26785898322327,0.0,14.605983116249774,5.15571272675054,38.455944068351485,5.733667477162185,11.073990765314376,0.0,0.0,11.050456081168516,5.131558479839333,0.0,11.336785877934735,68.54635098380861,29.525365011975733,0.0,26.46513959392033,10.535775497216456,0.0,0.0,0.0,201.58,51.4842470947288,22.801408536544404,0.0,15.130702465984026,0.0,11.336785877934735,26.151274369537788,0.0,0.0,15.456479851704078,20.23053332942989,31.44978820569469,0.9796905422586336,44.39737831563419,16.334751159546904,3.256457088644816,-3.375611656986792,-2.3123389733980013,0.0,3.692820624691566,-4.756268639419342,0.4615384615384615,28,5,13,0,1,1,0,1,1,10,4,15,7,0,1,1,2,-1.172499999999998,95.65050000000004,1,0,0,1,0,1,0,0,1,1,3,2,0,0,0,3,1,1,0,0,0,0,0,0,0,0,0,2,0,1,0,0,0,0,0,0,0,0,0,0,0,0,0,0,0,0,0,0,0,0,0,0,0,1,0,0,0,0,0,0,0,0,0,1,0,0,0,0,0,0,0,0,0,0,0,0,0,0,0,0,1,0,0,0,0,573.0,Klebsiella pneumoniae,Bacteria
116463,,13388764,CHEMBL2410693,Antibacterial activity against Klebsiella pneumoniae expressing KPC by broth microdilution method,F,BAO_0000179,BAO_0000218,organism-based format,C[C@H]1[C@H](NC(=O)/C(=N\OC(C)(C)C(=O)O)c2csc(N)n2)C(=O)N1S(=O)(=O)O,CHEMBL2407067,J Med Chem,2013.0,CHEMBL158,AZTREONAM,CHEMBL158,0,http://www.openphacts.org/units/MicrogramPerMilliliter,1910510,>,1,1,>,MIC90,ug.mL-1,64.0,CHEMBL350,Klebsiella pneumoniae,Klebsiella pneumoniae,573.0,,MIC90,ug ml-1,UO_0000274,64.0,CHEMBL158,C[C@H]1[C@H](NC(=O)/C(=N\OC(C)(C)C(=O)O)c2csc(N)n2)C(=O)N1S(=O)(=O)O,12.562141912320484,12.562141912320484,0.0349535856009066,-4.756268639419342,0.174788224513646,20.5,435.44000000000017,418.30400000000014,435.051854504,154,0,0.3620751467724121,-0.4782270320177159,0.4782270320177159,0.3620751467724121,1.4642857142857142,2.071428571428572,2.5,32.24529764273617,10.00401161573638,2.513331128805475,-2.416338874010568,2.230948535260857,-2.707807208919476,7.836563836647012,-0.1608446168429468,2.971847309732629,2.2592762983237704,953.8851353067348,21.43879310982592,14.8114553779692,16.444448539824652,12.752743308167698,7.578995896792942,9.855612118054724,6.221230582074894,8.399971119282888,3.730567932227123,5.414072402778615,2.1128455580549623,3.54351374163482,-2.78,690205.5939907836,21.519292322605008,7.325918985638601,4.204134383579708,162.59031069995737,20.994572059745856,11.735768823996422,10.843243482610037,5.601050810983688,11.814359458703011,16.27347016397548,14.141824241834009,14.083731696315263,8.417796984328938,11.336785877934735,5.15571272675054,20.771211599071872,5.380062770465915,6.041840829147961,37.29827438881211,50.26785898322327,0.0,14.605983116249774,5.15571272675054,38.455944068351485,5.733667477162185,11.073990765314376,0.0,0.0,11.050456081168516,5.131558479839333,0.0,11.336785877934735,68.54635098380861,29.525365011975733,0.0,26.46513959392033,10.535775497216456,0.0,0.0,0.0,201.58,51.4842470947288,22.801408536544404,0.0,15.130702465984026,0.0,11.336785877934735,26.151274369537788,0.0,0.0,15.456479851704078,20.23053332942989,31.44978820569469,0.9796905422586336,44.39737831563419,16.334751159546904,3.256457088644816,-3.375611656986792,-2.3123389733980013,0.0,3.692820624691566,-4.756268639419342,0.4615384615384615,28,5,13,0,1,1,0,1,1,10,4,15,7,0,1,1,2,-1.172499999999998,95.65050000000004,1,0,0,1,0,1,0,0,1,1,3,2,0,0,0,3,1,1,0,0,0,0,0,0,0,0,0,2,0,1,0,0,0,0,0,0,0,0,0,0,0,0,0,0,0,0,0,0,0,0,0,0,0,1,0,0,0,0,0,0,0,0,0,1,0,0,0,0,0,0,0,0,0,0,0,0,0,0,0,0,1,0,0,0,0,573.0,Klebsiella pneumoniae,Bacteria
116464,,13388770,CHEMBL2410693,Antibacterial activity against Klebsiella pneumoniae expressing KPC by broth microdilution method,F,BAO_0003035,BAO_0000218,organism-based format,C[C@H]1[C@H](NC(=O)/C(=N\OC(C)(C)C(=O)O)c2csc(N)n2)C(=O)N1S(=O)(=O)O,CHEMBL2407067,J Med Chem,2013.0,CHEMBL158,AZTREONAM,CHEMBL158,0,http://www.openphacts.org/units/MicrogramPerMilliliter,1910510,>,1,1,>,MIC50,ug.mL-1,64.0,CHEMBL350,Klebsiella pneumoniae,Klebsiella pneumoniae,573.0,,MIC50,ug ml-1,UO_0000274,64.0,CHEMBL158,C[C@H]1[C@H](NC(=O)/C(=N\OC(C)(C)C(=O)O)c2csc(N)n2)C(=O)N1S(=O)(=O)O,12.562141912320484,12.562141912320484,0.0349535856009066,-4.756268639419342,0.174788224513646,20.5,435.44000000000017,418.30400000000014,435.051854504,154,0,0.3620751467724121,-0.4782270320177159,0.4782270320177159,0.3620751467724121,1.4642857142857142,2.071428571428572,2.5,32.24529764273617,10.00401161573638,2.513331128805475,-2.416338874010568,2.230948535260857,-2.707807208919476,7.836563836647012,-0.1608446168429468,2.971847309732629,2.2592762983237704,953.8851353067348,21.43879310982592,14.8114553779692,16.444448539824652,12.752743308167698,7.578995896792942,9.855612118054724,6.221230582074894,8.399971119282888,3.730567932227123,5.414072402778615,2.1128455580549623,3.54351374163482,-2.78,690205.5939907836,21.519292322605008,7.325918985638601,4.204134383579708,162.59031069995737,20.994572059745856,11.735768823996422,10.843243482610037,5.601050810983688,11.814359458703011,16.27347016397548,14.141824241834009,14.083731696315263,8.417796984328938,11.336785877934735,5.15571272675054,20.771211599071872,5.380062770465915,6.041840829147961,37.29827438881211,50.26785898322327,0.0,14.605983116249774,5.15571272675054,38.455944068351485,5.733667477162185,11.073990765314376,0.0,0.0,11.050456081168516,5.131558479839333,0.0,11.336785877934735,68.54635098380861,29.525365011975733,0.0,26.46513959392033,10.535775497216456,0.0,0.0,0.0,201.58,51.4842470947288,22.801408536544404,0.0,15.130702465984026,0.0,11.336785877934735,26.151274369537788,0.0,0.0,15.456479851704078,20.23053332942989,31.44978820569469,0.9796905422586336,44.39737831563419,16.334751159546904,3.256457088644816,-3.375611656986792,-2.3123389733980013,0.0,3.692820624691566,-4.756268639419342,0.4615384615384615,28,5,13,0,1,1,0,1,1,10,4,15,7,0,1,1,2,-1.172499999999998,95.65050000000004,1,0,0,1,0,1,0,0,1,1,3,2,0,0,0,3,1,1,0,0,0,0,0,0,0,0,0,2,0,1,0,0,0,0,0,0,0,0,0,0,0,0,0,0,0,0,0,0,0,0,0,0,0,1,0,0,0,0,0,0,0,0,0,1,0,0,0,0,0,0,0,0,0,0,0,0,0,0,0,0,1,0,0,0,0,573.0,Klebsiella pneumoniae,Bacteria
116464,,13388770,CHEMBL2410693,Antibacterial activity against Klebsiella pneumoniae expressing KPC by broth microdilution method,F,BAO_0003035,BAO_0000218,organism-based format,C[C@H]1[C@H](NC(=O)/C(=N\OC(C)(C)C(=O)O)c2csc(N)n2)C(=O)N1S(=O)(=O)O,CHEMBL2407067,J Med Chem,2013.0,CHEMBL158,AZTREONAM,CHEMBL158,0,http://www.openphacts.org/units/MicrogramPerMilliliter,1910510,>,1,1,>,MIC50,ug.mL-1,64.0,CHEMBL350,Klebsiella pneumoniae,Klebsiella pneumoniae,573.0,,MIC50,ug ml-1,UO_0000274,64.0,CHEMBL158,C[C@H]1[C@H](NC(=O)/C(=N\OC(C)(C)C(=O)O)c2csc(N)n2)C(=O)N1S(=O)(=O)O,12.562141912320484,12.562141912320484,0.0349535856009066,-4.756268639419342,0.174788224513646,20.5,435.44000000000017,418.30400000000014,435.051854504,154,0,0.3620751467724121,-0.4782270320177159,0.4782270320177159,0.3620751467724121,1.4642857142857142,2.071428571428572,2.5,32.24529764273617,10.00401161573638,2.513331128805475,-2.416338874010568,2.230948535260857,-2.707807208919476,7.836563836647012,-0.1608446168429468,2.971847309732629,2.2592762983237704,953.8851353067348,21.43879310982592,14.8114553779692,16.444448539824652,12.752743308167698,7.578995896792942,9.855612118054724,6.221230582074894,8.399971119282888,3.730567932227123,5.414072402778615,2.1128455580549623,3.54351374163482,-2.78,690205.5939907836,21.519292322605008,7.325918985638601,4.204134383579708,162.59031069995737,20.994572059745856,11.735768823996422,10.843243482610037,5.601050810983688,11.814359458703011,16.27347016397548,14.141824241834009,14.083731696315263,8.417796984328938,11.336785877934735,5.15571272675054,20.771211599071872,5.380062770465915,6.041840829147961,37.29827438881211,50.26785898322327,0.0,14.605983116249774,5.15571272675054,38.455944068351485,5.733667477162185,11.073990765314376,0.0,0.0,11.050456081168516,5.131558479839333,0.0,11.336785877934735,68.54635098380861,29.525365011975733,0.0,26.46513959392033,10.535775497216456,0.0,0.0,0.0,201.58,51.4842470947288,22.801408536544404,0.0,15.130702465984026,0.0,11.336785877934735,26.151274369537788,0.0,0.0,15.456479851704078,20.23053332942989,31.44978820569469,0.9796905422586336,44.39737831563419,16.334751159546904,3.256457088644816,-3.375611656986792,-2.3123389733980013,0.0,3.692820624691566,-4.756268639419342,0.4615384615384615,28,5,13,0,1,1,0,1,1,10,4,15,7,0,1,1,2,-1.172499999999998,95.65050000000004,1,0,0,1,0,1,0,0,1,1,3,2,0,0,0,3,1,1,0,0,0,0,0,0,0,0,0,2,0,1,0,0,0,0,0,0,0,0,0,0,0,0,0,0,0,0,0,0,0,0,0,0,0,1,0,0,0,0,0,0,0,0,0,1,0,0,0,0,0,0,0,0,0,0,0,0,0,0,0,0,1,0,0,0,0,573.0,Klebsiella pneumoniae,Bacteria
116465,,13388776,CHEMBL2410695,Antibacterial activity against Klebsiella pneumoniae expressing defined beta-lactamase by broth microdilution method,F,BAO_0000179,BAO_0000218,organism-based format,C[C@H]1[C@H](NC(=O)/C(=N\OC(C)(C)C(=O)O)c2csc(N)n2)C(=O)N1S(=O)(=O)O,CHEMBL2407067,J Med Chem,2013.0,CHEMBL158,AZTREONAM,CHEMBL158,0,http://www.openphacts.org/units/MicrogramPerMilliliter,1910510,>,1,1,>,MIC90,ug.mL-1,64.0,CHEMBL350,Klebsiella pneumoniae,Klebsiella pneumoniae,573.0,,MIC90,ug ml-1,UO_0000274,64.0,CHEMBL158,C[C@H]1[C@H](NC(=O)/C(=N\OC(C)(C)C(=O)O)c2csc(N)n2)C(=O)N1S(=O)(=O)O,12.562141912320484,12.562141912320484,0.0349535856009066,-4.756268639419342,0.174788224513646,20.5,435.44000000000017,418.30400000000014,435.051854504,154,0,0.3620751467724121,-0.4782270320177159,0.4782270320177159,0.3620751467724121,1.4642857142857142,2.071428571428572,2.5,32.24529764273617,10.00401161573638,2.513331128805475,-2.416338874010568,2.230948535260857,-2.707807208919476,7.836563836647012,-0.1608446168429468,2.971847309732629,2.2592762983237704,953.8851353067348,21.43879310982592,14.8114553779692,16.444448539824652,12.752743308167698,7.578995896792942,9.855612118054724,6.221230582074894,8.399971119282888,3.730567932227123,5.414072402778615,2.1128455580549623,3.54351374163482,-2.78,690205.5939907836,21.519292322605008,7.325918985638601,4.204134383579708,162.59031069995737,20.994572059745856,11.735768823996422,10.843243482610037,5.601050810983688,11.814359458703011,16.27347016397548,14.141824241834009,14.083731696315263,8.417796984328938,11.336785877934735,5.15571272675054,20.771211599071872,5.380062770465915,6.041840829147961,37.29827438881211,50.26785898322327,0.0,14.605983116249774,5.15571272675054,38.455944068351485,5.733667477162185,11.073990765314376,0.0,0.0,11.050456081168516,5.131558479839333,0.0,11.336785877934735,68.54635098380861,29.525365011975733,0.0,26.46513959392033,10.535775497216456,0.0,0.0,0.0,201.58,51.4842470947288,22.801408536544404,0.0,15.130702465984026,0.0,11.336785877934735,26.151274369537788,0.0,0.0,15.456479851704078,20.23053332942989,31.44978820569469,0.9796905422586336,44.39737831563419,16.334751159546904,3.256457088644816,-3.375611656986792,-2.3123389733980013,0.0,3.692820624691566,-4.756268639419342,0.4615384615384615,28,5,13,0,1,1,0,1,1,10,4,15,7,0,1,1,2,-1.172499999999998,95.65050000000004,1,0,0,1,0,1,0,0,1,1,3,2,0,0,0,3,1,1,0,0,0,0,0,0,0,0,0,2,0,1,0,0,0,0,0,0,0,0,0,0,0,0,0,0,0,0,0,0,0,0,0,0,0,1,0,0,0,0,0,0,0,0,0,1,0,0,0,0,0,0,0,0,0,0,0,0,0,0,0,0,1,0,0,0,0,573.0,Klebsiella pneumoniae,Bacteria
116465,,13388776,CHEMBL2410695,Antibacterial activity against Klebsiella pneumoniae expressing defined beta-lactamase by broth microdilution method,F,BAO_0000179,BAO_0000218,organism-based format,C[C@H]1[C@H](NC(=O)/C(=N\OC(C)(C)C(=O)O)c2csc(N)n2)C(=O)N1S(=O)(=O)O,CHEMBL2407067,J Med Chem,2013.0,CHEMBL158,AZTREONAM,CHEMBL158,0,http://www.openphacts.org/units/MicrogramPerMilliliter,1910510,>,1,1,>,MIC90,ug.mL-1,64.0,CHEMBL350,Klebsiella pneumoniae,Klebsiella pneumoniae,573.0,,MIC90,ug ml-1,UO_0000274,64.0,CHEMBL158,C[C@H]1[C@H](NC(=O)/C(=N\OC(C)(C)C(=O)O)c2csc(N)n2)C(=O)N1S(=O)(=O)O,12.562141912320484,12.562141912320484,0.0349535856009066,-4.756268639419342,0.174788224513646,20.5,435.44000000000017,418.30400000000014,435.051854504,154,0,0.3620751467724121,-0.4782270320177159,0.4782270320177159,0.3620751467724121,1.4642857142857142,2.071428571428572,2.5,32.24529764273617,10.00401161573638,2.513331128805475,-2.416338874010568,2.230948535260857,-2.707807208919476,7.836563836647012,-0.1608446168429468,2.971847309732629,2.2592762983237704,953.8851353067348,21.43879310982592,14.8114553779692,16.444448539824652,12.752743308167698,7.578995896792942,9.855612118054724,6.221230582074894,8.399971119282888,3.730567932227123,5.414072402778615,2.1128455580549623,3.54351374163482,-2.78,690205.5939907836,21.519292322605008,7.325918985638601,4.204134383579708,162.59031069995737,20.994572059745856,11.735768823996422,10.843243482610037,5.601050810983688,11.814359458703011,16.27347016397548,14.141824241834009,14.083731696315263,8.417796984328938,11.336785877934735,5.15571272675054,20.771211599071872,5.380062770465915,6.041840829147961,37.29827438881211,50.26785898322327,0.0,14.605983116249774,5.15571272675054,38.455944068351485,5.733667477162185,11.073990765314376,0.0,0.0,11.050456081168516,5.131558479839333,0.0,11.336785877934735,68.54635098380861,29.525365011975733,0.0,26.46513959392033,10.535775497216456,0.0,0.0,0.0,201.58,51.4842470947288,22.801408536544404,0.0,15.130702465984026,0.0,11.336785877934735,26.151274369537788,0.0,0.0,15.456479851704078,20.23053332942989,31.44978820569469,0.9796905422586336,44.39737831563419,16.334751159546904,3.256457088644816,-3.375611656986792,-2.3123389733980013,0.0,3.692820624691566,-4.756268639419342,0.4615384615384615,28,5,13,0,1,1,0,1,1,10,4,15,7,0,1,1,2,-1.172499999999998,95.65050000000004,1,0,0,1,0,1,0,0,1,1,3,2,0,0,0,3,1,1,0,0,0,0,0,0,0,0,0,2,0,1,0,0,0,0,0,0,0,0,0,0,0,0,0,0,0,0,0,0,0,0,0,0,0,1,0,0,0,0,0,0,0,0,0,1,0,0,0,0,0,0,0,0,0,0,0,0,0,0,0,0,1,0,0,0,0,573.0,Klebsiella pneumoniae,Bacteria
116466,,13388782,CHEMBL2410695,Antibacterial activity against Klebsiella pneumoniae expressing defined beta-lactamase by broth microdilution method,F,BAO_0003035,BAO_0000218,organism-based format,C[C@H]1[C@H](NC(=O)/C(=N\OC(C)(C)C(=O)O)c2csc(N)n2)C(=O)N1S(=O)(=O)O,CHEMBL2407067,J Med Chem,2013.0,CHEMBL158,AZTREONAM,CHEMBL158,0,http://www.openphacts.org/units/MicrogramPerMilliliter,1910510,=,1,1,=,MIC50,ug.mL-1,64.0,CHEMBL350,Klebsiella pneumoniae,Klebsiella pneumoniae,573.0,,MIC50,ug ml-1,UO_0000274,64.0,CHEMBL158,C[C@H]1[C@H](NC(=O)/C(=N\OC(C)(C)C(=O)O)c2csc(N)n2)C(=O)N1S(=O)(=O)O,12.562141912320484,12.562141912320484,0.0349535856009066,-4.756268639419342,0.174788224513646,20.5,435.44000000000017,418.30400000000014,435.051854504,154,0,0.3620751467724121,-0.4782270320177159,0.4782270320177159,0.3620751467724121,1.4642857142857142,2.071428571428572,2.5,32.24529764273617,10.00401161573638,2.513331128805475,-2.416338874010568,2.230948535260857,-2.707807208919476,7.836563836647012,-0.1608446168429468,2.971847309732629,2.2592762983237704,953.8851353067348,21.43879310982592,14.8114553779692,16.444448539824652,12.752743308167698,7.578995896792942,9.855612118054724,6.221230582074894,8.399971119282888,3.730567932227123,5.414072402778615,2.1128455580549623,3.54351374163482,-2.78,690205.5939907836,21.519292322605008,7.325918985638601,4.204134383579708,162.59031069995737,20.994572059745856,11.735768823996422,10.843243482610037,5.601050810983688,11.814359458703011,16.27347016397548,14.141824241834009,14.083731696315263,8.417796984328938,11.336785877934735,5.15571272675054,20.771211599071872,5.380062770465915,6.041840829147961,37.29827438881211,50.26785898322327,0.0,14.605983116249774,5.15571272675054,38.455944068351485,5.733667477162185,11.073990765314376,0.0,0.0,11.050456081168516,5.131558479839333,0.0,11.336785877934735,68.54635098380861,29.525365011975733,0.0,26.46513959392033,10.535775497216456,0.0,0.0,0.0,201.58,51.4842470947288,22.801408536544404,0.0,15.130702465984026,0.0,11.336785877934735,26.151274369537788,0.0,0.0,15.456479851704078,20.23053332942989,31.44978820569469,0.9796905422586336,44.39737831563419,16.334751159546904,3.256457088644816,-3.375611656986792,-2.3123389733980013,0.0,3.692820624691566,-4.756268639419342,0.4615384615384615,28,5,13,0,1,1,0,1,1,10,4,15,7,0,1,1,2,-1.172499999999998,95.65050000000004,1,0,0,1,0,1,0,0,1,1,3,2,0,0,0,3,1,1,0,0,0,0,0,0,0,0,0,2,0,1,0,0,0,0,0,0,0,0,0,0,0,0,0,0,0,0,0,0,0,0,0,0,0,1,0,0,0,0,0,0,0,0,0,1,0,0,0,0,0,0,0,0,0,0,0,0,0,0,0,0,1,0,0,0,0,573.0,Klebsiella pneumoniae,Bacteria
116466,,13388782,CHEMBL2410695,Antibacterial activity against Klebsiella pneumoniae expressing defined beta-lactamase by broth microdilution method,F,BAO_0003035,BAO_0000218,organism-based format,C[C@H]1[C@H](NC(=O)/C(=N\OC(C)(C)C(=O)O)c2csc(N)n2)C(=O)N1S(=O)(=O)O,CHEMBL2407067,J Med Chem,2013.0,CHEMBL158,AZTREONAM,CHEMBL158,0,http://www.openphacts.org/units/MicrogramPerMilliliter,1910510,=,1,1,=,MIC50,ug.mL-1,64.0,CHEMBL350,Klebsiella pneumoniae,Klebsiella pneumoniae,573.0,,MIC50,ug ml-1,UO_0000274,64.0,CHEMBL158,C[C@H]1[C@H](NC(=O)/C(=N\OC(C)(C)C(=O)O)c2csc(N)n2)C(=O)N1S(=O)(=O)O,12.562141912320484,12.562141912320484,0.0349535856009066,-4.756268639419342,0.174788224513646,20.5,435.44000000000017,418.30400000000014,435.051854504,154,0,0.3620751467724121,-0.4782270320177159,0.4782270320177159,0.3620751467724121,1.4642857142857142,2.071428571428572,2.5,32.24529764273617,10.00401161573638,2.513331128805475,-2.416338874010568,2.230948535260857,-2.707807208919476,7.836563836647012,-0.1608446168429468,2.971847309732629,2.2592762983237704,953.8851353067348,21.43879310982592,14.8114553779692,16.444448539824652,12.752743308167698,7.578995896792942,9.855612118054724,6.221230582074894,8.399971119282888,3.730567932227123,5.414072402778615,2.1128455580549623,3.54351374163482,-2.78,690205.5939907836,21.519292322605008,7.325918985638601,4.204134383579708,162.59031069995737,20.994572059745856,11.735768823996422,10.843243482610037,5.601050810983688,11.814359458703011,16.27347016397548,14.141824241834009,14.083731696315263,8.417796984328938,11.336785877934735,5.15571272675054,20.771211599071872,5.380062770465915,6.041840829147961,37.29827438881211,50.26785898322327,0.0,14.605983116249774,5.15571272675054,38.455944068351485,5.733667477162185,11.073990765314376,0.0,0.0,11.050456081168516,5.131558479839333,0.0,11.336785877934735,68.54635098380861,29.525365011975733,0.0,26.46513959392033,10.535775497216456,0.0,0.0,0.0,201.58,51.4842470947288,22.801408536544404,0.0,15.130702465984026,0.0,11.336785877934735,26.151274369537788,0.0,0.0,15.456479851704078,20.23053332942989,31.44978820569469,0.9796905422586336,44.39737831563419,16.334751159546904,3.256457088644816,-3.375611656986792,-2.3123389733980013,0.0,3.692820624691566,-4.756268639419342,0.4615384615384615,28,5,13,0,1,1,0,1,1,10,4,15,7,0,1,1,2,-1.172499999999998,95.65050000000004,1,0,0,1,0,1,0,0,1,1,3,2,0,0,0,3,1,1,0,0,0,0,0,0,0,0,0,2,0,1,0,0,0,0,0,0,0,0,0,0,0,0,0,0,0,0,0,0,0,0,0,0,0,1,0,0,0,0,0,0,0,0,0,1,0,0,0,0,0,0,0,0,0,0,0,0,0,0,0,0,1,0,0,0,0,573.0,Klebsiella pneumoniae,Bacteria
116467,,13388788,CHEMBL2410694,Antibacterial activity against Klebsiella pneumoniae expressing ESBL by broth microdilution method,F,BAO_0000179,BAO_0000218,organism-based format,C[C@H]1[C@H](NC(=O)/C(=N\OC(C)(C)C(=O)O)c2csc(N)n2)C(=O)N1S(=O)(=O)O,CHEMBL2407067,J Med Chem,2013.0,CHEMBL158,AZTREONAM,CHEMBL158,0,http://www.openphacts.org/units/MicrogramPerMilliliter,1910510,>,1,1,>,MIC90,ug.mL-1,64.0,CHEMBL350,Klebsiella pneumoniae,Klebsiella pneumoniae,573.0,,MIC90,ug ml-1,UO_0000274,64.0,CHEMBL158,C[C@H]1[C@H](NC(=O)/C(=N\OC(C)(C)C(=O)O)c2csc(N)n2)C(=O)N1S(=O)(=O)O,12.562141912320484,12.562141912320484,0.0349535856009066,-4.756268639419342,0.174788224513646,20.5,435.44000000000017,418.30400000000014,435.051854504,154,0,0.3620751467724121,-0.4782270320177159,0.4782270320177159,0.3620751467724121,1.4642857142857142,2.071428571428572,2.5,32.24529764273617,10.00401161573638,2.513331128805475,-2.416338874010568,2.230948535260857,-2.707807208919476,7.836563836647012,-0.1608446168429468,2.971847309732629,2.2592762983237704,953.8851353067348,21.43879310982592,14.8114553779692,16.444448539824652,12.752743308167698,7.578995896792942,9.855612118054724,6.221230582074894,8.399971119282888,3.730567932227123,5.414072402778615,2.1128455580549623,3.54351374163482,-2.78,690205.5939907836,21.519292322605008,7.325918985638601,4.204134383579708,162.59031069995737,20.994572059745856,11.735768823996422,10.843243482610037,5.601050810983688,11.814359458703011,16.27347016397548,14.141824241834009,14.083731696315263,8.417796984328938,11.336785877934735,5.15571272675054,20.771211599071872,5.380062770465915,6.041840829147961,37.29827438881211,50.26785898322327,0.0,14.605983116249774,5.15571272675054,38.455944068351485,5.733667477162185,11.073990765314376,0.0,0.0,11.050456081168516,5.131558479839333,0.0,11.336785877934735,68.54635098380861,29.525365011975733,0.0,26.46513959392033,10.535775497216456,0.0,0.0,0.0,201.58,51.4842470947288,22.801408536544404,0.0,15.130702465984026,0.0,11.336785877934735,26.151274369537788,0.0,0.0,15.456479851704078,20.23053332942989,31.44978820569469,0.9796905422586336,44.39737831563419,16.334751159546904,3.256457088644816,-3.375611656986792,-2.3123389733980013,0.0,3.692820624691566,-4.756268639419342,0.4615384615384615,28,5,13,0,1,1,0,1,1,10,4,15,7,0,1,1,2,-1.172499999999998,95.65050000000004,1,0,0,1,0,1,0,0,1,1,3,2,0,0,0,3,1,1,0,0,0,0,0,0,0,0,0,2,0,1,0,0,0,0,0,0,0,0,0,0,0,0,0,0,0,0,0,0,0,0,0,0,0,1,0,0,0,0,0,0,0,0,0,1,0,0,0,0,0,0,0,0,0,0,0,0,0,0,0,0,1,0,0,0,0,573.0,Klebsiella pneumoniae,Bacteria
116467,,13388788,CHEMBL2410694,Antibacterial activity against Klebsiella pneumoniae expressing ESBL by broth microdilution method,F,BAO_0000179,BAO_0000218,organism-based format,C[C@H]1[C@H](NC(=O)/C(=N\OC(C)(C)C(=O)O)c2csc(N)n2)C(=O)N1S(=O)(=O)O,CHEMBL2407067,J Med Chem,2013.0,CHEMBL158,AZTREONAM,CHEMBL158,0,http://www.openphacts.org/units/MicrogramPerMilliliter,1910510,>,1,1,>,MIC90,ug.mL-1,64.0,CHEMBL350,Klebsiella pneumoniae,Klebsiella pneumoniae,573.0,,MIC90,ug ml-1,UO_0000274,64.0,CHEMBL158,C[C@H]1[C@H](NC(=O)/C(=N\OC(C)(C)C(=O)O)c2csc(N)n2)C(=O)N1S(=O)(=O)O,12.562141912320484,12.562141912320484,0.0349535856009066,-4.756268639419342,0.174788224513646,20.5,435.44000000000017,418.30400000000014,435.051854504,154,0,0.3620751467724121,-0.4782270320177159,0.4782270320177159,0.3620751467724121,1.4642857142857142,2.071428571428572,2.5,32.24529764273617,10.00401161573638,2.513331128805475,-2.416338874010568,2.230948535260857,-2.707807208919476,7.836563836647012,-0.1608446168429468,2.971847309732629,2.2592762983237704,953.8851353067348,21.43879310982592,14.8114553779692,16.444448539824652,12.752743308167698,7.578995896792942,9.855612118054724,6.221230582074894,8.399971119282888,3.730567932227123,5.414072402778615,2.1128455580549623,3.54351374163482,-2.78,690205.5939907836,21.519292322605008,7.325918985638601,4.204134383579708,162.59031069995737,20.994572059745856,11.735768823996422,10.843243482610037,5.601050810983688,11.814359458703011,16.27347016397548,14.141824241834009,14.083731696315263,8.417796984328938,11.336785877934735,5.15571272675054,20.771211599071872,5.380062770465915,6.041840829147961,37.29827438881211,50.26785898322327,0.0,14.605983116249774,5.15571272675054,38.455944068351485,5.733667477162185,11.073990765314376,0.0,0.0,11.050456081168516,5.131558479839333,0.0,11.336785877934735,68.54635098380861,29.525365011975733,0.0,26.46513959392033,10.535775497216456,0.0,0.0,0.0,201.58,51.4842470947288,22.801408536544404,0.0,15.130702465984026,0.0,11.336785877934735,26.151274369537788,0.0,0.0,15.456479851704078,20.23053332942989,31.44978820569469,0.9796905422586336,44.39737831563419,16.334751159546904,3.256457088644816,-3.375611656986792,-2.3123389733980013,0.0,3.692820624691566,-4.756268639419342,0.4615384615384615,28,5,13,0,1,1,0,1,1,10,4,15,7,0,1,1,2,-1.172499999999998,95.65050000000004,1,0,0,1,0,1,0,0,1,1,3,2,0,0,0,3,1,1,0,0,0,0,0,0,0,0,0,2,0,1,0,0,0,0,0,0,0,0,0,0,0,0,0,0,0,0,0,0,0,0,0,0,0,1,0,0,0,0,0,0,0,0,0,1,0,0,0,0,0,0,0,0,0,0,0,0,0,0,0,0,1,0,0,0,0,573.0,Klebsiella pneumoniae,Bacteria
116468,,13388794,CHEMBL2410694,Antibacterial activity against Klebsiella pneumoniae expressing ESBL by broth microdilution method,F,BAO_0003035,BAO_0000218,organism-based format,C[C@H]1[C@H](NC(=O)/C(=N\OC(C)(C)C(=O)O)c2csc(N)n2)C(=O)N1S(=O)(=O)O,CHEMBL2407067,J Med Chem,2013.0,CHEMBL158,AZTREONAM,CHEMBL158,0,http://www.openphacts.org/units/MicrogramPerMilliliter,1910510,=,1,1,=,MIC50,ug.mL-1,32.0,CHEMBL350,Klebsiella pneumoniae,Klebsiella pneumoniae,573.0,,MIC50,ug ml-1,UO_0000274,32.0,CHEMBL158,C[C@H]1[C@H](NC(=O)/C(=N\OC(C)(C)C(=O)O)c2csc(N)n2)C(=O)N1S(=O)(=O)O,12.562141912320484,12.562141912320484,0.0349535856009066,-4.756268639419342,0.174788224513646,20.5,435.44000000000017,418.30400000000014,435.051854504,154,0,0.3620751467724121,-0.4782270320177159,0.4782270320177159,0.3620751467724121,1.4642857142857142,2.071428571428572,2.5,32.24529764273617,10.00401161573638,2.513331128805475,-2.416338874010568,2.230948535260857,-2.707807208919476,7.836563836647012,-0.1608446168429468,2.971847309732629,2.2592762983237704,953.8851353067348,21.43879310982592,14.8114553779692,16.444448539824652,12.752743308167698,7.578995896792942,9.855612118054724,6.221230582074894,8.399971119282888,3.730567932227123,5.414072402778615,2.1128455580549623,3.54351374163482,-2.78,690205.5939907836,21.519292322605008,7.325918985638601,4.204134383579708,162.59031069995737,20.994572059745856,11.735768823996422,10.843243482610037,5.601050810983688,11.814359458703011,16.27347016397548,14.141824241834009,14.083731696315263,8.417796984328938,11.336785877934735,5.15571272675054,20.771211599071872,5.380062770465915,6.041840829147961,37.29827438881211,50.26785898322327,0.0,14.605983116249774,5.15571272675054,38.455944068351485,5.733667477162185,11.073990765314376,0.0,0.0,11.050456081168516,5.131558479839333,0.0,11.336785877934735,68.54635098380861,29.525365011975733,0.0,26.46513959392033,10.535775497216456,0.0,0.0,0.0,201.58,51.4842470947288,22.801408536544404,0.0,15.130702465984026,0.0,11.336785877934735,26.151274369537788,0.0,0.0,15.456479851704078,20.23053332942989,31.44978820569469,0.9796905422586336,44.39737831563419,16.334751159546904,3.256457088644816,-3.375611656986792,-2.3123389733980013,0.0,3.692820624691566,-4.756268639419342,0.4615384615384615,28,5,13,0,1,1,0,1,1,10,4,15,7,0,1,1,2,-1.172499999999998,95.65050000000004,1,0,0,1,0,1,0,0,1,1,3,2,0,0,0,3,1,1,0,0,0,0,0,0,0,0,0,2,0,1,0,0,0,0,0,0,0,0,0,0,0,0,0,0,0,0,0,0,0,0,0,0,0,1,0,0,0,0,0,0,0,0,0,1,0,0,0,0,0,0,0,0,0,0,0,0,0,0,0,0,1,0,0,0,0,573.0,Klebsiella pneumoniae,Bacteria
116468,,13388794,CHEMBL2410694,Antibacterial activity against Klebsiella pneumoniae expressing ESBL by broth microdilution method,F,BAO_0003035,BAO_0000218,organism-based format,C[C@H]1[C@H](NC(=O)/C(=N\OC(C)(C)C(=O)O)c2csc(N)n2)C(=O)N1S(=O)(=O)O,CHEMBL2407067,J Med Chem,2013.0,CHEMBL158,AZTREONAM,CHEMBL158,0,http://www.openphacts.org/units/MicrogramPerMilliliter,1910510,=,1,1,=,MIC50,ug.mL-1,32.0,CHEMBL350,Klebsiella pneumoniae,Klebsiella pneumoniae,573.0,,MIC50,ug ml-1,UO_0000274,32.0,CHEMBL158,C[C@H]1[C@H](NC(=O)/C(=N\OC(C)(C)C(=O)O)c2csc(N)n2)C(=O)N1S(=O)(=O)O,12.562141912320484,12.562141912320484,0.0349535856009066,-4.756268639419342,0.174788224513646,20.5,435.44000000000017,418.30400000000014,435.051854504,154,0,0.3620751467724121,-0.4782270320177159,0.4782270320177159,0.3620751467724121,1.4642857142857142,2.071428571428572,2.5,32.24529764273617,10.00401161573638,2.513331128805475,-2.416338874010568,2.230948535260857,-2.707807208919476,7.836563836647012,-0.1608446168429468,2.971847309732629,2.2592762983237704,953.8851353067348,21.43879310982592,14.8114553779692,16.444448539824652,12.752743308167698,7.578995896792942,9.855612118054724,6.221230582074894,8.399971119282888,3.730567932227123,5.414072402778615,2.1128455580549623,3.54351374163482,-2.78,690205.5939907836,21.519292322605008,7.325918985638601,4.204134383579708,162.59031069995737,20.994572059745856,11.735768823996422,10.843243482610037,5.601050810983688,11.814359458703011,16.27347016397548,14.141824241834009,14.083731696315263,8.417796984328938,11.336785877934735,5.15571272675054,20.771211599071872,5.380062770465915,6.041840829147961,37.29827438881211,50.26785898322327,0.0,14.605983116249774,5.15571272675054,38.455944068351485,5.733667477162185,11.073990765314376,0.0,0.0,11.050456081168516,5.131558479839333,0.0,11.336785877934735,68.54635098380861,29.525365011975733,0.0,26.46513959392033,10.535775497216456,0.0,0.0,0.0,201.58,51.4842470947288,22.801408536544404,0.0,15.130702465984026,0.0,11.336785877934735,26.151274369537788,0.0,0.0,15.456479851704078,20.23053332942989,31.44978820569469,0.9796905422586336,44.39737831563419,16.334751159546904,3.256457088644816,-3.375611656986792,-2.3123389733980013,0.0,3.692820624691566,-4.756268639419342,0.4615384615384615,28,5,13,0,1,1,0,1,1,10,4,15,7,0,1,1,2,-1.172499999999998,95.65050000000004,1,0,0,1,0,1,0,0,1,1,3,2,0,0,0,3,1,1,0,0,0,0,0,0,0,0,0,2,0,1,0,0,0,0,0,0,0,0,0,0,0,0,0,0,0,0,0,0,0,0,0,0,0,1,0,0,0,0,0,0,0,0,0,1,0,0,0,0,0,0,0,0,0,0,0,0,0,0,0,0,1,0,0,0,0,573.0,Klebsiella pneumoniae,Bacteria
116469,,13388800,CHEMBL2410696,Antibacterial activity against Pseudomonas aeruginosa expressing metallo-beta-lactamase by broth microdilution method,F,BAO_0000179,BAO_0000218,organism-based format,C[C@H]1[C@H](NC(=O)/C(=N\OC(C)(C)C(=O)O)c2csc(N)n2)C(=O)N1S(=O)(=O)O,CHEMBL2407067,J Med Chem,2013.0,CHEMBL158,AZTREONAM,CHEMBL158,0,http://www.openphacts.org/units/MicrogramPerMilliliter,1910510,=,1,1,=,MIC90,ug.mL-1,16.0,CHEMBL348,Pseudomonas aeruginosa,Pseudomonas aeruginosa,287.0,,MIC90,ug ml-1,UO_0000274,16.0,CHEMBL158,C[C@H]1[C@H](NC(=O)/C(=N\OC(C)(C)C(=O)O)c2csc(N)n2)C(=O)N1S(=O)(=O)O,12.562141912320484,12.562141912320484,0.0349535856009066,-4.756268639419342,0.174788224513646,20.5,435.44000000000017,418.30400000000014,435.051854504,154,0,0.3620751467724121,-0.4782270320177159,0.4782270320177159,0.3620751467724121,1.4642857142857142,2.071428571428572,2.5,32.24529764273617,10.00401161573638,2.513331128805475,-2.416338874010568,2.230948535260857,-2.707807208919476,7.836563836647012,-0.1608446168429468,2.971847309732629,2.2592762983237704,953.8851353067348,21.43879310982592,14.8114553779692,16.444448539824652,12.752743308167698,7.578995896792942,9.855612118054724,6.221230582074894,8.399971119282888,3.730567932227123,5.414072402778615,2.1128455580549623,3.54351374163482,-2.78,690205.5939907836,21.519292322605008,7.325918985638601,4.204134383579708,162.59031069995737,20.994572059745856,11.735768823996422,10.843243482610037,5.601050810983688,11.814359458703011,16.27347016397548,14.141824241834009,14.083731696315263,8.417796984328938,11.336785877934735,5.15571272675054,20.771211599071872,5.380062770465915,6.041840829147961,37.29827438881211,50.26785898322327,0.0,14.605983116249774,5.15571272675054,38.455944068351485,5.733667477162185,11.073990765314376,0.0,0.0,11.050456081168516,5.131558479839333,0.0,11.336785877934735,68.54635098380861,29.525365011975733,0.0,26.46513959392033,10.535775497216456,0.0,0.0,0.0,201.58,51.4842470947288,22.801408536544404,0.0,15.130702465984026,0.0,11.336785877934735,26.151274369537788,0.0,0.0,15.456479851704078,20.23053332942989,31.44978820569469,0.9796905422586336,44.39737831563419,16.334751159546904,3.256457088644816,-3.375611656986792,-2.3123389733980013,0.0,3.692820624691566,-4.756268639419342,0.4615384615384615,28,5,13,0,1,1,0,1,1,10,4,15,7,0,1,1,2,-1.172499999999998,95.65050000000004,1,0,0,1,0,1,0,0,1,1,3,2,0,0,0,3,1,1,0,0,0,0,0,0,0,0,0,2,0,1,0,0,0,0,0,0,0,0,0,0,0,0,0,0,0,0,0,0,0,0,0,0,0,1,0,0,0,0,0,0,0,0,0,1,0,0,0,0,0,0,0,0,0,0,0,0,0,0,0,0,1,0,0,0,0,287.0,Pseudomonas aeruginosa,Bacteria
116469,,13388800,CHEMBL2410696,Antibacterial activity against Pseudomonas aeruginosa expressing metallo-beta-lactamase by broth microdilution method,F,BAO_0000179,BAO_0000218,organism-based format,C[C@H]1[C@H](NC(=O)/C(=N\OC(C)(C)C(=O)O)c2csc(N)n2)C(=O)N1S(=O)(=O)O,CHEMBL2407067,J Med Chem,2013.0,CHEMBL158,AZTREONAM,CHEMBL158,0,http://www.openphacts.org/units/MicrogramPerMilliliter,1910510,=,1,1,=,MIC90,ug.mL-1,16.0,CHEMBL348,Pseudomonas aeruginosa,Pseudomonas aeruginosa,287.0,,MIC90,ug ml-1,UO_0000274,16.0,CHEMBL158,C[C@H]1[C@H](NC(=O)/C(=N\OC(C)(C)C(=O)O)c2csc(N)n2)C(=O)N1S(=O)(=O)O,12.562141912320484,12.562141912320484,0.0349535856009066,-4.756268639419342,0.174788224513646,20.5,435.44000000000017,418.30400000000014,435.051854504,154,0,0.3620751467724121,-0.4782270320177159,0.4782270320177159,0.3620751467724121,1.4642857142857142,2.071428571428572,2.5,32.24529764273617,10.00401161573638,2.513331128805475,-2.416338874010568,2.230948535260857,-2.707807208919476,7.836563836647012,-0.1608446168429468,2.971847309732629,2.2592762983237704,953.8851353067348,21.43879310982592,14.8114553779692,16.444448539824652,12.752743308167698,7.578995896792942,9.855612118054724,6.221230582074894,8.399971119282888,3.730567932227123,5.414072402778615,2.1128455580549623,3.54351374163482,-2.78,690205.5939907836,21.519292322605008,7.325918985638601,4.204134383579708,162.59031069995737,20.994572059745856,11.735768823996422,10.843243482610037,5.601050810983688,11.814359458703011,16.27347016397548,14.141824241834009,14.083731696315263,8.417796984328938,11.336785877934735,5.15571272675054,20.771211599071872,5.380062770465915,6.041840829147961,37.29827438881211,50.26785898322327,0.0,14.605983116249774,5.15571272675054,38.455944068351485,5.733667477162185,11.073990765314376,0.0,0.0,11.050456081168516,5.131558479839333,0.0,11.336785877934735,68.54635098380861,29.525365011975733,0.0,26.46513959392033,10.535775497216456,0.0,0.0,0.0,201.58,51.4842470947288,22.801408536544404,0.0,15.130702465984026,0.0,11.336785877934735,26.151274369537788,0.0,0.0,15.456479851704078,20.23053332942989,31.44978820569469,0.9796905422586336,44.39737831563419,16.334751159546904,3.256457088644816,-3.375611656986792,-2.3123389733980013,0.0,3.692820624691566,-4.756268639419342,0.4615384615384615,28,5,13,0,1,1,0,1,1,10,4,15,7,0,1,1,2,-1.172499999999998,95.65050000000004,1,0,0,1,0,1,0,0,1,1,3,2,0,0,0,3,1,1,0,0,0,0,0,0,0,0,0,2,0,1,0,0,0,0,0,0,0,0,0,0,0,0,0,0,0,0,0,0,0,0,0,0,0,1,0,0,0,0,0,0,0,0,0,1,0,0,0,0,0,0,0,0,0,0,0,0,0,0,0,0,1,0,0,0,0,287.0,Pseudomonas aeruginosa,Bacteria
116469,,13388800,CHEMBL2410696,Antibacterial activity against Pseudomonas aeruginosa expressing metallo-beta-lactamase by broth microdilution method,F,BAO_0000179,BAO_0000218,organism-based format,C[C@H]1[C@H](NC(=O)/C(=N\OC(C)(C)C(=O)O)c2csc(N)n2)C(=O)N1S(=O)(=O)O,CHEMBL2407067,J Med Chem,2013.0,CHEMBL158,AZTREONAM,CHEMBL158,0,http://www.openphacts.org/units/MicrogramPerMilliliter,1910510,=,1,1,=,MIC90,ug.mL-1,16.0,CHEMBL348,Pseudomonas aeruginosa,Pseudomonas aeruginosa,287.0,,MIC90,ug ml-1,UO_0000274,16.0,CHEMBL158,C[C@H]1[C@H](NC(=O)/C(=N\OC(C)(C)C(=O)O)c2csc(N)n2)C(=O)N1S(=O)(=O)O,12.562141912320484,12.562141912320484,0.0349535856009066,-4.756268639419342,0.174788224513646,20.5,435.44000000000017,418.30400000000014,435.051854504,154,0,0.3620751467724121,-0.4782270320177159,0.4782270320177159,0.3620751467724121,1.4642857142857142,2.071428571428572,2.5,32.24529764273617,10.00401161573638,2.513331128805475,-2.416338874010568,2.230948535260857,-2.707807208919476,7.836563836647012,-0.1608446168429468,2.971847309732629,2.2592762983237704,953.8851353067348,21.43879310982592,14.8114553779692,16.444448539824652,12.752743308167698,7.578995896792942,9.855612118054724,6.221230582074894,8.399971119282888,3.730567932227123,5.414072402778615,2.1128455580549623,3.54351374163482,-2.78,690205.5939907836,21.519292322605008,7.325918985638601,4.204134383579708,162.59031069995737,20.994572059745856,11.735768823996422,10.843243482610037,5.601050810983688,11.814359458703011,16.27347016397548,14.141824241834009,14.083731696315263,8.417796984328938,11.336785877934735,5.15571272675054,20.771211599071872,5.380062770465915,6.041840829147961,37.29827438881211,50.26785898322327,0.0,14.605983116249774,5.15571272675054,38.455944068351485,5.733667477162185,11.073990765314376,0.0,0.0,11.050456081168516,5.131558479839333,0.0,11.336785877934735,68.54635098380861,29.525365011975733,0.0,26.46513959392033,10.535775497216456,0.0,0.0,0.0,201.58,51.4842470947288,22.801408536544404,0.0,15.130702465984026,0.0,11.336785877934735,26.151274369537788,0.0,0.0,15.456479851704078,20.23053332942989,31.44978820569469,0.9796905422586336,44.39737831563419,16.334751159546904,3.256457088644816,-3.375611656986792,-2.3123389733980013,0.0,3.692820624691566,-4.756268639419342,0.4615384615384615,28,5,13,0,1,1,0,1,1,10,4,15,7,0,1,1,2,-1.172499999999998,95.65050000000004,1,0,0,1,0,1,0,0,1,1,3,2,0,0,0,3,1,1,0,0,0,0,0,0,0,0,0,2,0,1,0,0,0,0,0,0,0,0,0,0,0,0,0,0,0,0,0,0,0,0,0,0,0,1,0,0,0,0,0,0,0,0,0,1,0,0,0,0,0,0,0,0,0,0,0,0,0,0,0,0,1,0,0,0,0,287.0,Pseudomonas aeruginosa,Bacteria
116470,,13388806,CHEMBL2410696,Antibacterial activity against Pseudomonas aeruginosa expressing metallo-beta-lactamase by broth microdilution method,F,BAO_0003035,BAO_0000218,organism-based format,C[C@H]1[C@H](NC(=O)/C(=N\OC(C)(C)C(=O)O)c2csc(N)n2)C(=O)N1S(=O)(=O)O,CHEMBL2407067,J Med Chem,2013.0,CHEMBL158,AZTREONAM,CHEMBL158,0,http://www.openphacts.org/units/MicrogramPerMilliliter,1910510,=,1,1,=,MIC50,ug.mL-1,8.0,CHEMBL348,Pseudomonas aeruginosa,Pseudomonas aeruginosa,287.0,,MIC50,ug ml-1,UO_0000274,8.0,CHEMBL158,C[C@H]1[C@H](NC(=O)/C(=N\OC(C)(C)C(=O)O)c2csc(N)n2)C(=O)N1S(=O)(=O)O,12.562141912320484,12.562141912320484,0.0349535856009066,-4.756268639419342,0.174788224513646,20.5,435.44000000000017,418.30400000000014,435.051854504,154,0,0.3620751467724121,-0.4782270320177159,0.4782270320177159,0.3620751467724121,1.4642857142857142,2.071428571428572,2.5,32.24529764273617,10.00401161573638,2.513331128805475,-2.416338874010568,2.230948535260857,-2.707807208919476,7.836563836647012,-0.1608446168429468,2.971847309732629,2.2592762983237704,953.8851353067348,21.43879310982592,14.8114553779692,16.444448539824652,12.752743308167698,7.578995896792942,9.855612118054724,6.221230582074894,8.399971119282888,3.730567932227123,5.414072402778615,2.1128455580549623,3.54351374163482,-2.78,690205.5939907836,21.519292322605008,7.325918985638601,4.204134383579708,162.59031069995737,20.994572059745856,11.735768823996422,10.843243482610037,5.601050810983688,11.814359458703011,16.27347016397548,14.141824241834009,14.083731696315263,8.417796984328938,11.336785877934735,5.15571272675054,20.771211599071872,5.380062770465915,6.041840829147961,37.29827438881211,50.26785898322327,0.0,14.605983116249774,5.15571272675054,38.455944068351485,5.733667477162185,11.073990765314376,0.0,0.0,11.050456081168516,5.131558479839333,0.0,11.336785877934735,68.54635098380861,29.525365011975733,0.0,26.46513959392033,10.535775497216456,0.0,0.0,0.0,201.58,51.4842470947288,22.801408536544404,0.0,15.130702465984026,0.0,11.336785877934735,26.151274369537788,0.0,0.0,15.456479851704078,20.23053332942989,31.44978820569469,0.9796905422586336,44.39737831563419,16.334751159546904,3.256457088644816,-3.375611656986792,-2.3123389733980013,0.0,3.692820624691566,-4.756268639419342,0.4615384615384615,28,5,13,0,1,1,0,1,1,10,4,15,7,0,1,1,2,-1.172499999999998,95.65050000000004,1,0,0,1,0,1,0,0,1,1,3,2,0,0,0,3,1,1,0,0,0,0,0,0,0,0,0,2,0,1,0,0,0,0,0,0,0,0,0,0,0,0,0,0,0,0,0,0,0,0,0,0,0,1,0,0,0,0,0,0,0,0,0,1,0,0,0,0,0,0,0,0,0,0,0,0,0,0,0,0,1,0,0,0,0,287.0,Pseudomonas aeruginosa,Bacteria
116470,,13388806,CHEMBL2410696,Antibacterial activity against Pseudomonas aeruginosa expressing metallo-beta-lactamase by broth microdilution method,F,BAO_0003035,BAO_0000218,organism-based format,C[C@H]1[C@H](NC(=O)/C(=N\OC(C)(C)C(=O)O)c2csc(N)n2)C(=O)N1S(=O)(=O)O,CHEMBL2407067,J Med Chem,2013.0,CHEMBL158,AZTREONAM,CHEMBL158,0,http://www.openphacts.org/units/MicrogramPerMilliliter,1910510,=,1,1,=,MIC50,ug.mL-1,8.0,CHEMBL348,Pseudomonas aeruginosa,Pseudomonas aeruginosa,287.0,,MIC50,ug ml-1,UO_0000274,8.0,CHEMBL158,C[C@H]1[C@H](NC(=O)/C(=N\OC(C)(C)C(=O)O)c2csc(N)n2)C(=O)N1S(=O)(=O)O,12.562141912320484,12.562141912320484,0.0349535856009066,-4.756268639419342,0.174788224513646,20.5,435.44000000000017,418.30400000000014,435.051854504,154,0,0.3620751467724121,-0.4782270320177159,0.4782270320177159,0.3620751467724121,1.4642857142857142,2.071428571428572,2.5,32.24529764273617,10.00401161573638,2.513331128805475,-2.416338874010568,2.230948535260857,-2.707807208919476,7.836563836647012,-0.1608446168429468,2.971847309732629,2.2592762983237704,953.8851353067348,21.43879310982592,14.8114553779692,16.444448539824652,12.752743308167698,7.578995896792942,9.855612118054724,6.221230582074894,8.399971119282888,3.730567932227123,5.414072402778615,2.1128455580549623,3.54351374163482,-2.78,690205.5939907836,21.519292322605008,7.325918985638601,4.204134383579708,162.59031069995737,20.994572059745856,11.735768823996422,10.843243482610037,5.601050810983688,11.814359458703011,16.27347016397548,14.141824241834009,14.083731696315263,8.417796984328938,11.336785877934735,5.15571272675054,20.771211599071872,5.380062770465915,6.041840829147961,37.29827438881211,50.26785898322327,0.0,14.605983116249774,5.15571272675054,38.455944068351485,5.733667477162185,11.073990765314376,0.0,0.0,11.050456081168516,5.131558479839333,0.0,11.336785877934735,68.54635098380861,29.525365011975733,0.0,26.46513959392033,10.535775497216456,0.0,0.0,0.0,201.58,51.4842470947288,22.801408536544404,0.0,15.130702465984026,0.0,11.336785877934735,26.151274369537788,0.0,0.0,15.456479851704078,20.23053332942989,31.44978820569469,0.9796905422586336,44.39737831563419,16.334751159546904,3.256457088644816,-3.375611656986792,-2.3123389733980013,0.0,3.692820624691566,-4.756268639419342,0.4615384615384615,28,5,13,0,1,1,0,1,1,10,4,15,7,0,1,1,2,-1.172499999999998,95.65050000000004,1,0,0,1,0,1,0,0,1,1,3,2,0,0,0,3,1,1,0,0,0,0,0,0,0,0,0,2,0,1,0,0,0,0,0,0,0,0,0,0,0,0,0,0,0,0,0,0,0,0,0,0,0,1,0,0,0,0,0,0,0,0,0,1,0,0,0,0,0,0,0,0,0,0,0,0,0,0,0,0,1,0,0,0,0,287.0,Pseudomonas aeruginosa,Bacteria
116470,,13388806,CHEMBL2410696,Antibacterial activity against Pseudomonas aeruginosa expressing metallo-beta-lactamase by broth microdilution method,F,BAO_0003035,BAO_0000218,organism-based format,C[C@H]1[C@H](NC(=O)/C(=N\OC(C)(C)C(=O)O)c2csc(N)n2)C(=O)N1S(=O)(=O)O,CHEMBL2407067,J Med Chem,2013.0,CHEMBL158,AZTREONAM,CHEMBL158,0,http://www.openphacts.org/units/MicrogramPerMilliliter,1910510,=,1,1,=,MIC50,ug.mL-1,8.0,CHEMBL348,Pseudomonas aeruginosa,Pseudomonas aeruginosa,287.0,,MIC50,ug ml-1,UO_0000274,8.0,CHEMBL158,C[C@H]1[C@H](NC(=O)/C(=N\OC(C)(C)C(=O)O)c2csc(N)n2)C(=O)N1S(=O)(=O)O,12.562141912320484,12.562141912320484,0.0349535856009066,-4.756268639419342,0.174788224513646,20.5,435.44000000000017,418.30400000000014,435.051854504,154,0,0.3620751467724121,-0.4782270320177159,0.4782270320177159,0.3620751467724121,1.4642857142857142,2.071428571428572,2.5,32.24529764273617,10.00401161573638,2.513331128805475,-2.416338874010568,2.230948535260857,-2.707807208919476,7.836563836647012,-0.1608446168429468,2.971847309732629,2.2592762983237704,953.8851353067348,21.43879310982592,14.8114553779692,16.444448539824652,12.752743308167698,7.578995896792942,9.855612118054724,6.221230582074894,8.399971119282888,3.730567932227123,5.414072402778615,2.1128455580549623,3.54351374163482,-2.78,690205.5939907836,21.519292322605008,7.325918985638601,4.204134383579708,162.59031069995737,20.994572059745856,11.735768823996422,10.843243482610037,5.601050810983688,11.814359458703011,16.27347016397548,14.141824241834009,14.083731696315263,8.417796984328938,11.336785877934735,5.15571272675054,20.771211599071872,5.380062770465915,6.041840829147961,37.29827438881211,50.26785898322327,0.0,14.605983116249774,5.15571272675054,38.455944068351485,5.733667477162185,11.073990765314376,0.0,0.0,11.050456081168516,5.131558479839333,0.0,11.336785877934735,68.54635098380861,29.525365011975733,0.0,26.46513959392033,10.535775497216456,0.0,0.0,0.0,201.58,51.4842470947288,22.801408536544404,0.0,15.130702465984026,0.0,11.336785877934735,26.151274369537788,0.0,0.0,15.456479851704078,20.23053332942989,31.44978820569469,0.9796905422586336,44.39737831563419,16.334751159546904,3.256457088644816,-3.375611656986792,-2.3123389733980013,0.0,3.692820624691566,-4.756268639419342,0.4615384615384615,28,5,13,0,1,1,0,1,1,10,4,15,7,0,1,1,2,-1.172499999999998,95.65050000000004,1,0,0,1,0,1,0,0,1,1,3,2,0,0,0,3,1,1,0,0,0,0,0,0,0,0,0,2,0,1,0,0,0,0,0,0,0,0,0,0,0,0,0,0,0,0,0,0,0,0,0,0,0,1,0,0,0,0,0,0,0,0,0,1,0,0,0,0,0,0,0,0,0,0,0,0,0,0,0,0,1,0,0,0,0,287.0,Pseudomonas aeruginosa,Bacteria
116471,,13388842,CHEMBL2410697,Antibacterial activity against Acinetobacter baumannii AB-3167 by broth microdilution method,F,BAO_0002146,BAO_0000218,organism-based format,C[C@H]1[C@H](NC(=O)/C(=N\OC(C)(C)C(=O)O)c2csc(N)n2)C(=O)N1S(=O)(=O)O,CHEMBL2407067,J Med Chem,2013.0,CHEMBL158,AZTREONAM,CHEMBL158,0,http://www.openphacts.org/units/MicrogramPerMilliliter,1910510,=,1,1,=,MIC,ug.mL-1,4.0,CHEMBL614425,Acinetobacter baumannii,Acinetobacter baumannii,470.0,,MIC,ug ml-1,UO_0000274,4.0,CHEMBL158,C[C@H]1[C@H](NC(=O)/C(=N\OC(C)(C)C(=O)O)c2csc(N)n2)C(=O)N1S(=O)(=O)O,12.562141912320484,12.562141912320484,0.0349535856009066,-4.756268639419342,0.174788224513646,20.5,435.44000000000017,418.30400000000014,435.051854504,154,0,0.3620751467724121,-0.4782270320177159,0.4782270320177159,0.3620751467724121,1.4642857142857142,2.071428571428572,2.5,32.24529764273617,10.00401161573638,2.513331128805475,-2.416338874010568,2.230948535260857,-2.707807208919476,7.836563836647012,-0.1608446168429468,2.971847309732629,2.2592762983237704,953.8851353067348,21.43879310982592,14.8114553779692,16.444448539824652,12.752743308167698,7.578995896792942,9.855612118054724,6.221230582074894,8.399971119282888,3.730567932227123,5.414072402778615,2.1128455580549623,3.54351374163482,-2.78,690205.5939907836,21.519292322605008,7.325918985638601,4.204134383579708,162.59031069995737,20.994572059745856,11.735768823996422,10.843243482610037,5.601050810983688,11.814359458703011,16.27347016397548,14.141824241834009,14.083731696315263,8.417796984328938,11.336785877934735,5.15571272675054,20.771211599071872,5.380062770465915,6.041840829147961,37.29827438881211,50.26785898322327,0.0,14.605983116249774,5.15571272675054,38.455944068351485,5.733667477162185,11.073990765314376,0.0,0.0,11.050456081168516,5.131558479839333,0.0,11.336785877934735,68.54635098380861,29.525365011975733,0.0,26.46513959392033,10.535775497216456,0.0,0.0,0.0,201.58,51.4842470947288,22.801408536544404,0.0,15.130702465984026,0.0,11.336785877934735,26.151274369537788,0.0,0.0,15.456479851704078,20.23053332942989,31.44978820569469,0.9796905422586336,44.39737831563419,16.334751159546904,3.256457088644816,-3.375611656986792,-2.3123389733980013,0.0,3.692820624691566,-4.756268639419342,0.4615384615384615,28,5,13,0,1,1,0,1,1,10,4,15,7,0,1,1,2,-1.172499999999998,95.65050000000004,1,0,0,1,0,1,0,0,1,1,3,2,0,0,0,3,1,1,0,0,0,0,0,0,0,0,0,2,0,1,0,0,0,0,0,0,0,0,0,0,0,0,0,0,0,0,0,0,0,0,0,0,0,1,0,0,0,0,0,0,0,0,0,1,0,0,0,0,0,0,0,0,0,0,0,0,0,0,0,0,1,0,0,0,0,470.0,Acinetobacter baumannii,Bacteria
116472,,13388878,CHEMBL2410698,Antibacterial activity against Klebsiella pneumoniae 1487-07 by broth microdilution method,F,BAO_0002146,BAO_0000218,organism-based format,C[C@H]1[C@H](NC(=O)/C(=N\OC(C)(C)C(=O)O)c2csc(N)n2)C(=O)N1S(=O)(=O)O,CHEMBL2407067,J Med Chem,2013.0,CHEMBL158,AZTREONAM,CHEMBL158,0,http://www.openphacts.org/units/MicrogramPerMilliliter,1910510,>,1,1,>,MIC,ug.mL-1,64.0,CHEMBL350,Klebsiella pneumoniae,Klebsiella pneumoniae,573.0,,MIC,ug ml-1,UO_0000274,64.0,CHEMBL158,C[C@H]1[C@H](NC(=O)/C(=N\OC(C)(C)C(=O)O)c2csc(N)n2)C(=O)N1S(=O)(=O)O,12.562141912320484,12.562141912320484,0.0349535856009066,-4.756268639419342,0.174788224513646,20.5,435.44000000000017,418.30400000000014,435.051854504,154,0,0.3620751467724121,-0.4782270320177159,0.4782270320177159,0.3620751467724121,1.4642857142857142,2.071428571428572,2.5,32.24529764273617,10.00401161573638,2.513331128805475,-2.416338874010568,2.230948535260857,-2.707807208919476,7.836563836647012,-0.1608446168429468,2.971847309732629,2.2592762983237704,953.8851353067348,21.43879310982592,14.8114553779692,16.444448539824652,12.752743308167698,7.578995896792942,9.855612118054724,6.221230582074894,8.399971119282888,3.730567932227123,5.414072402778615,2.1128455580549623,3.54351374163482,-2.78,690205.5939907836,21.519292322605008,7.325918985638601,4.204134383579708,162.59031069995737,20.994572059745856,11.735768823996422,10.843243482610037,5.601050810983688,11.814359458703011,16.27347016397548,14.141824241834009,14.083731696315263,8.417796984328938,11.336785877934735,5.15571272675054,20.771211599071872,5.380062770465915,6.041840829147961,37.29827438881211,50.26785898322327,0.0,14.605983116249774,5.15571272675054,38.455944068351485,5.733667477162185,11.073990765314376,0.0,0.0,11.050456081168516,5.131558479839333,0.0,11.336785877934735,68.54635098380861,29.525365011975733,0.0,26.46513959392033,10.535775497216456,0.0,0.0,0.0,201.58,51.4842470947288,22.801408536544404,0.0,15.130702465984026,0.0,11.336785877934735,26.151274369537788,0.0,0.0,15.456479851704078,20.23053332942989,31.44978820569469,0.9796905422586336,44.39737831563419,16.334751159546904,3.256457088644816,-3.375611656986792,-2.3123389733980013,0.0,3.692820624691566,-4.756268639419342,0.4615384615384615,28,5,13,0,1,1,0,1,1,10,4,15,7,0,1,1,2,-1.172499999999998,95.65050000000004,1,0,0,1,0,1,0,0,1,1,3,2,0,0,0,3,1,1,0,0,0,0,0,0,0,0,0,2,0,1,0,0,0,0,0,0,0,0,0,0,0,0,0,0,0,0,0,0,0,0,0,0,0,1,0,0,0,0,0,0,0,0,0,1,0,0,0,0,0,0,0,0,0,0,0,0,0,0,0,0,1,0,0,0,0,573.0,Klebsiella pneumoniae,Bacteria
116472,,13388878,CHEMBL2410698,Antibacterial activity against Klebsiella pneumoniae 1487-07 by broth microdilution method,F,BAO_0002146,BAO_0000218,organism-based format,C[C@H]1[C@H](NC(=O)/C(=N\OC(C)(C)C(=O)O)c2csc(N)n2)C(=O)N1S(=O)(=O)O,CHEMBL2407067,J Med Chem,2013.0,CHEMBL158,AZTREONAM,CHEMBL158,0,http://www.openphacts.org/units/MicrogramPerMilliliter,1910510,>,1,1,>,MIC,ug.mL-1,64.0,CHEMBL350,Klebsiella pneumoniae,Klebsiella pneumoniae,573.0,,MIC,ug ml-1,UO_0000274,64.0,CHEMBL158,C[C@H]1[C@H](NC(=O)/C(=N\OC(C)(C)C(=O)O)c2csc(N)n2)C(=O)N1S(=O)(=O)O,12.562141912320484,12.562141912320484,0.0349535856009066,-4.756268639419342,0.174788224513646,20.5,435.44000000000017,418.30400000000014,435.051854504,154,0,0.3620751467724121,-0.4782270320177159,0.4782270320177159,0.3620751467724121,1.4642857142857142,2.071428571428572,2.5,32.24529764273617,10.00401161573638,2.513331128805475,-2.416338874010568,2.230948535260857,-2.707807208919476,7.836563836647012,-0.1608446168429468,2.971847309732629,2.2592762983237704,953.8851353067348,21.43879310982592,14.8114553779692,16.444448539824652,12.752743308167698,7.578995896792942,9.855612118054724,6.221230582074894,8.399971119282888,3.730567932227123,5.414072402778615,2.1128455580549623,3.54351374163482,-2.78,690205.5939907836,21.519292322605008,7.325918985638601,4.204134383579708,162.59031069995737,20.994572059745856,11.735768823996422,10.843243482610037,5.601050810983688,11.814359458703011,16.27347016397548,14.141824241834009,14.083731696315263,8.417796984328938,11.336785877934735,5.15571272675054,20.771211599071872,5.380062770465915,6.041840829147961,37.29827438881211,50.26785898322327,0.0,14.605983116249774,5.15571272675054,38.455944068351485,5.733667477162185,11.073990765314376,0.0,0.0,11.050456081168516,5.131558479839333,0.0,11.336785877934735,68.54635098380861,29.525365011975733,0.0,26.46513959392033,10.535775497216456,0.0,0.0,0.0,201.58,51.4842470947288,22.801408536544404,0.0,15.130702465984026,0.0,11.336785877934735,26.151274369537788,0.0,0.0,15.456479851704078,20.23053332942989,31.44978820569469,0.9796905422586336,44.39737831563419,16.334751159546904,3.256457088644816,-3.375611656986792,-2.3123389733980013,0.0,3.692820624691566,-4.756268639419342,0.4615384615384615,28,5,13,0,1,1,0,1,1,10,4,15,7,0,1,1,2,-1.172499999999998,95.65050000000004,1,0,0,1,0,1,0,0,1,1,3,2,0,0,0,3,1,1,0,0,0,0,0,0,0,0,0,2,0,1,0,0,0,0,0,0,0,0,0,0,0,0,0,0,0,0,0,0,0,0,0,0,0,1,0,0,0,0,0,0,0,0,0,1,0,0,0,0,0,0,0,0,0,0,0,0,0,0,0,0,1,0,0,0,0,573.0,Klebsiella pneumoniae,Bacteria
116473,,13388914,CHEMBL2410699,Antibacterial activity against Klebsiella pneumoniae 1000-02 by broth microdilution method,F,BAO_0002146,BAO_0000218,organism-based format,C[C@H]1[C@H](NC(=O)/C(=N\OC(C)(C)C(=O)O)c2csc(N)n2)C(=O)N1S(=O)(=O)O,CHEMBL2407067,J Med Chem,2013.0,CHEMBL158,AZTREONAM,CHEMBL158,0,http://www.openphacts.org/units/MicrogramPerMilliliter,1910510,>,1,1,>,MIC,ug.mL-1,64.0,CHEMBL350,Klebsiella pneumoniae,Klebsiella pneumoniae,573.0,,MIC,ug ml-1,UO_0000274,64.0,CHEMBL158,C[C@H]1[C@H](NC(=O)/C(=N\OC(C)(C)C(=O)O)c2csc(N)n2)C(=O)N1S(=O)(=O)O,12.562141912320484,12.562141912320484,0.0349535856009066,-4.756268639419342,0.174788224513646,20.5,435.44000000000017,418.30400000000014,435.051854504,154,0,0.3620751467724121,-0.4782270320177159,0.4782270320177159,0.3620751467724121,1.4642857142857142,2.071428571428572,2.5,32.24529764273617,10.00401161573638,2.513331128805475,-2.416338874010568,2.230948535260857,-2.707807208919476,7.836563836647012,-0.1608446168429468,2.971847309732629,2.2592762983237704,953.8851353067348,21.43879310982592,14.8114553779692,16.444448539824652,12.752743308167698,7.578995896792942,9.855612118054724,6.221230582074894,8.399971119282888,3.730567932227123,5.414072402778615,2.1128455580549623,3.54351374163482,-2.78,690205.5939907836,21.519292322605008,7.325918985638601,4.204134383579708,162.59031069995737,20.994572059745856,11.735768823996422,10.843243482610037,5.601050810983688,11.814359458703011,16.27347016397548,14.141824241834009,14.083731696315263,8.417796984328938,11.336785877934735,5.15571272675054,20.771211599071872,5.380062770465915,6.041840829147961,37.29827438881211,50.26785898322327,0.0,14.605983116249774,5.15571272675054,38.455944068351485,5.733667477162185,11.073990765314376,0.0,0.0,11.050456081168516,5.131558479839333,0.0,11.336785877934735,68.54635098380861,29.525365011975733,0.0,26.46513959392033,10.535775497216456,0.0,0.0,0.0,201.58,51.4842470947288,22.801408536544404,0.0,15.130702465984026,0.0,11.336785877934735,26.151274369537788,0.0,0.0,15.456479851704078,20.23053332942989,31.44978820569469,0.9796905422586336,44.39737831563419,16.334751159546904,3.256457088644816,-3.375611656986792,-2.3123389733980013,0.0,3.692820624691566,-4.756268639419342,0.4615384615384615,28,5,13,0,1,1,0,1,1,10,4,15,7,0,1,1,2,-1.172499999999998,95.65050000000004,1,0,0,1,0,1,0,0,1,1,3,2,0,0,0,3,1,1,0,0,0,0,0,0,0,0,0,2,0,1,0,0,0,0,0,0,0,0,0,0,0,0,0,0,0,0,0,0,0,0,0,0,0,1,0,0,0,0,0,0,0,0,0,1,0,0,0,0,0,0,0,0,0,0,0,0,0,0,0,0,1,0,0,0,0,573.0,Klebsiella pneumoniae,Bacteria
116473,,13388914,CHEMBL2410699,Antibacterial activity against Klebsiella pneumoniae 1000-02 by broth microdilution method,F,BAO_0002146,BAO_0000218,organism-based format,C[C@H]1[C@H](NC(=O)/C(=N\OC(C)(C)C(=O)O)c2csc(N)n2)C(=O)N1S(=O)(=O)O,CHEMBL2407067,J Med Chem,2013.0,CHEMBL158,AZTREONAM,CHEMBL158,0,http://www.openphacts.org/units/MicrogramPerMilliliter,1910510,>,1,1,>,MIC,ug.mL-1,64.0,CHEMBL350,Klebsiella pneumoniae,Klebsiella pneumoniae,573.0,,MIC,ug ml-1,UO_0000274,64.0,CHEMBL158,C[C@H]1[C@H](NC(=O)/C(=N\OC(C)(C)C(=O)O)c2csc(N)n2)C(=O)N1S(=O)(=O)O,12.562141912320484,12.562141912320484,0.0349535856009066,-4.756268639419342,0.174788224513646,20.5,435.44000000000017,418.30400000000014,435.051854504,154,0,0.3620751467724121,-0.4782270320177159,0.4782270320177159,0.3620751467724121,1.4642857142857142,2.071428571428572,2.5,32.24529764273617,10.00401161573638,2.513331128805475,-2.416338874010568,2.230948535260857,-2.707807208919476,7.836563836647012,-0.1608446168429468,2.971847309732629,2.2592762983237704,953.8851353067348,21.43879310982592,14.8114553779692,16.444448539824652,12.752743308167698,7.578995896792942,9.855612118054724,6.221230582074894,8.399971119282888,3.730567932227123,5.414072402778615,2.1128455580549623,3.54351374163482,-2.78,690205.5939907836,21.519292322605008,7.325918985638601,4.204134383579708,162.59031069995737,20.994572059745856,11.735768823996422,10.843243482610037,5.601050810983688,11.814359458703011,16.27347016397548,14.141824241834009,14.083731696315263,8.417796984328938,11.336785877934735,5.15571272675054,20.771211599071872,5.380062770465915,6.041840829147961,37.29827438881211,50.26785898322327,0.0,14.605983116249774,5.15571272675054,38.455944068351485,5.733667477162185,11.073990765314376,0.0,0.0,11.050456081168516,5.131558479839333,0.0,11.336785877934735,68.54635098380861,29.525365011975733,0.0,26.46513959392033,10.535775497216456,0.0,0.0,0.0,201.58,51.4842470947288,22.801408536544404,0.0,15.130702465984026,0.0,11.336785877934735,26.151274369537788,0.0,0.0,15.456479851704078,20.23053332942989,31.44978820569469,0.9796905422586336,44.39737831563419,16.334751159546904,3.256457088644816,-3.375611656986792,-2.3123389733980013,0.0,3.692820624691566,-4.756268639419342,0.4615384615384615,28,5,13,0,1,1,0,1,1,10,4,15,7,0,1,1,2,-1.172499999999998,95.65050000000004,1,0,0,1,0,1,0,0,1,1,3,2,0,0,0,3,1,1,0,0,0,0,0,0,0,0,0,2,0,1,0,0,0,0,0,0,0,0,0,0,0,0,0,0,0,0,0,0,0,0,0,0,0,1,0,0,0,0,0,0,0,0,0,1,0,0,0,0,0,0,0,0,0,0,0,0,0,0,0,0,1,0,0,0,0,573.0,Klebsiella pneumoniae,Bacteria
116474,,13388950,CHEMBL2410701,Antibacterial activity against Pseudomonas aeruginosa 1042-06 by broth microdilution method,F,BAO_0002146,BAO_0000218,organism-based format,C[C@H]1[C@H](NC(=O)/C(=N\OC(C)(C)C(=O)O)c2csc(N)n2)C(=O)N1S(=O)(=O)O,CHEMBL2407067,J Med Chem,2013.0,CHEMBL158,AZTREONAM,CHEMBL158,0,http://www.openphacts.org/units/MicrogramPerMilliliter,1910510,=,1,1,=,MIC,ug.mL-1,64.0,CHEMBL348,Pseudomonas aeruginosa,Pseudomonas aeruginosa,287.0,,MIC,ug ml-1,UO_0000274,64.0,CHEMBL158,C[C@H]1[C@H](NC(=O)/C(=N\OC(C)(C)C(=O)O)c2csc(N)n2)C(=O)N1S(=O)(=O)O,12.562141912320484,12.562141912320484,0.0349535856009066,-4.756268639419342,0.174788224513646,20.5,435.44000000000017,418.30400000000014,435.051854504,154,0,0.3620751467724121,-0.4782270320177159,0.4782270320177159,0.3620751467724121,1.4642857142857142,2.071428571428572,2.5,32.24529764273617,10.00401161573638,2.513331128805475,-2.416338874010568,2.230948535260857,-2.707807208919476,7.836563836647012,-0.1608446168429468,2.971847309732629,2.2592762983237704,953.8851353067348,21.43879310982592,14.8114553779692,16.444448539824652,12.752743308167698,7.578995896792942,9.855612118054724,6.221230582074894,8.399971119282888,3.730567932227123,5.414072402778615,2.1128455580549623,3.54351374163482,-2.78,690205.5939907836,21.519292322605008,7.325918985638601,4.204134383579708,162.59031069995737,20.994572059745856,11.735768823996422,10.843243482610037,5.601050810983688,11.814359458703011,16.27347016397548,14.141824241834009,14.083731696315263,8.417796984328938,11.336785877934735,5.15571272675054,20.771211599071872,5.380062770465915,6.041840829147961,37.29827438881211,50.26785898322327,0.0,14.605983116249774,5.15571272675054,38.455944068351485,5.733667477162185,11.073990765314376,0.0,0.0,11.050456081168516,5.131558479839333,0.0,11.336785877934735,68.54635098380861,29.525365011975733,0.0,26.46513959392033,10.535775497216456,0.0,0.0,0.0,201.58,51.4842470947288,22.801408536544404,0.0,15.130702465984026,0.0,11.336785877934735,26.151274369537788,0.0,0.0,15.456479851704078,20.23053332942989,31.44978820569469,0.9796905422586336,44.39737831563419,16.334751159546904,3.256457088644816,-3.375611656986792,-2.3123389733980013,0.0,3.692820624691566,-4.756268639419342,0.4615384615384615,28,5,13,0,1,1,0,1,1,10,4,15,7,0,1,1,2,-1.172499999999998,95.65050000000004,1,0,0,1,0,1,0,0,1,1,3,2,0,0,0,3,1,1,0,0,0,0,0,0,0,0,0,2,0,1,0,0,0,0,0,0,0,0,0,0,0,0,0,0,0,0,0,0,0,0,0,0,0,1,0,0,0,0,0,0,0,0,0,1,0,0,0,0,0,0,0,0,0,0,0,0,0,0,0,0,1,0,0,0,0,287.0,Pseudomonas aeruginosa,Bacteria
116474,,13388950,CHEMBL2410701,Antibacterial activity against Pseudomonas aeruginosa 1042-06 by broth microdilution method,F,BAO_0002146,BAO_0000218,organism-based format,C[C@H]1[C@H](NC(=O)/C(=N\OC(C)(C)C(=O)O)c2csc(N)n2)C(=O)N1S(=O)(=O)O,CHEMBL2407067,J Med Chem,2013.0,CHEMBL158,AZTREONAM,CHEMBL158,0,http://www.openphacts.org/units/MicrogramPerMilliliter,1910510,=,1,1,=,MIC,ug.mL-1,64.0,CHEMBL348,Pseudomonas aeruginosa,Pseudomonas aeruginosa,287.0,,MIC,ug ml-1,UO_0000274,64.0,CHEMBL158,C[C@H]1[C@H](NC(=O)/C(=N\OC(C)(C)C(=O)O)c2csc(N)n2)C(=O)N1S(=O)(=O)O,12.562141912320484,12.562141912320484,0.0349535856009066,-4.756268639419342,0.174788224513646,20.5,435.44000000000017,418.30400000000014,435.051854504,154,0,0.3620751467724121,-0.4782270320177159,0.4782270320177159,0.3620751467724121,1.4642857142857142,2.071428571428572,2.5,32.24529764273617,10.00401161573638,2.513331128805475,-2.416338874010568,2.230948535260857,-2.707807208919476,7.836563836647012,-0.1608446168429468,2.971847309732629,2.2592762983237704,953.8851353067348,21.43879310982592,14.8114553779692,16.444448539824652,12.752743308167698,7.578995896792942,9.855612118054724,6.221230582074894,8.399971119282888,3.730567932227123,5.414072402778615,2.1128455580549623,3.54351374163482,-2.78,690205.5939907836,21.519292322605008,7.325918985638601,4.204134383579708,162.59031069995737,20.994572059745856,11.735768823996422,10.843243482610037,5.601050810983688,11.814359458703011,16.27347016397548,14.141824241834009,14.083731696315263,8.417796984328938,11.336785877934735,5.15571272675054,20.771211599071872,5.380062770465915,6.041840829147961,37.29827438881211,50.26785898322327,0.0,14.605983116249774,5.15571272675054,38.455944068351485,5.733667477162185,11.073990765314376,0.0,0.0,11.050456081168516,5.131558479839333,0.0,11.336785877934735,68.54635098380861,29.525365011975733,0.0,26.46513959392033,10.535775497216456,0.0,0.0,0.0,201.58,51.4842470947288,22.801408536544404,0.0,15.130702465984026,0.0,11.336785877934735,26.151274369537788,0.0,0.0,15.456479851704078,20.23053332942989,31.44978820569469,0.9796905422586336,44.39737831563419,16.334751159546904,3.256457088644816,-3.375611656986792,-2.3123389733980013,0.0,3.692820624691566,-4.756268639419342,0.4615384615384615,28,5,13,0,1,1,0,1,1,10,4,15,7,0,1,1,2,-1.172499999999998,95.65050000000004,1,0,0,1,0,1,0,0,1,1,3,2,0,0,0,3,1,1,0,0,0,0,0,0,0,0,0,2,0,1,0,0,0,0,0,0,0,0,0,0,0,0,0,0,0,0,0,0,0,0,0,0,0,1,0,0,0,0,0,0,0,0,0,1,0,0,0,0,0,0,0,0,0,0,0,0,0,0,0,0,1,0,0,0,0,287.0,Pseudomonas aeruginosa,Bacteria
116474,,13388950,CHEMBL2410701,Antibacterial activity against Pseudomonas aeruginosa 1042-06 by broth microdilution method,F,BAO_0002146,BAO_0000218,organism-based format,C[C@H]1[C@H](NC(=O)/C(=N\OC(C)(C)C(=O)O)c2csc(N)n2)C(=O)N1S(=O)(=O)O,CHEMBL2407067,J Med Chem,2013.0,CHEMBL158,AZTREONAM,CHEMBL158,0,http://www.openphacts.org/units/MicrogramPerMilliliter,1910510,=,1,1,=,MIC,ug.mL-1,64.0,CHEMBL348,Pseudomonas aeruginosa,Pseudomonas aeruginosa,287.0,,MIC,ug ml-1,UO_0000274,64.0,CHEMBL158,C[C@H]1[C@H](NC(=O)/C(=N\OC(C)(C)C(=O)O)c2csc(N)n2)C(=O)N1S(=O)(=O)O,12.562141912320484,12.562141912320484,0.0349535856009066,-4.756268639419342,0.174788224513646,20.5,435.44000000000017,418.30400000000014,435.051854504,154,0,0.3620751467724121,-0.4782270320177159,0.4782270320177159,0.3620751467724121,1.4642857142857142,2.071428571428572,2.5,32.24529764273617,10.00401161573638,2.513331128805475,-2.416338874010568,2.230948535260857,-2.707807208919476,7.836563836647012,-0.1608446168429468,2.971847309732629,2.2592762983237704,953.8851353067348,21.43879310982592,14.8114553779692,16.444448539824652,12.752743308167698,7.578995896792942,9.855612118054724,6.221230582074894,8.399971119282888,3.730567932227123,5.414072402778615,2.1128455580549623,3.54351374163482,-2.78,690205.5939907836,21.519292322605008,7.325918985638601,4.204134383579708,162.59031069995737,20.994572059745856,11.735768823996422,10.843243482610037,5.601050810983688,11.814359458703011,16.27347016397548,14.141824241834009,14.083731696315263,8.417796984328938,11.336785877934735,5.15571272675054,20.771211599071872,5.380062770465915,6.041840829147961,37.29827438881211,50.26785898322327,0.0,14.605983116249774,5.15571272675054,38.455944068351485,5.733667477162185,11.073990765314376,0.0,0.0,11.050456081168516,5.131558479839333,0.0,11.336785877934735,68.54635098380861,29.525365011975733,0.0,26.46513959392033,10.535775497216456,0.0,0.0,0.0,201.58,51.4842470947288,22.801408536544404,0.0,15.130702465984026,0.0,11.336785877934735,26.151274369537788,0.0,0.0,15.456479851704078,20.23053332942989,31.44978820569469,0.9796905422586336,44.39737831563419,16.334751159546904,3.256457088644816,-3.375611656986792,-2.3123389733980013,0.0,3.692820624691566,-4.756268639419342,0.4615384615384615,28,5,13,0,1,1,0,1,1,10,4,15,7,0,1,1,2,-1.172499999999998,95.65050000000004,1,0,0,1,0,1,0,0,1,1,3,2,0,0,0,3,1,1,0,0,0,0,0,0,0,0,0,2,0,1,0,0,0,0,0,0,0,0,0,0,0,0,0,0,0,0,0,0,0,0,0,0,0,1,0,0,0,0,0,0,0,0,0,1,0,0,0,0,0,0,0,0,0,0,0,0,0,0,0,0,1,0,0,0,0,287.0,Pseudomonas aeruginosa,Bacteria
116475,,13389885,CHEMBL2410700,Antibacterial activity against Pseudomonas aeruginosa 1091-05 by broth microdilution method,F,BAO_0002146,BAO_0000218,organism-based format,C[C@H]1[C@H](NC(=O)/C(=N\OC(C)(C)C(=O)O)c2csc(N)n2)C(=O)N1S(=O)(=O)O,CHEMBL2407067,J Med Chem,2013.0,CHEMBL158,AZTREONAM,CHEMBL158,0,http://www.openphacts.org/units/MicrogramPerMilliliter,1910510,=,1,1,=,MIC,ug.mL-1,4.0,CHEMBL348,Pseudomonas aeruginosa,Pseudomonas aeruginosa,287.0,,MIC,ug ml-1,UO_0000274,4.0,CHEMBL158,C[C@H]1[C@H](NC(=O)/C(=N\OC(C)(C)C(=O)O)c2csc(N)n2)C(=O)N1S(=O)(=O)O,12.562141912320484,12.562141912320484,0.0349535856009066,-4.756268639419342,0.174788224513646,20.5,435.44000000000017,418.30400000000014,435.051854504,154,0,0.3620751467724121,-0.4782270320177159,0.4782270320177159,0.3620751467724121,1.4642857142857142,2.071428571428572,2.5,32.24529764273617,10.00401161573638,2.513331128805475,-2.416338874010568,2.230948535260857,-2.707807208919476,7.836563836647012,-0.1608446168429468,2.971847309732629,2.2592762983237704,953.8851353067348,21.43879310982592,14.8114553779692,16.444448539824652,12.752743308167698,7.578995896792942,9.855612118054724,6.221230582074894,8.399971119282888,3.730567932227123,5.414072402778615,2.1128455580549623,3.54351374163482,-2.78,690205.5939907836,21.519292322605008,7.325918985638601,4.204134383579708,162.59031069995737,20.994572059745856,11.735768823996422,10.843243482610037,5.601050810983688,11.814359458703011,16.27347016397548,14.141824241834009,14.083731696315263,8.417796984328938,11.336785877934735,5.15571272675054,20.771211599071872,5.380062770465915,6.041840829147961,37.29827438881211,50.26785898322327,0.0,14.605983116249774,5.15571272675054,38.455944068351485,5.733667477162185,11.073990765314376,0.0,0.0,11.050456081168516,5.131558479839333,0.0,11.336785877934735,68.54635098380861,29.525365011975733,0.0,26.46513959392033,10.535775497216456,0.0,0.0,0.0,201.58,51.4842470947288,22.801408536544404,0.0,15.130702465984026,0.0,11.336785877934735,26.151274369537788,0.0,0.0,15.456479851704078,20.23053332942989,31.44978820569469,0.9796905422586336,44.39737831563419,16.334751159546904,3.256457088644816,-3.375611656986792,-2.3123389733980013,0.0,3.692820624691566,-4.756268639419342,0.4615384615384615,28,5,13,0,1,1,0,1,1,10,4,15,7,0,1,1,2,-1.172499999999998,95.65050000000004,1,0,0,1,0,1,0,0,1,1,3,2,0,0,0,3,1,1,0,0,0,0,0,0,0,0,0,2,0,1,0,0,0,0,0,0,0,0,0,0,0,0,0,0,0,0,0,0,0,0,0,0,0,1,0,0,0,0,0,0,0,0,0,1,0,0,0,0,0,0,0,0,0,0,0,0,0,0,0,0,1,0,0,0,0,287.0,Pseudomonas aeruginosa,Bacteria
116475,,13389885,CHEMBL2410700,Antibacterial activity against Pseudomonas aeruginosa 1091-05 by broth microdilution method,F,BAO_0002146,BAO_0000218,organism-based format,C[C@H]1[C@H](NC(=O)/C(=N\OC(C)(C)C(=O)O)c2csc(N)n2)C(=O)N1S(=O)(=O)O,CHEMBL2407067,J Med Chem,2013.0,CHEMBL158,AZTREONAM,CHEMBL158,0,http://www.openphacts.org/units/MicrogramPerMilliliter,1910510,=,1,1,=,MIC,ug.mL-1,4.0,CHEMBL348,Pseudomonas aeruginosa,Pseudomonas aeruginosa,287.0,,MIC,ug ml-1,UO_0000274,4.0,CHEMBL158,C[C@H]1[C@H](NC(=O)/C(=N\OC(C)(C)C(=O)O)c2csc(N)n2)C(=O)N1S(=O)(=O)O,12.562141912320484,12.562141912320484,0.0349535856009066,-4.756268639419342,0.174788224513646,20.5,435.44000000000017,418.30400000000014,435.051854504,154,0,0.3620751467724121,-0.4782270320177159,0.4782270320177159,0.3620751467724121,1.4642857142857142,2.071428571428572,2.5,32.24529764273617,10.00401161573638,2.513331128805475,-2.416338874010568,2.230948535260857,-2.707807208919476,7.836563836647012,-0.1608446168429468,2.971847309732629,2.2592762983237704,953.8851353067348,21.43879310982592,14.8114553779692,16.444448539824652,12.752743308167698,7.578995896792942,9.855612118054724,6.221230582074894,8.399971119282888,3.730567932227123,5.414072402778615,2.1128455580549623,3.54351374163482,-2.78,690205.5939907836,21.519292322605008,7.325918985638601,4.204134383579708,162.59031069995737,20.994572059745856,11.735768823996422,10.843243482610037,5.601050810983688,11.814359458703011,16.27347016397548,14.141824241834009,14.083731696315263,8.417796984328938,11.336785877934735,5.15571272675054,20.771211599071872,5.380062770465915,6.041840829147961,37.29827438881211,50.26785898322327,0.0,14.605983116249774,5.15571272675054,38.455944068351485,5.733667477162185,11.073990765314376,0.0,0.0,11.050456081168516,5.131558479839333,0.0,11.336785877934735,68.54635098380861,29.525365011975733,0.0,26.46513959392033,10.535775497216456,0.0,0.0,0.0,201.58,51.4842470947288,22.801408536544404,0.0,15.130702465984026,0.0,11.336785877934735,26.151274369537788,0.0,0.0,15.456479851704078,20.23053332942989,31.44978820569469,0.9796905422586336,44.39737831563419,16.334751159546904,3.256457088644816,-3.375611656986792,-2.3123389733980013,0.0,3.692820624691566,-4.756268639419342,0.4615384615384615,28,5,13,0,1,1,0,1,1,10,4,15,7,0,1,1,2,-1.172499999999998,95.65050000000004,1,0,0,1,0,1,0,0,1,1,3,2,0,0,0,3,1,1,0,0,0,0,0,0,0,0,0,2,0,1,0,0,0,0,0,0,0,0,0,0,0,0,0,0,0,0,0,0,0,0,0,0,0,1,0,0,0,0,0,0,0,0,0,1,0,0,0,0,0,0,0,0,0,0,0,0,0,0,0,0,1,0,0,0,0,287.0,Pseudomonas aeruginosa,Bacteria
116475,,13389885,CHEMBL2410700,Antibacterial activity against Pseudomonas aeruginosa 1091-05 by broth microdilution method,F,BAO_0002146,BAO_0000218,organism-based format,C[C@H]1[C@H](NC(=O)/C(=N\OC(C)(C)C(=O)O)c2csc(N)n2)C(=O)N1S(=O)(=O)O,CHEMBL2407067,J Med Chem,2013.0,CHEMBL158,AZTREONAM,CHEMBL158,0,http://www.openphacts.org/units/MicrogramPerMilliliter,1910510,=,1,1,=,MIC,ug.mL-1,4.0,CHEMBL348,Pseudomonas aeruginosa,Pseudomonas aeruginosa,287.0,,MIC,ug ml-1,UO_0000274,4.0,CHEMBL158,C[C@H]1[C@H](NC(=O)/C(=N\OC(C)(C)C(=O)O)c2csc(N)n2)C(=O)N1S(=O)(=O)O,12.562141912320484,12.562141912320484,0.0349535856009066,-4.756268639419342,0.174788224513646,20.5,435.44000000000017,418.30400000000014,435.051854504,154,0,0.3620751467724121,-0.4782270320177159,0.4782270320177159,0.3620751467724121,1.4642857142857142,2.071428571428572,2.5,32.24529764273617,10.00401161573638,2.513331128805475,-2.416338874010568,2.230948535260857,-2.707807208919476,7.836563836647012,-0.1608446168429468,2.971847309732629,2.2592762983237704,953.8851353067348,21.43879310982592,14.8114553779692,16.444448539824652,12.752743308167698,7.578995896792942,9.855612118054724,6.221230582074894,8.399971119282888,3.730567932227123,5.414072402778615,2.1128455580549623,3.54351374163482,-2.78,690205.5939907836,21.519292322605008,7.325918985638601,4.204134383579708,162.59031069995737,20.994572059745856,11.735768823996422,10.843243482610037,5.601050810983688,11.814359458703011,16.27347016397548,14.141824241834009,14.083731696315263,8.417796984328938,11.336785877934735,5.15571272675054,20.771211599071872,5.380062770465915,6.041840829147961,37.29827438881211,50.26785898322327,0.0,14.605983116249774,5.15571272675054,38.455944068351485,5.733667477162185,11.073990765314376,0.0,0.0,11.050456081168516,5.131558479839333,0.0,11.336785877934735,68.54635098380861,29.525365011975733,0.0,26.46513959392033,10.535775497216456,0.0,0.0,0.0,201.58,51.4842470947288,22.801408536544404,0.0,15.130702465984026,0.0,11.336785877934735,26.151274369537788,0.0,0.0,15.456479851704078,20.23053332942989,31.44978820569469,0.9796905422586336,44.39737831563419,16.334751159546904,3.256457088644816,-3.375611656986792,-2.3123389733980013,0.0,3.692820624691566,-4.756268639419342,0.4615384615384615,28,5,13,0,1,1,0,1,1,10,4,15,7,0,1,1,2,-1.172499999999998,95.65050000000004,1,0,0,1,0,1,0,0,1,1,3,2,0,0,0,3,1,1,0,0,0,0,0,0,0,0,0,2,0,1,0,0,0,0,0,0,0,0,0,0,0,0,0,0,0,0,0,0,0,0,0,0,0,1,0,0,0,0,0,0,0,0,0,1,0,0,0,0,0,0,0,0,0,0,0,0,0,0,0,0,1,0,0,0,0,287.0,Pseudomonas aeruginosa,Bacteria
116477,,14651813,CHEMBL3271792,Antibacterial activity against Escherichia coli EC-28 by CLSI broth microdilution method,F,BAO_0002146,BAO_0000218,organism-based format,C[C@H]1[C@H](NC(=O)/C(=N\OC(C)(C)C(=O)O)c2csc(N)n2)C(=O)N1S(=O)(=O)O,CHEMBL3259701,J Med Chem,2014.0,CHEMBL158,AZTREONAM,CHEMBL158,0,http://www.openphacts.org/units/MicrogramPerMilliliter,2104603,=,1,1,=,MIC,ug.mL-1,0.125,CHEMBL354,Escherichia coli,Escherichia coli,562.0,,MIC,ug ml-1,UO_0000274,0.125,CHEMBL158,C[C@H]1[C@H](NC(=O)/C(=N\OC(C)(C)C(=O)O)c2csc(N)n2)C(=O)N1S(=O)(=O)O,12.562141912320484,12.562141912320484,0.0349535856009066,-4.756268639419342,0.174788224513646,20.5,435.44000000000017,418.30400000000014,435.051854504,154,0,0.3620751467724121,-0.4782270320177159,0.4782270320177159,0.3620751467724121,1.4642857142857142,2.071428571428572,2.5,32.24529764273617,10.00401161573638,2.513331128805475,-2.416338874010568,2.230948535260857,-2.707807208919476,7.836563836647012,-0.1608446168429468,2.971847309732629,2.2592762983237704,953.8851353067348,21.43879310982592,14.8114553779692,16.444448539824652,12.752743308167698,7.578995896792942,9.855612118054724,6.221230582074894,8.399971119282888,3.730567932227123,5.414072402778615,2.1128455580549623,3.54351374163482,-2.78,690205.5939907836,21.519292322605008,7.325918985638601,4.204134383579708,162.59031069995737,20.994572059745856,11.735768823996422,10.843243482610037,5.601050810983688,11.814359458703011,16.27347016397548,14.141824241834009,14.083731696315263,8.417796984328938,11.336785877934735,5.15571272675054,20.771211599071872,5.380062770465915,6.041840829147961,37.29827438881211,50.26785898322327,0.0,14.605983116249774,5.15571272675054,38.455944068351485,5.733667477162185,11.073990765314376,0.0,0.0,11.050456081168516,5.131558479839333,0.0,11.336785877934735,68.54635098380861,29.525365011975733,0.0,26.46513959392033,10.535775497216456,0.0,0.0,0.0,201.58,51.4842470947288,22.801408536544404,0.0,15.130702465984026,0.0,11.336785877934735,26.151274369537788,0.0,0.0,15.456479851704078,20.23053332942989,31.44978820569469,0.9796905422586336,44.39737831563419,16.334751159546904,3.256457088644816,-3.375611656986792,-2.3123389733980013,0.0,3.692820624691566,-4.756268639419342,0.4615384615384615,28,5,13,0,1,1,0,1,1,10,4,15,7,0,1,1,2,-1.172499999999998,95.65050000000004,1,0,0,1,0,1,0,0,1,1,3,2,0,0,0,3,1,1,0,0,0,0,0,0,0,0,0,2,0,1,0,0,0,0,0,0,0,0,0,0,0,0,0,0,0,0,0,0,0,0,0,0,0,1,0,0,0,0,0,0,0,0,0,1,0,0,0,0,0,0,0,0,0,0,0,0,0,0,0,0,1,0,0,0,0,562.0,Escherichia coli,Bacteria
116477,,14651813,CHEMBL3271792,Antibacterial activity against Escherichia coli EC-28 by CLSI broth microdilution method,F,BAO_0002146,BAO_0000218,organism-based format,C[C@H]1[C@H](NC(=O)/C(=N\OC(C)(C)C(=O)O)c2csc(N)n2)C(=O)N1S(=O)(=O)O,CHEMBL3259701,J Med Chem,2014.0,CHEMBL158,AZTREONAM,CHEMBL158,0,http://www.openphacts.org/units/MicrogramPerMilliliter,2104603,=,1,1,=,MIC,ug.mL-1,0.125,CHEMBL354,Escherichia coli,Escherichia coli,562.0,,MIC,ug ml-1,UO_0000274,0.125,CHEMBL158,C[C@H]1[C@H](NC(=O)/C(=N\OC(C)(C)C(=O)O)c2csc(N)n2)C(=O)N1S(=O)(=O)O,12.562141912320484,12.562141912320484,0.0349535856009066,-4.756268639419342,0.174788224513646,20.5,435.44000000000017,418.30400000000014,435.051854504,154,0,0.3620751467724121,-0.4782270320177159,0.4782270320177159,0.3620751467724121,1.4642857142857142,2.071428571428572,2.5,32.24529764273617,10.00401161573638,2.513331128805475,-2.416338874010568,2.230948535260857,-2.707807208919476,7.836563836647012,-0.1608446168429468,2.971847309732629,2.2592762983237704,953.8851353067348,21.43879310982592,14.8114553779692,16.444448539824652,12.752743308167698,7.578995896792942,9.855612118054724,6.221230582074894,8.399971119282888,3.730567932227123,5.414072402778615,2.1128455580549623,3.54351374163482,-2.78,690205.5939907836,21.519292322605008,7.325918985638601,4.204134383579708,162.59031069995737,20.994572059745856,11.735768823996422,10.843243482610037,5.601050810983688,11.814359458703011,16.27347016397548,14.141824241834009,14.083731696315263,8.417796984328938,11.336785877934735,5.15571272675054,20.771211599071872,5.380062770465915,6.041840829147961,37.29827438881211,50.26785898322327,0.0,14.605983116249774,5.15571272675054,38.455944068351485,5.733667477162185,11.073990765314376,0.0,0.0,11.050456081168516,5.131558479839333,0.0,11.336785877934735,68.54635098380861,29.525365011975733,0.0,26.46513959392033,10.535775497216456,0.0,0.0,0.0,201.58,51.4842470947288,22.801408536544404,0.0,15.130702465984026,0.0,11.336785877934735,26.151274369537788,0.0,0.0,15.456479851704078,20.23053332942989,31.44978820569469,0.9796905422586336,44.39737831563419,16.334751159546904,3.256457088644816,-3.375611656986792,-2.3123389733980013,0.0,3.692820624691566,-4.756268639419342,0.4615384615384615,28,5,13,0,1,1,0,1,1,10,4,15,7,0,1,1,2,-1.172499999999998,95.65050000000004,1,0,0,1,0,1,0,0,1,1,3,2,0,0,0,3,1,1,0,0,0,0,0,0,0,0,0,2,0,1,0,0,0,0,0,0,0,0,0,0,0,0,0,0,0,0,0,0,0,0,0,0,0,1,0,0,0,0,0,0,0,0,0,1,0,0,0,0,0,0,0,0,0,0,0,0,0,0,0,0,1,0,0,0,0,562.0,Escherichia coli,Bacteria
116477,,14651813,CHEMBL3271792,Antibacterial activity against Escherichia coli EC-28 by CLSI broth microdilution method,F,BAO_0002146,BAO_0000218,organism-based format,C[C@H]1[C@H](NC(=O)/C(=N\OC(C)(C)C(=O)O)c2csc(N)n2)C(=O)N1S(=O)(=O)O,CHEMBL3259701,J Med Chem,2014.0,CHEMBL158,AZTREONAM,CHEMBL158,0,http://www.openphacts.org/units/MicrogramPerMilliliter,2104603,=,1,1,=,MIC,ug.mL-1,0.125,CHEMBL354,Escherichia coli,Escherichia coli,562.0,,MIC,ug ml-1,UO_0000274,0.125,CHEMBL158,C[C@H]1[C@H](NC(=O)/C(=N\OC(C)(C)C(=O)O)c2csc(N)n2)C(=O)N1S(=O)(=O)O,12.562141912320484,12.562141912320484,0.0349535856009066,-4.756268639419342,0.174788224513646,20.5,435.44000000000017,418.30400000000014,435.051854504,154,0,0.3620751467724121,-0.4782270320177159,0.4782270320177159,0.3620751467724121,1.4642857142857142,2.071428571428572,2.5,32.24529764273617,10.00401161573638,2.513331128805475,-2.416338874010568,2.230948535260857,-2.707807208919476,7.836563836647012,-0.1608446168429468,2.971847309732629,2.2592762983237704,953.8851353067348,21.43879310982592,14.8114553779692,16.444448539824652,12.752743308167698,7.578995896792942,9.855612118054724,6.221230582074894,8.399971119282888,3.730567932227123,5.414072402778615,2.1128455580549623,3.54351374163482,-2.78,690205.5939907836,21.519292322605008,7.325918985638601,4.204134383579708,162.59031069995737,20.994572059745856,11.735768823996422,10.843243482610037,5.601050810983688,11.814359458703011,16.27347016397548,14.141824241834009,14.083731696315263,8.417796984328938,11.336785877934735,5.15571272675054,20.771211599071872,5.380062770465915,6.041840829147961,37.29827438881211,50.26785898322327,0.0,14.605983116249774,5.15571272675054,38.455944068351485,5.733667477162185,11.073990765314376,0.0,0.0,11.050456081168516,5.131558479839333,0.0,11.336785877934735,68.54635098380861,29.525365011975733,0.0,26.46513959392033,10.535775497216456,0.0,0.0,0.0,201.58,51.4842470947288,22.801408536544404,0.0,15.130702465984026,0.0,11.336785877934735,26.151274369537788,0.0,0.0,15.456479851704078,20.23053332942989,31.44978820569469,0.9796905422586336,44.39737831563419,16.334751159546904,3.256457088644816,-3.375611656986792,-2.3123389733980013,0.0,3.692820624691566,-4.756268639419342,0.4615384615384615,28,5,13,0,1,1,0,1,1,10,4,15,7,0,1,1,2,-1.172499999999998,95.65050000000004,1,0,0,1,0,1,0,0,1,1,3,2,0,0,0,3,1,1,0,0,0,0,0,0,0,0,0,2,0,1,0,0,0,0,0,0,0,0,0,0,0,0,0,0,0,0,0,0,0,0,0,0,0,1,0,0,0,0,0,0,0,0,0,1,0,0,0,0,0,0,0,0,0,0,0,0,0,0,0,0,1,0,0,0,0,562.0,Escherichia coli,Bacteria
116477,,14651813,CHEMBL3271792,Antibacterial activity against Escherichia coli EC-28 by CLSI broth microdilution method,F,BAO_0002146,BAO_0000218,organism-based format,C[C@H]1[C@H](NC(=O)/C(=N\OC(C)(C)C(=O)O)c2csc(N)n2)C(=O)N1S(=O)(=O)O,CHEMBL3259701,J Med Chem,2014.0,CHEMBL158,AZTREONAM,CHEMBL158,0,http://www.openphacts.org/units/MicrogramPerMilliliter,2104603,=,1,1,=,MIC,ug.mL-1,0.125,CHEMBL354,Escherichia coli,Escherichia coli,562.0,,MIC,ug ml-1,UO_0000274,0.125,CHEMBL158,C[C@H]1[C@H](NC(=O)/C(=N\OC(C)(C)C(=O)O)c2csc(N)n2)C(=O)N1S(=O)(=O)O,12.562141912320484,12.562141912320484,0.0349535856009066,-4.756268639419342,0.174788224513646,20.5,435.44000000000017,418.30400000000014,435.051854504,154,0,0.3620751467724121,-0.4782270320177159,0.4782270320177159,0.3620751467724121,1.4642857142857142,2.071428571428572,2.5,32.24529764273617,10.00401161573638,2.513331128805475,-2.416338874010568,2.230948535260857,-2.707807208919476,7.836563836647012,-0.1608446168429468,2.971847309732629,2.2592762983237704,953.8851353067348,21.43879310982592,14.8114553779692,16.444448539824652,12.752743308167698,7.578995896792942,9.855612118054724,6.221230582074894,8.399971119282888,3.730567932227123,5.414072402778615,2.1128455580549623,3.54351374163482,-2.78,690205.5939907836,21.519292322605008,7.325918985638601,4.204134383579708,162.59031069995737,20.994572059745856,11.735768823996422,10.843243482610037,5.601050810983688,11.814359458703011,16.27347016397548,14.141824241834009,14.083731696315263,8.417796984328938,11.336785877934735,5.15571272675054,20.771211599071872,5.380062770465915,6.041840829147961,37.29827438881211,50.26785898322327,0.0,14.605983116249774,5.15571272675054,38.455944068351485,5.733667477162185,11.073990765314376,0.0,0.0,11.050456081168516,5.131558479839333,0.0,11.336785877934735,68.54635098380861,29.525365011975733,0.0,26.46513959392033,10.535775497216456,0.0,0.0,0.0,201.58,51.4842470947288,22.801408536544404,0.0,15.130702465984026,0.0,11.336785877934735,26.151274369537788,0.0,0.0,15.456479851704078,20.23053332942989,31.44978820569469,0.9796905422586336,44.39737831563419,16.334751159546904,3.256457088644816,-3.375611656986792,-2.3123389733980013,0.0,3.692820624691566,-4.756268639419342,0.4615384615384615,28,5,13,0,1,1,0,1,1,10,4,15,7,0,1,1,2,-1.172499999999998,95.65050000000004,1,0,0,1,0,1,0,0,1,1,3,2,0,0,0,3,1,1,0,0,0,0,0,0,0,0,0,2,0,1,0,0,0,0,0,0,0,0,0,0,0,0,0,0,0,0,0,0,0,0,0,0,0,1,0,0,0,0,0,0,0,0,0,1,0,0,0,0,0,0,0,0,0,0,0,0,0,0,0,0,1,0,0,0,0,562.0,Escherichia coli,Bacteria
116479,,14651892,CHEMBL3271797,Displacement of fluorescent Bocillin FL from N-terminal His tagged Pseudomonas aeruginosa PAO1 PBP1a (residues 36 to 822) expressed in Escherichia coli BL21 (Gold cells),B,BAO_0000190,BAO_0000219,cell-based format,C[C@H]1[C@H](NC(=O)/C(=N\OC(C)(C)C(=O)O)c2csc(N)n2)C(=O)N1S(=O)(=O)O,CHEMBL3259701,J Med Chem,2014.0,CHEMBL158,AZTREONAM,CHEMBL158,0,http://www.openphacts.org/units/Nanomolar,2104603,=,1,1,=,IC50,nM,3340.0,CHEMBL3259512,Pseudomonas aeruginosa,Penicillin-binding protein 1A,208964.0,,IC50,uM,UO_0000065,3.34,CHEMBL158,C[C@H]1[C@H](NC(=O)/C(=N\OC(C)(C)C(=O)O)c2csc(N)n2)C(=O)N1S(=O)(=O)O,12.562141912320484,12.562141912320484,0.0349535856009066,-4.756268639419342,0.174788224513646,20.5,435.44000000000017,418.30400000000014,435.051854504,154,0,0.3620751467724121,-0.4782270320177159,0.4782270320177159,0.3620751467724121,1.4642857142857142,2.071428571428572,2.5,32.24529764273617,10.00401161573638,2.513331128805475,-2.416338874010568,2.230948535260857,-2.707807208919476,7.836563836647012,-0.1608446168429468,2.971847309732629,2.2592762983237704,953.8851353067348,21.43879310982592,14.8114553779692,16.444448539824652,12.752743308167698,7.578995896792942,9.855612118054724,6.221230582074894,8.399971119282888,3.730567932227123,5.414072402778615,2.1128455580549623,3.54351374163482,-2.78,690205.5939907836,21.519292322605008,7.325918985638601,4.204134383579708,162.59031069995737,20.994572059745856,11.735768823996422,10.843243482610037,5.601050810983688,11.814359458703011,16.27347016397548,14.141824241834009,14.083731696315263,8.417796984328938,11.336785877934735,5.15571272675054,20.771211599071872,5.380062770465915,6.041840829147961,37.29827438881211,50.26785898322327,0.0,14.605983116249774,5.15571272675054,38.455944068351485,5.733667477162185,11.073990765314376,0.0,0.0,11.050456081168516,5.131558479839333,0.0,11.336785877934735,68.54635098380861,29.525365011975733,0.0,26.46513959392033,10.535775497216456,0.0,0.0,0.0,201.58,51.4842470947288,22.801408536544404,0.0,15.130702465984026,0.0,11.336785877934735,26.151274369537788,0.0,0.0,15.456479851704078,20.23053332942989,31.44978820569469,0.9796905422586336,44.39737831563419,16.334751159546904,3.256457088644816,-3.375611656986792,-2.3123389733980013,0.0,3.692820624691566,-4.756268639419342,0.4615384615384615,28,5,13,0,1,1,0,1,1,10,4,15,7,0,1,1,2,-1.172499999999998,95.65050000000004,1,0,0,1,0,1,0,0,1,1,3,2,0,0,0,3,1,1,0,0,0,0,0,0,0,0,0,2,0,1,0,0,0,0,0,0,0,0,0,0,0,0,0,0,0,0,0,0,0,0,0,0,0,1,0,0,0,0,0,0,0,0,0,1,0,0,0,0,0,0,0,0,0,0,0,0,0,0,0,0,1,0,0,0,0,287.0,Pseudomonas aeruginosa,Bacteria
116479,,14651892,CHEMBL3271797,Displacement of fluorescent Bocillin FL from N-terminal His tagged Pseudomonas aeruginosa PAO1 PBP1a (residues 36 to 822) expressed in Escherichia coli BL21 (Gold cells),B,BAO_0000190,BAO_0000219,cell-based format,C[C@H]1[C@H](NC(=O)/C(=N\OC(C)(C)C(=O)O)c2csc(N)n2)C(=O)N1S(=O)(=O)O,CHEMBL3259701,J Med Chem,2014.0,CHEMBL158,AZTREONAM,CHEMBL158,0,http://www.openphacts.org/units/Nanomolar,2104603,=,1,1,=,IC50,nM,3340.0,CHEMBL3259512,Pseudomonas aeruginosa,Penicillin-binding protein 1A,208964.0,,IC50,uM,UO_0000065,3.34,CHEMBL158,C[C@H]1[C@H](NC(=O)/C(=N\OC(C)(C)C(=O)O)c2csc(N)n2)C(=O)N1S(=O)(=O)O,12.562141912320484,12.562141912320484,0.0349535856009066,-4.756268639419342,0.174788224513646,20.5,435.44000000000017,418.30400000000014,435.051854504,154,0,0.3620751467724121,-0.4782270320177159,0.4782270320177159,0.3620751467724121,1.4642857142857142,2.071428571428572,2.5,32.24529764273617,10.00401161573638,2.513331128805475,-2.416338874010568,2.230948535260857,-2.707807208919476,7.836563836647012,-0.1608446168429468,2.971847309732629,2.2592762983237704,953.8851353067348,21.43879310982592,14.8114553779692,16.444448539824652,12.752743308167698,7.578995896792942,9.855612118054724,6.221230582074894,8.399971119282888,3.730567932227123,5.414072402778615,2.1128455580549623,3.54351374163482,-2.78,690205.5939907836,21.519292322605008,7.325918985638601,4.204134383579708,162.59031069995737,20.994572059745856,11.735768823996422,10.843243482610037,5.601050810983688,11.814359458703011,16.27347016397548,14.141824241834009,14.083731696315263,8.417796984328938,11.336785877934735,5.15571272675054,20.771211599071872,5.380062770465915,6.041840829147961,37.29827438881211,50.26785898322327,0.0,14.605983116249774,5.15571272675054,38.455944068351485,5.733667477162185,11.073990765314376,0.0,0.0,11.050456081168516,5.131558479839333,0.0,11.336785877934735,68.54635098380861,29.525365011975733,0.0,26.46513959392033,10.535775497216456,0.0,0.0,0.0,201.58,51.4842470947288,22.801408536544404,0.0,15.130702465984026,0.0,11.336785877934735,26.151274369537788,0.0,0.0,15.456479851704078,20.23053332942989,31.44978820569469,0.9796905422586336,44.39737831563419,16.334751159546904,3.256457088644816,-3.375611656986792,-2.3123389733980013,0.0,3.692820624691566,-4.756268639419342,0.4615384615384615,28,5,13,0,1,1,0,1,1,10,4,15,7,0,1,1,2,-1.172499999999998,95.65050000000004,1,0,0,1,0,1,0,0,1,1,3,2,0,0,0,3,1,1,0,0,0,0,0,0,0,0,0,2,0,1,0,0,0,0,0,0,0,0,0,0,0,0,0,0,0,0,0,0,0,0,0,0,0,1,0,0,0,0,0,0,0,0,0,1,0,0,0,0,0,0,0,0,0,0,0,0,0,0,0,0,1,0,0,0,0,287.0,Pseudomonas aeruginosa,Bacteria
116479,,14651892,CHEMBL3271797,Displacement of fluorescent Bocillin FL from N-terminal His tagged Pseudomonas aeruginosa PAO1 PBP1a (residues 36 to 822) expressed in Escherichia coli BL21 (Gold cells),B,BAO_0000190,BAO_0000219,cell-based format,C[C@H]1[C@H](NC(=O)/C(=N\OC(C)(C)C(=O)O)c2csc(N)n2)C(=O)N1S(=O)(=O)O,CHEMBL3259701,J Med Chem,2014.0,CHEMBL158,AZTREONAM,CHEMBL158,0,http://www.openphacts.org/units/Nanomolar,2104603,=,1,1,=,IC50,nM,3340.0,CHEMBL3259512,Pseudomonas aeruginosa,Penicillin-binding protein 1A,208964.0,,IC50,uM,UO_0000065,3.34,CHEMBL158,C[C@H]1[C@H](NC(=O)/C(=N\OC(C)(C)C(=O)O)c2csc(N)n2)C(=O)N1S(=O)(=O)O,12.562141912320484,12.562141912320484,0.0349535856009066,-4.756268639419342,0.174788224513646,20.5,435.44000000000017,418.30400000000014,435.051854504,154,0,0.3620751467724121,-0.4782270320177159,0.4782270320177159,0.3620751467724121,1.4642857142857142,2.071428571428572,2.5,32.24529764273617,10.00401161573638,2.513331128805475,-2.416338874010568,2.230948535260857,-2.707807208919476,7.836563836647012,-0.1608446168429468,2.971847309732629,2.2592762983237704,953.8851353067348,21.43879310982592,14.8114553779692,16.444448539824652,12.752743308167698,7.578995896792942,9.855612118054724,6.221230582074894,8.399971119282888,3.730567932227123,5.414072402778615,2.1128455580549623,3.54351374163482,-2.78,690205.5939907836,21.519292322605008,7.325918985638601,4.204134383579708,162.59031069995737,20.994572059745856,11.735768823996422,10.843243482610037,5.601050810983688,11.814359458703011,16.27347016397548,14.141824241834009,14.083731696315263,8.417796984328938,11.336785877934735,5.15571272675054,20.771211599071872,5.380062770465915,6.041840829147961,37.29827438881211,50.26785898322327,0.0,14.605983116249774,5.15571272675054,38.455944068351485,5.733667477162185,11.073990765314376,0.0,0.0,11.050456081168516,5.131558479839333,0.0,11.336785877934735,68.54635098380861,29.525365011975733,0.0,26.46513959392033,10.535775497216456,0.0,0.0,0.0,201.58,51.4842470947288,22.801408536544404,0.0,15.130702465984026,0.0,11.336785877934735,26.151274369537788,0.0,0.0,15.456479851704078,20.23053332942989,31.44978820569469,0.9796905422586336,44.39737831563419,16.334751159546904,3.256457088644816,-3.375611656986792,-2.3123389733980013,0.0,3.692820624691566,-4.756268639419342,0.4615384615384615,28,5,13,0,1,1,0,1,1,10,4,15,7,0,1,1,2,-1.172499999999998,95.65050000000004,1,0,0,1,0,1,0,0,1,1,3,2,0,0,0,3,1,1,0,0,0,0,0,0,0,0,0,2,0,1,0,0,0,0,0,0,0,0,0,0,0,0,0,0,0,0,0,0,0,0,0,0,0,1,0,0,0,0,0,0,0,0,0,1,0,0,0,0,0,0,0,0,0,0,0,0,0,0,0,0,1,0,0,0,0,287.0,Pseudomonas aeruginosa,Bacteria
116480,,14651915,CHEMBL3271793,Antibacterial activity against Pseudomonas aeruginosa PAO1 by CLSI broth microdilution method,F,BAO_0002146,BAO_0000218,organism-based format,C[C@H]1[C@H](NC(=O)/C(=N\OC(C)(C)C(=O)O)c2csc(N)n2)C(=O)N1S(=O)(=O)O,CHEMBL3259701,J Med Chem,2014.0,CHEMBL158,AZTREONAM,CHEMBL158,0,http://www.openphacts.org/units/MicrogramPerMilliliter,2104603,=,1,1,=,MIC,ug.mL-1,4.0,CHEMBL348,Pseudomonas aeruginosa,Pseudomonas aeruginosa,287.0,,MIC,ug ml-1,UO_0000274,4.0,CHEMBL158,C[C@H]1[C@H](NC(=O)/C(=N\OC(C)(C)C(=O)O)c2csc(N)n2)C(=O)N1S(=O)(=O)O,12.562141912320484,12.562141912320484,0.0349535856009066,-4.756268639419342,0.174788224513646,20.5,435.44000000000017,418.30400000000014,435.051854504,154,0,0.3620751467724121,-0.4782270320177159,0.4782270320177159,0.3620751467724121,1.4642857142857142,2.071428571428572,2.5,32.24529764273617,10.00401161573638,2.513331128805475,-2.416338874010568,2.230948535260857,-2.707807208919476,7.836563836647012,-0.1608446168429468,2.971847309732629,2.2592762983237704,953.8851353067348,21.43879310982592,14.8114553779692,16.444448539824652,12.752743308167698,7.578995896792942,9.855612118054724,6.221230582074894,8.399971119282888,3.730567932227123,5.414072402778615,2.1128455580549623,3.54351374163482,-2.78,690205.5939907836,21.519292322605008,7.325918985638601,4.204134383579708,162.59031069995737,20.994572059745856,11.735768823996422,10.843243482610037,5.601050810983688,11.814359458703011,16.27347016397548,14.141824241834009,14.083731696315263,8.417796984328938,11.336785877934735,5.15571272675054,20.771211599071872,5.380062770465915,6.041840829147961,37.29827438881211,50.26785898322327,0.0,14.605983116249774,5.15571272675054,38.455944068351485,5.733667477162185,11.073990765314376,0.0,0.0,11.050456081168516,5.131558479839333,0.0,11.336785877934735,68.54635098380861,29.525365011975733,0.0,26.46513959392033,10.535775497216456,0.0,0.0,0.0,201.58,51.4842470947288,22.801408536544404,0.0,15.130702465984026,0.0,11.336785877934735,26.151274369537788,0.0,0.0,15.456479851704078,20.23053332942989,31.44978820569469,0.9796905422586336,44.39737831563419,16.334751159546904,3.256457088644816,-3.375611656986792,-2.3123389733980013,0.0,3.692820624691566,-4.756268639419342,0.4615384615384615,28,5,13,0,1,1,0,1,1,10,4,15,7,0,1,1,2,-1.172499999999998,95.65050000000004,1,0,0,1,0,1,0,0,1,1,3,2,0,0,0,3,1,1,0,0,0,0,0,0,0,0,0,2,0,1,0,0,0,0,0,0,0,0,0,0,0,0,0,0,0,0,0,0,0,0,0,0,0,1,0,0,0,0,0,0,0,0,0,1,0,0,0,0,0,0,0,0,0,0,0,0,0,0,0,0,1,0,0,0,0,287.0,Pseudomonas aeruginosa,Bacteria
116480,,14651915,CHEMBL3271793,Antibacterial activity against Pseudomonas aeruginosa PAO1 by CLSI broth microdilution method,F,BAO_0002146,BAO_0000218,organism-based format,C[C@H]1[C@H](NC(=O)/C(=N\OC(C)(C)C(=O)O)c2csc(N)n2)C(=O)N1S(=O)(=O)O,CHEMBL3259701,J Med Chem,2014.0,CHEMBL158,AZTREONAM,CHEMBL158,0,http://www.openphacts.org/units/MicrogramPerMilliliter,2104603,=,1,1,=,MIC,ug.mL-1,4.0,CHEMBL348,Pseudomonas aeruginosa,Pseudomonas aeruginosa,287.0,,MIC,ug ml-1,UO_0000274,4.0,CHEMBL158,C[C@H]1[C@H](NC(=O)/C(=N\OC(C)(C)C(=O)O)c2csc(N)n2)C(=O)N1S(=O)(=O)O,12.562141912320484,12.562141912320484,0.0349535856009066,-4.756268639419342,0.174788224513646,20.5,435.44000000000017,418.30400000000014,435.051854504,154,0,0.3620751467724121,-0.4782270320177159,0.4782270320177159,0.3620751467724121,1.4642857142857142,2.071428571428572,2.5,32.24529764273617,10.00401161573638,2.513331128805475,-2.416338874010568,2.230948535260857,-2.707807208919476,7.836563836647012,-0.1608446168429468,2.971847309732629,2.2592762983237704,953.8851353067348,21.43879310982592,14.8114553779692,16.444448539824652,12.752743308167698,7.578995896792942,9.855612118054724,6.221230582074894,8.399971119282888,3.730567932227123,5.414072402778615,2.1128455580549623,3.54351374163482,-2.78,690205.5939907836,21.519292322605008,7.325918985638601,4.204134383579708,162.59031069995737,20.994572059745856,11.735768823996422,10.843243482610037,5.601050810983688,11.814359458703011,16.27347016397548,14.141824241834009,14.083731696315263,8.417796984328938,11.336785877934735,5.15571272675054,20.771211599071872,5.380062770465915,6.041840829147961,37.29827438881211,50.26785898322327,0.0,14.605983116249774,5.15571272675054,38.455944068351485,5.733667477162185,11.073990765314376,0.0,0.0,11.050456081168516,5.131558479839333,0.0,11.336785877934735,68.54635098380861,29.525365011975733,0.0,26.46513959392033,10.535775497216456,0.0,0.0,0.0,201.58,51.4842470947288,22.801408536544404,0.0,15.130702465984026,0.0,11.336785877934735,26.151274369537788,0.0,0.0,15.456479851704078,20.23053332942989,31.44978820569469,0.9796905422586336,44.39737831563419,16.334751159546904,3.256457088644816,-3.375611656986792,-2.3123389733980013,0.0,3.692820624691566,-4.756268639419342,0.4615384615384615,28,5,13,0,1,1,0,1,1,10,4,15,7,0,1,1,2,-1.172499999999998,95.65050000000004,1,0,0,1,0,1,0,0,1,1,3,2,0,0,0,3,1,1,0,0,0,0,0,0,0,0,0,2,0,1,0,0,0,0,0,0,0,0,0,0,0,0,0,0,0,0,0,0,0,0,0,0,0,1,0,0,0,0,0,0,0,0,0,1,0,0,0,0,0,0,0,0,0,0,0,0,0,0,0,0,1,0,0,0,0,287.0,Pseudomonas aeruginosa,Bacteria
116480,,14651915,CHEMBL3271793,Antibacterial activity against Pseudomonas aeruginosa PAO1 by CLSI broth microdilution method,F,BAO_0002146,BAO_0000218,organism-based format,C[C@H]1[C@H](NC(=O)/C(=N\OC(C)(C)C(=O)O)c2csc(N)n2)C(=O)N1S(=O)(=O)O,CHEMBL3259701,J Med Chem,2014.0,CHEMBL158,AZTREONAM,CHEMBL158,0,http://www.openphacts.org/units/MicrogramPerMilliliter,2104603,=,1,1,=,MIC,ug.mL-1,4.0,CHEMBL348,Pseudomonas aeruginosa,Pseudomonas aeruginosa,287.0,,MIC,ug ml-1,UO_0000274,4.0,CHEMBL158,C[C@H]1[C@H](NC(=O)/C(=N\OC(C)(C)C(=O)O)c2csc(N)n2)C(=O)N1S(=O)(=O)O,12.562141912320484,12.562141912320484,0.0349535856009066,-4.756268639419342,0.174788224513646,20.5,435.44000000000017,418.30400000000014,435.051854504,154,0,0.3620751467724121,-0.4782270320177159,0.4782270320177159,0.3620751467724121,1.4642857142857142,2.071428571428572,2.5,32.24529764273617,10.00401161573638,2.513331128805475,-2.416338874010568,2.230948535260857,-2.707807208919476,7.836563836647012,-0.1608446168429468,2.971847309732629,2.2592762983237704,953.8851353067348,21.43879310982592,14.8114553779692,16.444448539824652,12.752743308167698,7.578995896792942,9.855612118054724,6.221230582074894,8.399971119282888,3.730567932227123,5.414072402778615,2.1128455580549623,3.54351374163482,-2.78,690205.5939907836,21.519292322605008,7.325918985638601,4.204134383579708,162.59031069995737,20.994572059745856,11.735768823996422,10.843243482610037,5.601050810983688,11.814359458703011,16.27347016397548,14.141824241834009,14.083731696315263,8.417796984328938,11.336785877934735,5.15571272675054,20.771211599071872,5.380062770465915,6.041840829147961,37.29827438881211,50.26785898322327,0.0,14.605983116249774,5.15571272675054,38.455944068351485,5.733667477162185,11.073990765314376,0.0,0.0,11.050456081168516,5.131558479839333,0.0,11.336785877934735,68.54635098380861,29.525365011975733,0.0,26.46513959392033,10.535775497216456,0.0,0.0,0.0,201.58,51.4842470947288,22.801408536544404,0.0,15.130702465984026,0.0,11.336785877934735,26.151274369537788,0.0,0.0,15.456479851704078,20.23053332942989,31.44978820569469,0.9796905422586336,44.39737831563419,16.334751159546904,3.256457088644816,-3.375611656986792,-2.3123389733980013,0.0,3.692820624691566,-4.756268639419342,0.4615384615384615,28,5,13,0,1,1,0,1,1,10,4,15,7,0,1,1,2,-1.172499999999998,95.65050000000004,1,0,0,1,0,1,0,0,1,1,3,2,0,0,0,3,1,1,0,0,0,0,0,0,0,0,0,2,0,1,0,0,0,0,0,0,0,0,0,0,0,0,0,0,0,0,0,0,0,0,0,0,0,1,0,0,0,0,0,0,0,0,0,1,0,0,0,0,0,0,0,0,0,0,0,0,0,0,0,0,1,0,0,0,0,287.0,Pseudomonas aeruginosa,Bacteria
116481,,14651916,CHEMBL3271794,Antibacterial activity against Pseudomonas aeruginosa 1091-05 by CLSI broth microdilution method,F,BAO_0002146,BAO_0000218,organism-based format,C[C@H]1[C@H](NC(=O)/C(=N\OC(C)(C)C(=O)O)c2csc(N)n2)C(=O)N1S(=O)(=O)O,CHEMBL3259701,J Med Chem,2014.0,CHEMBL158,AZTREONAM,CHEMBL158,0,http://www.openphacts.org/units/MicrogramPerMilliliter,2104603,=,1,1,=,MIC,ug.mL-1,4.0,CHEMBL348,Pseudomonas aeruginosa,Pseudomonas aeruginosa,287.0,,MIC,ug ml-1,UO_0000274,4.0,CHEMBL158,C[C@H]1[C@H](NC(=O)/C(=N\OC(C)(C)C(=O)O)c2csc(N)n2)C(=O)N1S(=O)(=O)O,12.562141912320484,12.562141912320484,0.0349535856009066,-4.756268639419342,0.174788224513646,20.5,435.44000000000017,418.30400000000014,435.051854504,154,0,0.3620751467724121,-0.4782270320177159,0.4782270320177159,0.3620751467724121,1.4642857142857142,2.071428571428572,2.5,32.24529764273617,10.00401161573638,2.513331128805475,-2.416338874010568,2.230948535260857,-2.707807208919476,7.836563836647012,-0.1608446168429468,2.971847309732629,2.2592762983237704,953.8851353067348,21.43879310982592,14.8114553779692,16.444448539824652,12.752743308167698,7.578995896792942,9.855612118054724,6.221230582074894,8.399971119282888,3.730567932227123,5.414072402778615,2.1128455580549623,3.54351374163482,-2.78,690205.5939907836,21.519292322605008,7.325918985638601,4.204134383579708,162.59031069995737,20.994572059745856,11.735768823996422,10.843243482610037,5.601050810983688,11.814359458703011,16.27347016397548,14.141824241834009,14.083731696315263,8.417796984328938,11.336785877934735,5.15571272675054,20.771211599071872,5.380062770465915,6.041840829147961,37.29827438881211,50.26785898322327,0.0,14.605983116249774,5.15571272675054,38.455944068351485,5.733667477162185,11.073990765314376,0.0,0.0,11.050456081168516,5.131558479839333,0.0,11.336785877934735,68.54635098380861,29.525365011975733,0.0,26.46513959392033,10.535775497216456,0.0,0.0,0.0,201.58,51.4842470947288,22.801408536544404,0.0,15.130702465984026,0.0,11.336785877934735,26.151274369537788,0.0,0.0,15.456479851704078,20.23053332942989,31.44978820569469,0.9796905422586336,44.39737831563419,16.334751159546904,3.256457088644816,-3.375611656986792,-2.3123389733980013,0.0,3.692820624691566,-4.756268639419342,0.4615384615384615,28,5,13,0,1,1,0,1,1,10,4,15,7,0,1,1,2,-1.172499999999998,95.65050000000004,1,0,0,1,0,1,0,0,1,1,3,2,0,0,0,3,1,1,0,0,0,0,0,0,0,0,0,2,0,1,0,0,0,0,0,0,0,0,0,0,0,0,0,0,0,0,0,0,0,0,0,0,0,1,0,0,0,0,0,0,0,0,0,1,0,0,0,0,0,0,0,0,0,0,0,0,0,0,0,0,1,0,0,0,0,287.0,Pseudomonas aeruginosa,Bacteria
116481,,14651916,CHEMBL3271794,Antibacterial activity against Pseudomonas aeruginosa 1091-05 by CLSI broth microdilution method,F,BAO_0002146,BAO_0000218,organism-based format,C[C@H]1[C@H](NC(=O)/C(=N\OC(C)(C)C(=O)O)c2csc(N)n2)C(=O)N1S(=O)(=O)O,CHEMBL3259701,J Med Chem,2014.0,CHEMBL158,AZTREONAM,CHEMBL158,0,http://www.openphacts.org/units/MicrogramPerMilliliter,2104603,=,1,1,=,MIC,ug.mL-1,4.0,CHEMBL348,Pseudomonas aeruginosa,Pseudomonas aeruginosa,287.0,,MIC,ug ml-1,UO_0000274,4.0,CHEMBL158,C[C@H]1[C@H](NC(=O)/C(=N\OC(C)(C)C(=O)O)c2csc(N)n2)C(=O)N1S(=O)(=O)O,12.562141912320484,12.562141912320484,0.0349535856009066,-4.756268639419342,0.174788224513646,20.5,435.44000000000017,418.30400000000014,435.051854504,154,0,0.3620751467724121,-0.4782270320177159,0.4782270320177159,0.3620751467724121,1.4642857142857142,2.071428571428572,2.5,32.24529764273617,10.00401161573638,2.513331128805475,-2.416338874010568,2.230948535260857,-2.707807208919476,7.836563836647012,-0.1608446168429468,2.971847309732629,2.2592762983237704,953.8851353067348,21.43879310982592,14.8114553779692,16.444448539824652,12.752743308167698,7.578995896792942,9.855612118054724,6.221230582074894,8.399971119282888,3.730567932227123,5.414072402778615,2.1128455580549623,3.54351374163482,-2.78,690205.5939907836,21.519292322605008,7.325918985638601,4.204134383579708,162.59031069995737,20.994572059745856,11.735768823996422,10.843243482610037,5.601050810983688,11.814359458703011,16.27347016397548,14.141824241834009,14.083731696315263,8.417796984328938,11.336785877934735,5.15571272675054,20.771211599071872,5.380062770465915,6.041840829147961,37.29827438881211,50.26785898322327,0.0,14.605983116249774,5.15571272675054,38.455944068351485,5.733667477162185,11.073990765314376,0.0,0.0,11.050456081168516,5.131558479839333,0.0,11.336785877934735,68.54635098380861,29.525365011975733,0.0,26.46513959392033,10.535775497216456,0.0,0.0,0.0,201.58,51.4842470947288,22.801408536544404,0.0,15.130702465984026,0.0,11.336785877934735,26.151274369537788,0.0,0.0,15.456479851704078,20.23053332942989,31.44978820569469,0.9796905422586336,44.39737831563419,16.334751159546904,3.256457088644816,-3.375611656986792,-2.3123389733980013,0.0,3.692820624691566,-4.756268639419342,0.4615384615384615,28,5,13,0,1,1,0,1,1,10,4,15,7,0,1,1,2,-1.172499999999998,95.65050000000004,1,0,0,1,0,1,0,0,1,1,3,2,0,0,0,3,1,1,0,0,0,0,0,0,0,0,0,2,0,1,0,0,0,0,0,0,0,0,0,0,0,0,0,0,0,0,0,0,0,0,0,0,0,1,0,0,0,0,0,0,0,0,0,1,0,0,0,0,0,0,0,0,0,0,0,0,0,0,0,0,1,0,0,0,0,287.0,Pseudomonas aeruginosa,Bacteria
116481,,14651916,CHEMBL3271794,Antibacterial activity against Pseudomonas aeruginosa 1091-05 by CLSI broth microdilution method,F,BAO_0002146,BAO_0000218,organism-based format,C[C@H]1[C@H](NC(=O)/C(=N\OC(C)(C)C(=O)O)c2csc(N)n2)C(=O)N1S(=O)(=O)O,CHEMBL3259701,J Med Chem,2014.0,CHEMBL158,AZTREONAM,CHEMBL158,0,http://www.openphacts.org/units/MicrogramPerMilliliter,2104603,=,1,1,=,MIC,ug.mL-1,4.0,CHEMBL348,Pseudomonas aeruginosa,Pseudomonas aeruginosa,287.0,,MIC,ug ml-1,UO_0000274,4.0,CHEMBL158,C[C@H]1[C@H](NC(=O)/C(=N\OC(C)(C)C(=O)O)c2csc(N)n2)C(=O)N1S(=O)(=O)O,12.562141912320484,12.562141912320484,0.0349535856009066,-4.756268639419342,0.174788224513646,20.5,435.44000000000017,418.30400000000014,435.051854504,154,0,0.3620751467724121,-0.4782270320177159,0.4782270320177159,0.3620751467724121,1.4642857142857142,2.071428571428572,2.5,32.24529764273617,10.00401161573638,2.513331128805475,-2.416338874010568,2.230948535260857,-2.707807208919476,7.836563836647012,-0.1608446168429468,2.971847309732629,2.2592762983237704,953.8851353067348,21.43879310982592,14.8114553779692,16.444448539824652,12.752743308167698,7.578995896792942,9.855612118054724,6.221230582074894,8.399971119282888,3.730567932227123,5.414072402778615,2.1128455580549623,3.54351374163482,-2.78,690205.5939907836,21.519292322605008,7.325918985638601,4.204134383579708,162.59031069995737,20.994572059745856,11.735768823996422,10.843243482610037,5.601050810983688,11.814359458703011,16.27347016397548,14.141824241834009,14.083731696315263,8.417796984328938,11.336785877934735,5.15571272675054,20.771211599071872,5.380062770465915,6.041840829147961,37.29827438881211,50.26785898322327,0.0,14.605983116249774,5.15571272675054,38.455944068351485,5.733667477162185,11.073990765314376,0.0,0.0,11.050456081168516,5.131558479839333,0.0,11.336785877934735,68.54635098380861,29.525365011975733,0.0,26.46513959392033,10.535775497216456,0.0,0.0,0.0,201.58,51.4842470947288,22.801408536544404,0.0,15.130702465984026,0.0,11.336785877934735,26.151274369537788,0.0,0.0,15.456479851704078,20.23053332942989,31.44978820569469,0.9796905422586336,44.39737831563419,16.334751159546904,3.256457088644816,-3.375611656986792,-2.3123389733980013,0.0,3.692820624691566,-4.756268639419342,0.4615384615384615,28,5,13,0,1,1,0,1,1,10,4,15,7,0,1,1,2,-1.172499999999998,95.65050000000004,1,0,0,1,0,1,0,0,1,1,3,2,0,0,0,3,1,1,0,0,0,0,0,0,0,0,0,2,0,1,0,0,0,0,0,0,0,0,0,0,0,0,0,0,0,0,0,0,0,0,0,0,0,1,0,0,0,0,0,0,0,0,0,1,0,0,0,0,0,0,0,0,0,0,0,0,0,0,0,0,1,0,0,0,0,287.0,Pseudomonas aeruginosa,Bacteria
116482,,14651957,CHEMBL3271796,Antibacterial activity against Acinetobacter baumannii AB-3167 by CLSI broth microdilution method,F,BAO_0002146,BAO_0000218,organism-based format,C[C@H]1[C@H](NC(=O)/C(=N\OC(C)(C)C(=O)O)c2csc(N)n2)C(=O)N1S(=O)(=O)O,CHEMBL3259701,J Med Chem,2014.0,CHEMBL158,AZTREONAM,CHEMBL158,0,http://www.openphacts.org/units/MicrogramPerMilliliter,2104603,=,1,1,=,MIC,ug.mL-1,32.0,CHEMBL614425,Acinetobacter baumannii,Acinetobacter baumannii,470.0,,MIC,ug ml-1,UO_0000274,32.0,CHEMBL158,C[C@H]1[C@H](NC(=O)/C(=N\OC(C)(C)C(=O)O)c2csc(N)n2)C(=O)N1S(=O)(=O)O,12.562141912320484,12.562141912320484,0.0349535856009066,-4.756268639419342,0.174788224513646,20.5,435.44000000000017,418.30400000000014,435.051854504,154,0,0.3620751467724121,-0.4782270320177159,0.4782270320177159,0.3620751467724121,1.4642857142857142,2.071428571428572,2.5,32.24529764273617,10.00401161573638,2.513331128805475,-2.416338874010568,2.230948535260857,-2.707807208919476,7.836563836647012,-0.1608446168429468,2.971847309732629,2.2592762983237704,953.8851353067348,21.43879310982592,14.8114553779692,16.444448539824652,12.752743308167698,7.578995896792942,9.855612118054724,6.221230582074894,8.399971119282888,3.730567932227123,5.414072402778615,2.1128455580549623,3.54351374163482,-2.78,690205.5939907836,21.519292322605008,7.325918985638601,4.204134383579708,162.59031069995737,20.994572059745856,11.735768823996422,10.843243482610037,5.601050810983688,11.814359458703011,16.27347016397548,14.141824241834009,14.083731696315263,8.417796984328938,11.336785877934735,5.15571272675054,20.771211599071872,5.380062770465915,6.041840829147961,37.29827438881211,50.26785898322327,0.0,14.605983116249774,5.15571272675054,38.455944068351485,5.733667477162185,11.073990765314376,0.0,0.0,11.050456081168516,5.131558479839333,0.0,11.336785877934735,68.54635098380861,29.525365011975733,0.0,26.46513959392033,10.535775497216456,0.0,0.0,0.0,201.58,51.4842470947288,22.801408536544404,0.0,15.130702465984026,0.0,11.336785877934735,26.151274369537788,0.0,0.0,15.456479851704078,20.23053332942989,31.44978820569469,0.9796905422586336,44.39737831563419,16.334751159546904,3.256457088644816,-3.375611656986792,-2.3123389733980013,0.0,3.692820624691566,-4.756268639419342,0.4615384615384615,28,5,13,0,1,1,0,1,1,10,4,15,7,0,1,1,2,-1.172499999999998,95.65050000000004,1,0,0,1,0,1,0,0,1,1,3,2,0,0,0,3,1,1,0,0,0,0,0,0,0,0,0,2,0,1,0,0,0,0,0,0,0,0,0,0,0,0,0,0,0,0,0,0,0,0,0,0,0,1,0,0,0,0,0,0,0,0,0,1,0,0,0,0,0,0,0,0,0,0,0,0,0,0,0,0,1,0,0,0,0,470.0,Acinetobacter baumannii,Bacteria
116484,,14651993,CHEMBL3271795,Antibacterial activity against Klebsiella pneumoniae KP-3700 by CLSI broth microdilution method,F,BAO_0002146,BAO_0000218,organism-based format,C[C@H]1[C@H](NC(=O)/C(=N\OC(C)(C)C(=O)O)c2csc(N)n2)C(=O)N1S(=O)(=O)O,CHEMBL3259701,J Med Chem,2014.0,CHEMBL158,AZTREONAM,CHEMBL158,0,http://www.openphacts.org/units/MicrogramPerMilliliter,2104603,>,1,1,>,MIC,ug.mL-1,64.0,CHEMBL350,Klebsiella pneumoniae,Klebsiella pneumoniae,573.0,,MIC,ug ml-1,UO_0000274,64.0,CHEMBL158,C[C@H]1[C@H](NC(=O)/C(=N\OC(C)(C)C(=O)O)c2csc(N)n2)C(=O)N1S(=O)(=O)O,12.562141912320484,12.562141912320484,0.0349535856009066,-4.756268639419342,0.174788224513646,20.5,435.44000000000017,418.30400000000014,435.051854504,154,0,0.3620751467724121,-0.4782270320177159,0.4782270320177159,0.3620751467724121,1.4642857142857142,2.071428571428572,2.5,32.24529764273617,10.00401161573638,2.513331128805475,-2.416338874010568,2.230948535260857,-2.707807208919476,7.836563836647012,-0.1608446168429468,2.971847309732629,2.2592762983237704,953.8851353067348,21.43879310982592,14.8114553779692,16.444448539824652,12.752743308167698,7.578995896792942,9.855612118054724,6.221230582074894,8.399971119282888,3.730567932227123,5.414072402778615,2.1128455580549623,3.54351374163482,-2.78,690205.5939907836,21.519292322605008,7.325918985638601,4.204134383579708,162.59031069995737,20.994572059745856,11.735768823996422,10.843243482610037,5.601050810983688,11.814359458703011,16.27347016397548,14.141824241834009,14.083731696315263,8.417796984328938,11.336785877934735,5.15571272675054,20.771211599071872,5.380062770465915,6.041840829147961,37.29827438881211,50.26785898322327,0.0,14.605983116249774,5.15571272675054,38.455944068351485,5.733667477162185,11.073990765314376,0.0,0.0,11.050456081168516,5.131558479839333,0.0,11.336785877934735,68.54635098380861,29.525365011975733,0.0,26.46513959392033,10.535775497216456,0.0,0.0,0.0,201.58,51.4842470947288,22.801408536544404,0.0,15.130702465984026,0.0,11.336785877934735,26.151274369537788,0.0,0.0,15.456479851704078,20.23053332942989,31.44978820569469,0.9796905422586336,44.39737831563419,16.334751159546904,3.256457088644816,-3.375611656986792,-2.3123389733980013,0.0,3.692820624691566,-4.756268639419342,0.4615384615384615,28,5,13,0,1,1,0,1,1,10,4,15,7,0,1,1,2,-1.172499999999998,95.65050000000004,1,0,0,1,0,1,0,0,1,1,3,2,0,0,0,3,1,1,0,0,0,0,0,0,0,0,0,2,0,1,0,0,0,0,0,0,0,0,0,0,0,0,0,0,0,0,0,0,0,0,0,0,0,1,0,0,0,0,0,0,0,0,0,1,0,0,0,0,0,0,0,0,0,0,0,0,0,0,0,0,1,0,0,0,0,573.0,Klebsiella pneumoniae,Bacteria
116484,,14651993,CHEMBL3271795,Antibacterial activity against Klebsiella pneumoniae KP-3700 by CLSI broth microdilution method,F,BAO_0002146,BAO_0000218,organism-based format,C[C@H]1[C@H](NC(=O)/C(=N\OC(C)(C)C(=O)O)c2csc(N)n2)C(=O)N1S(=O)(=O)O,CHEMBL3259701,J Med Chem,2014.0,CHEMBL158,AZTREONAM,CHEMBL158,0,http://www.openphacts.org/units/MicrogramPerMilliliter,2104603,>,1,1,>,MIC,ug.mL-1,64.0,CHEMBL350,Klebsiella pneumoniae,Klebsiella pneumoniae,573.0,,MIC,ug ml-1,UO_0000274,64.0,CHEMBL158,C[C@H]1[C@H](NC(=O)/C(=N\OC(C)(C)C(=O)O)c2csc(N)n2)C(=O)N1S(=O)(=O)O,12.562141912320484,12.562141912320484,0.0349535856009066,-4.756268639419342,0.174788224513646,20.5,435.44000000000017,418.30400000000014,435.051854504,154,0,0.3620751467724121,-0.4782270320177159,0.4782270320177159,0.3620751467724121,1.4642857142857142,2.071428571428572,2.5,32.24529764273617,10.00401161573638,2.513331128805475,-2.416338874010568,2.230948535260857,-2.707807208919476,7.836563836647012,-0.1608446168429468,2.971847309732629,2.2592762983237704,953.8851353067348,21.43879310982592,14.8114553779692,16.444448539824652,12.752743308167698,7.578995896792942,9.855612118054724,6.221230582074894,8.399971119282888,3.730567932227123,5.414072402778615,2.1128455580549623,3.54351374163482,-2.78,690205.5939907836,21.519292322605008,7.325918985638601,4.204134383579708,162.59031069995737,20.994572059745856,11.735768823996422,10.843243482610037,5.601050810983688,11.814359458703011,16.27347016397548,14.141824241834009,14.083731696315263,8.417796984328938,11.336785877934735,5.15571272675054,20.771211599071872,5.380062770465915,6.041840829147961,37.29827438881211,50.26785898322327,0.0,14.605983116249774,5.15571272675054,38.455944068351485,5.733667477162185,11.073990765314376,0.0,0.0,11.050456081168516,5.131558479839333,0.0,11.336785877934735,68.54635098380861,29.525365011975733,0.0,26.46513959392033,10.535775497216456,0.0,0.0,0.0,201.58,51.4842470947288,22.801408536544404,0.0,15.130702465984026,0.0,11.336785877934735,26.151274369537788,0.0,0.0,15.456479851704078,20.23053332942989,31.44978820569469,0.9796905422586336,44.39737831563419,16.334751159546904,3.256457088644816,-3.375611656986792,-2.3123389733980013,0.0,3.692820624691566,-4.756268639419342,0.4615384615384615,28,5,13,0,1,1,0,1,1,10,4,15,7,0,1,1,2,-1.172499999999998,95.65050000000004,1,0,0,1,0,1,0,0,1,1,3,2,0,0,0,3,1,1,0,0,0,0,0,0,0,0,0,2,0,1,0,0,0,0,0,0,0,0,0,0,0,0,0,0,0,0,0,0,0,0,0,0,0,1,0,0,0,0,0,0,0,0,0,1,0,0,0,0,0,0,0,0,0,0,0,0,0,0,0,0,1,0,0,0,0,573.0,Klebsiella pneumoniae,Bacteria
116485,,15200278,CHEMBL3412996,Antimicrobial activity against MexABCDXY-deficient Pseudomonas aeruginosa PAO1 ARC546 by broth microdilution method,F,BAO_0002146,BAO_0000218,organism-based format,C[C@H]1[C@H](NC(=O)/C(=N\OC(C)(C)C(=O)O)c2csc(N)n2)C(=O)N1S(=O)(=O)O,CHEMBL3407427,J Med Chem,2015.0,CHEMBL158,AZTREONAM,CHEMBL158,0,http://www.openphacts.org/units/MicrogramPerMilliliter,2289892,=,1,1,=,MIC,ug.mL-1,0.25,CHEMBL348,Pseudomonas aeruginosa,Pseudomonas aeruginosa,287.0,,MIC,ug ml-1,UO_0000274,0.25,CHEMBL158,C[C@H]1[C@H](NC(=O)/C(=N\OC(C)(C)C(=O)O)c2csc(N)n2)C(=O)N1S(=O)(=O)O,12.562141912320484,12.562141912320484,0.0349535856009066,-4.756268639419342,0.174788224513646,20.5,435.44000000000017,418.30400000000014,435.051854504,154,0,0.3620751467724121,-0.4782270320177159,0.4782270320177159,0.3620751467724121,1.4642857142857142,2.071428571428572,2.5,32.24529764273617,10.00401161573638,2.513331128805475,-2.416338874010568,2.230948535260857,-2.707807208919476,7.836563836647012,-0.1608446168429468,2.971847309732629,2.2592762983237704,953.8851353067348,21.43879310982592,14.8114553779692,16.444448539824652,12.752743308167698,7.578995896792942,9.855612118054724,6.221230582074894,8.399971119282888,3.730567932227123,5.414072402778615,2.1128455580549623,3.54351374163482,-2.78,690205.5939907836,21.519292322605008,7.325918985638601,4.204134383579708,162.59031069995737,20.994572059745856,11.735768823996422,10.843243482610037,5.601050810983688,11.814359458703011,16.27347016397548,14.141824241834009,14.083731696315263,8.417796984328938,11.336785877934735,5.15571272675054,20.771211599071872,5.380062770465915,6.041840829147961,37.29827438881211,50.26785898322327,0.0,14.605983116249774,5.15571272675054,38.455944068351485,5.733667477162185,11.073990765314376,0.0,0.0,11.050456081168516,5.131558479839333,0.0,11.336785877934735,68.54635098380861,29.525365011975733,0.0,26.46513959392033,10.535775497216456,0.0,0.0,0.0,201.58,51.4842470947288,22.801408536544404,0.0,15.130702465984026,0.0,11.336785877934735,26.151274369537788,0.0,0.0,15.456479851704078,20.23053332942989,31.44978820569469,0.9796905422586336,44.39737831563419,16.334751159546904,3.256457088644816,-3.375611656986792,-2.3123389733980013,0.0,3.692820624691566,-4.756268639419342,0.4615384615384615,28,5,13,0,1,1,0,1,1,10,4,15,7,0,1,1,2,-1.172499999999998,95.65050000000004,1,0,0,1,0,1,0,0,1,1,3,2,0,0,0,3,1,1,0,0,0,0,0,0,0,0,0,2,0,1,0,0,0,0,0,0,0,0,0,0,0,0,0,0,0,0,0,0,0,0,0,0,0,1,0,0,0,0,0,0,0,0,0,1,0,0,0,0,0,0,0,0,0,0,0,0,0,0,0,0,1,0,0,0,0,287.0,Pseudomonas aeruginosa,Bacteria
116485,,15200278,CHEMBL3412996,Antimicrobial activity against MexABCDXY-deficient Pseudomonas aeruginosa PAO1 ARC546 by broth microdilution method,F,BAO_0002146,BAO_0000218,organism-based format,C[C@H]1[C@H](NC(=O)/C(=N\OC(C)(C)C(=O)O)c2csc(N)n2)C(=O)N1S(=O)(=O)O,CHEMBL3407427,J Med Chem,2015.0,CHEMBL158,AZTREONAM,CHEMBL158,0,http://www.openphacts.org/units/MicrogramPerMilliliter,2289892,=,1,1,=,MIC,ug.mL-1,0.25,CHEMBL348,Pseudomonas aeruginosa,Pseudomonas aeruginosa,287.0,,MIC,ug ml-1,UO_0000274,0.25,CHEMBL158,C[C@H]1[C@H](NC(=O)/C(=N\OC(C)(C)C(=O)O)c2csc(N)n2)C(=O)N1S(=O)(=O)O,12.562141912320484,12.562141912320484,0.0349535856009066,-4.756268639419342,0.174788224513646,20.5,435.44000000000017,418.30400000000014,435.051854504,154,0,0.3620751467724121,-0.4782270320177159,0.4782270320177159,0.3620751467724121,1.4642857142857142,2.071428571428572,2.5,32.24529764273617,10.00401161573638,2.513331128805475,-2.416338874010568,2.230948535260857,-2.707807208919476,7.836563836647012,-0.1608446168429468,2.971847309732629,2.2592762983237704,953.8851353067348,21.43879310982592,14.8114553779692,16.444448539824652,12.752743308167698,7.578995896792942,9.855612118054724,6.221230582074894,8.399971119282888,3.730567932227123,5.414072402778615,2.1128455580549623,3.54351374163482,-2.78,690205.5939907836,21.519292322605008,7.325918985638601,4.204134383579708,162.59031069995737,20.994572059745856,11.735768823996422,10.843243482610037,5.601050810983688,11.814359458703011,16.27347016397548,14.141824241834009,14.083731696315263,8.417796984328938,11.336785877934735,5.15571272675054,20.771211599071872,5.380062770465915,6.041840829147961,37.29827438881211,50.26785898322327,0.0,14.605983116249774,5.15571272675054,38.455944068351485,5.733667477162185,11.073990765314376,0.0,0.0,11.050456081168516,5.131558479839333,0.0,11.336785877934735,68.54635098380861,29.525365011975733,0.0,26.46513959392033,10.535775497216456,0.0,0.0,0.0,201.58,51.4842470947288,22.801408536544404,0.0,15.130702465984026,0.0,11.336785877934735,26.151274369537788,0.0,0.0,15.456479851704078,20.23053332942989,31.44978820569469,0.9796905422586336,44.39737831563419,16.334751159546904,3.256457088644816,-3.375611656986792,-2.3123389733980013,0.0,3.692820624691566,-4.756268639419342,0.4615384615384615,28,5,13,0,1,1,0,1,1,10,4,15,7,0,1,1,2,-1.172499999999998,95.65050000000004,1,0,0,1,0,1,0,0,1,1,3,2,0,0,0,3,1,1,0,0,0,0,0,0,0,0,0,2,0,1,0,0,0,0,0,0,0,0,0,0,0,0,0,0,0,0,0,0,0,0,0,0,0,1,0,0,0,0,0,0,0,0,0,1,0,0,0,0,0,0,0,0,0,0,0,0,0,0,0,0,1,0,0,0,0,287.0,Pseudomonas aeruginosa,Bacteria
116485,,15200278,CHEMBL3412996,Antimicrobial activity against MexABCDXY-deficient Pseudomonas aeruginosa PAO1 ARC546 by broth microdilution method,F,BAO_0002146,BAO_0000218,organism-based format,C[C@H]1[C@H](NC(=O)/C(=N\OC(C)(C)C(=O)O)c2csc(N)n2)C(=O)N1S(=O)(=O)O,CHEMBL3407427,J Med Chem,2015.0,CHEMBL158,AZTREONAM,CHEMBL158,0,http://www.openphacts.org/units/MicrogramPerMilliliter,2289892,=,1,1,=,MIC,ug.mL-1,0.25,CHEMBL348,Pseudomonas aeruginosa,Pseudomonas aeruginosa,287.0,,MIC,ug ml-1,UO_0000274,0.25,CHEMBL158,C[C@H]1[C@H](NC(=O)/C(=N\OC(C)(C)C(=O)O)c2csc(N)n2)C(=O)N1S(=O)(=O)O,12.562141912320484,12.562141912320484,0.0349535856009066,-4.756268639419342,0.174788224513646,20.5,435.44000000000017,418.30400000000014,435.051854504,154,0,0.3620751467724121,-0.4782270320177159,0.4782270320177159,0.3620751467724121,1.4642857142857142,2.071428571428572,2.5,32.24529764273617,10.00401161573638,2.513331128805475,-2.416338874010568,2.230948535260857,-2.707807208919476,7.836563836647012,-0.1608446168429468,2.971847309732629,2.2592762983237704,953.8851353067348,21.43879310982592,14.8114553779692,16.444448539824652,12.752743308167698,7.578995896792942,9.855612118054724,6.221230582074894,8.399971119282888,3.730567932227123,5.414072402778615,2.1128455580549623,3.54351374163482,-2.78,690205.5939907836,21.519292322605008,7.325918985638601,4.204134383579708,162.59031069995737,20.994572059745856,11.735768823996422,10.843243482610037,5.601050810983688,11.814359458703011,16.27347016397548,14.141824241834009,14.083731696315263,8.417796984328938,11.336785877934735,5.15571272675054,20.771211599071872,5.380062770465915,6.041840829147961,37.29827438881211,50.26785898322327,0.0,14.605983116249774,5.15571272675054,38.455944068351485,5.733667477162185,11.073990765314376,0.0,0.0,11.050456081168516,5.131558479839333,0.0,11.336785877934735,68.54635098380861,29.525365011975733,0.0,26.46513959392033,10.535775497216456,0.0,0.0,0.0,201.58,51.4842470947288,22.801408536544404,0.0,15.130702465984026,0.0,11.336785877934735,26.151274369537788,0.0,0.0,15.456479851704078,20.23053332942989,31.44978820569469,0.9796905422586336,44.39737831563419,16.334751159546904,3.256457088644816,-3.375611656986792,-2.3123389733980013,0.0,3.692820624691566,-4.756268639419342,0.4615384615384615,28,5,13,0,1,1,0,1,1,10,4,15,7,0,1,1,2,-1.172499999999998,95.65050000000004,1,0,0,1,0,1,0,0,1,1,3,2,0,0,0,3,1,1,0,0,0,0,0,0,0,0,0,2,0,1,0,0,0,0,0,0,0,0,0,0,0,0,0,0,0,0,0,0,0,0,0,0,0,1,0,0,0,0,0,0,0,0,0,1,0,0,0,0,0,0,0,0,0,0,0,0,0,0,0,0,1,0,0,0,0,287.0,Pseudomonas aeruginosa,Bacteria
116486,,15200305,CHEMBL3412997,Antimicrobial activity against Pseudomonas aeruginosa PAO1 ARC545 by broth microdilution method,F,BAO_0002146,BAO_0000218,organism-based format,C[C@H]1[C@H](NC(=O)/C(=N\OC(C)(C)C(=O)O)c2csc(N)n2)C(=O)N1S(=O)(=O)O,CHEMBL3407427,J Med Chem,2015.0,CHEMBL158,AZTREONAM,CHEMBL158,0,http://www.openphacts.org/units/MicrogramPerMilliliter,2289892,=,1,1,=,MIC,ug.mL-1,4.0,CHEMBL348,Pseudomonas aeruginosa,Pseudomonas aeruginosa,287.0,,MIC,ug ml-1,UO_0000274,4.0,CHEMBL158,C[C@H]1[C@H](NC(=O)/C(=N\OC(C)(C)C(=O)O)c2csc(N)n2)C(=O)N1S(=O)(=O)O,12.562141912320484,12.562141912320484,0.0349535856009066,-4.756268639419342,0.174788224513646,20.5,435.44000000000017,418.30400000000014,435.051854504,154,0,0.3620751467724121,-0.4782270320177159,0.4782270320177159,0.3620751467724121,1.4642857142857142,2.071428571428572,2.5,32.24529764273617,10.00401161573638,2.513331128805475,-2.416338874010568,2.230948535260857,-2.707807208919476,7.836563836647012,-0.1608446168429468,2.971847309732629,2.2592762983237704,953.8851353067348,21.43879310982592,14.8114553779692,16.444448539824652,12.752743308167698,7.578995896792942,9.855612118054724,6.221230582074894,8.399971119282888,3.730567932227123,5.414072402778615,2.1128455580549623,3.54351374163482,-2.78,690205.5939907836,21.519292322605008,7.325918985638601,4.204134383579708,162.59031069995737,20.994572059745856,11.735768823996422,10.843243482610037,5.601050810983688,11.814359458703011,16.27347016397548,14.141824241834009,14.083731696315263,8.417796984328938,11.336785877934735,5.15571272675054,20.771211599071872,5.380062770465915,6.041840829147961,37.29827438881211,50.26785898322327,0.0,14.605983116249774,5.15571272675054,38.455944068351485,5.733667477162185,11.073990765314376,0.0,0.0,11.050456081168516,5.131558479839333,0.0,11.336785877934735,68.54635098380861,29.525365011975733,0.0,26.46513959392033,10.535775497216456,0.0,0.0,0.0,201.58,51.4842470947288,22.801408536544404,0.0,15.130702465984026,0.0,11.336785877934735,26.151274369537788,0.0,0.0,15.456479851704078,20.23053332942989,31.44978820569469,0.9796905422586336,44.39737831563419,16.334751159546904,3.256457088644816,-3.375611656986792,-2.3123389733980013,0.0,3.692820624691566,-4.756268639419342,0.4615384615384615,28,5,13,0,1,1,0,1,1,10,4,15,7,0,1,1,2,-1.172499999999998,95.65050000000004,1,0,0,1,0,1,0,0,1,1,3,2,0,0,0,3,1,1,0,0,0,0,0,0,0,0,0,2,0,1,0,0,0,0,0,0,0,0,0,0,0,0,0,0,0,0,0,0,0,0,0,0,0,1,0,0,0,0,0,0,0,0,0,1,0,0,0,0,0,0,0,0,0,0,0,0,0,0,0,0,1,0,0,0,0,287.0,Pseudomonas aeruginosa,Bacteria
116486,,15200305,CHEMBL3412997,Antimicrobial activity against Pseudomonas aeruginosa PAO1 ARC545 by broth microdilution method,F,BAO_0002146,BAO_0000218,organism-based format,C[C@H]1[C@H](NC(=O)/C(=N\OC(C)(C)C(=O)O)c2csc(N)n2)C(=O)N1S(=O)(=O)O,CHEMBL3407427,J Med Chem,2015.0,CHEMBL158,AZTREONAM,CHEMBL158,0,http://www.openphacts.org/units/MicrogramPerMilliliter,2289892,=,1,1,=,MIC,ug.mL-1,4.0,CHEMBL348,Pseudomonas aeruginosa,Pseudomonas aeruginosa,287.0,,MIC,ug ml-1,UO_0000274,4.0,CHEMBL158,C[C@H]1[C@H](NC(=O)/C(=N\OC(C)(C)C(=O)O)c2csc(N)n2)C(=O)N1S(=O)(=O)O,12.562141912320484,12.562141912320484,0.0349535856009066,-4.756268639419342,0.174788224513646,20.5,435.44000000000017,418.30400000000014,435.051854504,154,0,0.3620751467724121,-0.4782270320177159,0.4782270320177159,0.3620751467724121,1.4642857142857142,2.071428571428572,2.5,32.24529764273617,10.00401161573638,2.513331128805475,-2.416338874010568,2.230948535260857,-2.707807208919476,7.836563836647012,-0.1608446168429468,2.971847309732629,2.2592762983237704,953.8851353067348,21.43879310982592,14.8114553779692,16.444448539824652,12.752743308167698,7.578995896792942,9.855612118054724,6.221230582074894,8.399971119282888,3.730567932227123,5.414072402778615,2.1128455580549623,3.54351374163482,-2.78,690205.5939907836,21.519292322605008,7.325918985638601,4.204134383579708,162.59031069995737,20.994572059745856,11.735768823996422,10.843243482610037,5.601050810983688,11.814359458703011,16.27347016397548,14.141824241834009,14.083731696315263,8.417796984328938,11.336785877934735,5.15571272675054,20.771211599071872,5.380062770465915,6.041840829147961,37.29827438881211,50.26785898322327,0.0,14.605983116249774,5.15571272675054,38.455944068351485,5.733667477162185,11.073990765314376,0.0,0.0,11.050456081168516,5.131558479839333,0.0,11.336785877934735,68.54635098380861,29.525365011975733,0.0,26.46513959392033,10.535775497216456,0.0,0.0,0.0,201.58,51.4842470947288,22.801408536544404,0.0,15.130702465984026,0.0,11.336785877934735,26.151274369537788,0.0,0.0,15.456479851704078,20.23053332942989,31.44978820569469,0.9796905422586336,44.39737831563419,16.334751159546904,3.256457088644816,-3.375611656986792,-2.3123389733980013,0.0,3.692820624691566,-4.756268639419342,0.4615384615384615,28,5,13,0,1,1,0,1,1,10,4,15,7,0,1,1,2,-1.172499999999998,95.65050000000004,1,0,0,1,0,1,0,0,1,1,3,2,0,0,0,3,1,1,0,0,0,0,0,0,0,0,0,2,0,1,0,0,0,0,0,0,0,0,0,0,0,0,0,0,0,0,0,0,0,0,0,0,0,1,0,0,0,0,0,0,0,0,0,1,0,0,0,0,0,0,0,0,0,0,0,0,0,0,0,0,1,0,0,0,0,287.0,Pseudomonas aeruginosa,Bacteria
116486,,15200305,CHEMBL3412997,Antimicrobial activity against Pseudomonas aeruginosa PAO1 ARC545 by broth microdilution method,F,BAO_0002146,BAO_0000218,organism-based format,C[C@H]1[C@H](NC(=O)/C(=N\OC(C)(C)C(=O)O)c2csc(N)n2)C(=O)N1S(=O)(=O)O,CHEMBL3407427,J Med Chem,2015.0,CHEMBL158,AZTREONAM,CHEMBL158,0,http://www.openphacts.org/units/MicrogramPerMilliliter,2289892,=,1,1,=,MIC,ug.mL-1,4.0,CHEMBL348,Pseudomonas aeruginosa,Pseudomonas aeruginosa,287.0,,MIC,ug ml-1,UO_0000274,4.0,CHEMBL158,C[C@H]1[C@H](NC(=O)/C(=N\OC(C)(C)C(=O)O)c2csc(N)n2)C(=O)N1S(=O)(=O)O,12.562141912320484,12.562141912320484,0.0349535856009066,-4.756268639419342,0.174788224513646,20.5,435.44000000000017,418.30400000000014,435.051854504,154,0,0.3620751467724121,-0.4782270320177159,0.4782270320177159,0.3620751467724121,1.4642857142857142,2.071428571428572,2.5,32.24529764273617,10.00401161573638,2.513331128805475,-2.416338874010568,2.230948535260857,-2.707807208919476,7.836563836647012,-0.1608446168429468,2.971847309732629,2.2592762983237704,953.8851353067348,21.43879310982592,14.8114553779692,16.444448539824652,12.752743308167698,7.578995896792942,9.855612118054724,6.221230582074894,8.399971119282888,3.730567932227123,5.414072402778615,2.1128455580549623,3.54351374163482,-2.78,690205.5939907836,21.519292322605008,7.325918985638601,4.204134383579708,162.59031069995737,20.994572059745856,11.735768823996422,10.843243482610037,5.601050810983688,11.814359458703011,16.27347016397548,14.141824241834009,14.083731696315263,8.417796984328938,11.336785877934735,5.15571272675054,20.771211599071872,5.380062770465915,6.041840829147961,37.29827438881211,50.26785898322327,0.0,14.605983116249774,5.15571272675054,38.455944068351485,5.733667477162185,11.073990765314376,0.0,0.0,11.050456081168516,5.131558479839333,0.0,11.336785877934735,68.54635098380861,29.525365011975733,0.0,26.46513959392033,10.535775497216456,0.0,0.0,0.0,201.58,51.4842470947288,22.801408536544404,0.0,15.130702465984026,0.0,11.336785877934735,26.151274369537788,0.0,0.0,15.456479851704078,20.23053332942989,31.44978820569469,0.9796905422586336,44.39737831563419,16.334751159546904,3.256457088644816,-3.375611656986792,-2.3123389733980013,0.0,3.692820624691566,-4.756268639419342,0.4615384615384615,28,5,13,0,1,1,0,1,1,10,4,15,7,0,1,1,2,-1.172499999999998,95.65050000000004,1,0,0,1,0,1,0,0,1,1,3,2,0,0,0,3,1,1,0,0,0,0,0,0,0,0,0,2,0,1,0,0,0,0,0,0,0,0,0,0,0,0,0,0,0,0,0,0,0,0,0,0,0,1,0,0,0,0,0,0,0,0,0,1,0,0,0,0,0,0,0,0,0,0,0,0,0,0,0,0,1,0,0,0,0,287.0,Pseudomonas aeruginosa,Bacteria
116488,,15201610,CHEMBL3413001,"Clearance in Wistar Han rat at 1 mg/kg, iv infusion",A,BAO_0002759,BAO_0000218,organism-based format,C[C@H]1[C@H](NC(=O)/C(=N\OC(C)(C)C(=O)O)c2csc(N)n2)C(=O)N1S(=O)(=O)O,CHEMBL3407427,J Med Chem,2015.0,CHEMBL158,AZTREONAM,CHEMBL158,0,,2289892,=,1,1,=,CL,mL.min-1.kg-1,21.0,CHEMBL376,Rattus norvegicus,Rattus norvegicus,10116.0,,CL,ml/min.kg,,21.0,CHEMBL158,C[C@H]1[C@H](NC(=O)/C(=N\OC(C)(C)C(=O)O)c2csc(N)n2)C(=O)N1S(=O)(=O)O,12.562141912320484,12.562141912320484,0.0349535856009066,-4.756268639419342,0.174788224513646,20.5,435.44000000000017,418.30400000000014,435.051854504,154,0,0.3620751467724121,-0.4782270320177159,0.4782270320177159,0.3620751467724121,1.4642857142857142,2.071428571428572,2.5,32.24529764273617,10.00401161573638,2.513331128805475,-2.416338874010568,2.230948535260857,-2.707807208919476,7.836563836647012,-0.1608446168429468,2.971847309732629,2.2592762983237704,953.8851353067348,21.43879310982592,14.8114553779692,16.444448539824652,12.752743308167698,7.578995896792942,9.855612118054724,6.221230582074894,8.399971119282888,3.730567932227123,5.414072402778615,2.1128455580549623,3.54351374163482,-2.78,690205.5939907836,21.519292322605008,7.325918985638601,4.204134383579708,162.59031069995737,20.994572059745856,11.735768823996422,10.843243482610037,5.601050810983688,11.814359458703011,16.27347016397548,14.141824241834009,14.083731696315263,8.417796984328938,11.336785877934735,5.15571272675054,20.771211599071872,5.380062770465915,6.041840829147961,37.29827438881211,50.26785898322327,0.0,14.605983116249774,5.15571272675054,38.455944068351485,5.733667477162185,11.073990765314376,0.0,0.0,11.050456081168516,5.131558479839333,0.0,11.336785877934735,68.54635098380861,29.525365011975733,0.0,26.46513959392033,10.535775497216456,0.0,0.0,0.0,201.58,51.4842470947288,22.801408536544404,0.0,15.130702465984026,0.0,11.336785877934735,26.151274369537788,0.0,0.0,15.456479851704078,20.23053332942989,31.44978820569469,0.9796905422586336,44.39737831563419,16.334751159546904,3.256457088644816,-3.375611656986792,-2.3123389733980013,0.0,3.692820624691566,-4.756268639419342,0.4615384615384615,28,5,13,0,1,1,0,1,1,10,4,15,7,0,1,1,2,-1.172499999999998,95.65050000000004,1,0,0,1,0,1,0,0,1,1,3,2,0,0,0,3,1,1,0,0,0,0,0,0,0,0,0,2,0,1,0,0,0,0,0,0,0,0,0,0,0,0,0,0,0,0,0,0,0,0,0,0,0,1,0,0,0,0,0,0,0,0,0,1,0,0,0,0,0,0,0,0,0,0,0,0,0,0,0,0,1,0,0,0,0,10116.0,Rattus norvegicus,Eukaryota
116489,,15201620,CHEMBL3413002,Antimicrobial activity against Pseudomonas aeruginosa by broth microdilution method,F,BAO_0000179,BAO_0000218,organism-based format,C[C@H]1[C@H](NC(=O)/C(=N\OC(C)(C)C(=O)O)c2csc(N)n2)C(=O)N1S(=O)(=O)O,CHEMBL3407427,J Med Chem,2015.0,CHEMBL158,AZTREONAM,CHEMBL158,0,http://www.openphacts.org/units/MicrogramPerMilliliter,2289892,=,1,1,=,MIC90,ug.mL-1,1024.0,CHEMBL348,Pseudomonas aeruginosa,Pseudomonas aeruginosa,287.0,,MIC90,ug ml-1,UO_0000274,1024.0,CHEMBL158,C[C@H]1[C@H](NC(=O)/C(=N\OC(C)(C)C(=O)O)c2csc(N)n2)C(=O)N1S(=O)(=O)O,12.562141912320484,12.562141912320484,0.0349535856009066,-4.756268639419342,0.174788224513646,20.5,435.44000000000017,418.30400000000014,435.051854504,154,0,0.3620751467724121,-0.4782270320177159,0.4782270320177159,0.3620751467724121,1.4642857142857142,2.071428571428572,2.5,32.24529764273617,10.00401161573638,2.513331128805475,-2.416338874010568,2.230948535260857,-2.707807208919476,7.836563836647012,-0.1608446168429468,2.971847309732629,2.2592762983237704,953.8851353067348,21.43879310982592,14.8114553779692,16.444448539824652,12.752743308167698,7.578995896792942,9.855612118054724,6.221230582074894,8.399971119282888,3.730567932227123,5.414072402778615,2.1128455580549623,3.54351374163482,-2.78,690205.5939907836,21.519292322605008,7.325918985638601,4.204134383579708,162.59031069995737,20.994572059745856,11.735768823996422,10.843243482610037,5.601050810983688,11.814359458703011,16.27347016397548,14.141824241834009,14.083731696315263,8.417796984328938,11.336785877934735,5.15571272675054,20.771211599071872,5.380062770465915,6.041840829147961,37.29827438881211,50.26785898322327,0.0,14.605983116249774,5.15571272675054,38.455944068351485,5.733667477162185,11.073990765314376,0.0,0.0,11.050456081168516,5.131558479839333,0.0,11.336785877934735,68.54635098380861,29.525365011975733,0.0,26.46513959392033,10.535775497216456,0.0,0.0,0.0,201.58,51.4842470947288,22.801408536544404,0.0,15.130702465984026,0.0,11.336785877934735,26.151274369537788,0.0,0.0,15.456479851704078,20.23053332942989,31.44978820569469,0.9796905422586336,44.39737831563419,16.334751159546904,3.256457088644816,-3.375611656986792,-2.3123389733980013,0.0,3.692820624691566,-4.756268639419342,0.4615384615384615,28,5,13,0,1,1,0,1,1,10,4,15,7,0,1,1,2,-1.172499999999998,95.65050000000004,1,0,0,1,0,1,0,0,1,1,3,2,0,0,0,3,1,1,0,0,0,0,0,0,0,0,0,2,0,1,0,0,0,0,0,0,0,0,0,0,0,0,0,0,0,0,0,0,0,0,0,0,0,1,0,0,0,0,0,0,0,0,0,1,0,0,0,0,0,0,0,0,0,0,0,0,0,0,0,0,1,0,0,0,0,287.0,Pseudomonas aeruginosa,Bacteria
116489,,15201620,CHEMBL3413002,Antimicrobial activity against Pseudomonas aeruginosa by broth microdilution method,F,BAO_0000179,BAO_0000218,organism-based format,C[C@H]1[C@H](NC(=O)/C(=N\OC(C)(C)C(=O)O)c2csc(N)n2)C(=O)N1S(=O)(=O)O,CHEMBL3407427,J Med Chem,2015.0,CHEMBL158,AZTREONAM,CHEMBL158,0,http://www.openphacts.org/units/MicrogramPerMilliliter,2289892,=,1,1,=,MIC90,ug.mL-1,1024.0,CHEMBL348,Pseudomonas aeruginosa,Pseudomonas aeruginosa,287.0,,MIC90,ug ml-1,UO_0000274,1024.0,CHEMBL158,C[C@H]1[C@H](NC(=O)/C(=N\OC(C)(C)C(=O)O)c2csc(N)n2)C(=O)N1S(=O)(=O)O,12.562141912320484,12.562141912320484,0.0349535856009066,-4.756268639419342,0.174788224513646,20.5,435.44000000000017,418.30400000000014,435.051854504,154,0,0.3620751467724121,-0.4782270320177159,0.4782270320177159,0.3620751467724121,1.4642857142857142,2.071428571428572,2.5,32.24529764273617,10.00401161573638,2.513331128805475,-2.416338874010568,2.230948535260857,-2.707807208919476,7.836563836647012,-0.1608446168429468,2.971847309732629,2.2592762983237704,953.8851353067348,21.43879310982592,14.8114553779692,16.444448539824652,12.752743308167698,7.578995896792942,9.855612118054724,6.221230582074894,8.399971119282888,3.730567932227123,5.414072402778615,2.1128455580549623,3.54351374163482,-2.78,690205.5939907836,21.519292322605008,7.325918985638601,4.204134383579708,162.59031069995737,20.994572059745856,11.735768823996422,10.843243482610037,5.601050810983688,11.814359458703011,16.27347016397548,14.141824241834009,14.083731696315263,8.417796984328938,11.336785877934735,5.15571272675054,20.771211599071872,5.380062770465915,6.041840829147961,37.29827438881211,50.26785898322327,0.0,14.605983116249774,5.15571272675054,38.455944068351485,5.733667477162185,11.073990765314376,0.0,0.0,11.050456081168516,5.131558479839333,0.0,11.336785877934735,68.54635098380861,29.525365011975733,0.0,26.46513959392033,10.535775497216456,0.0,0.0,0.0,201.58,51.4842470947288,22.801408536544404,0.0,15.130702465984026,0.0,11.336785877934735,26.151274369537788,0.0,0.0,15.456479851704078,20.23053332942989,31.44978820569469,0.9796905422586336,44.39737831563419,16.334751159546904,3.256457088644816,-3.375611656986792,-2.3123389733980013,0.0,3.692820624691566,-4.756268639419342,0.4615384615384615,28,5,13,0,1,1,0,1,1,10,4,15,7,0,1,1,2,-1.172499999999998,95.65050000000004,1,0,0,1,0,1,0,0,1,1,3,2,0,0,0,3,1,1,0,0,0,0,0,0,0,0,0,2,0,1,0,0,0,0,0,0,0,0,0,0,0,0,0,0,0,0,0,0,0,0,0,0,0,1,0,0,0,0,0,0,0,0,0,1,0,0,0,0,0,0,0,0,0,0,0,0,0,0,0,0,1,0,0,0,0,287.0,Pseudomonas aeruginosa,Bacteria
116489,,15201620,CHEMBL3413002,Antimicrobial activity against Pseudomonas aeruginosa by broth microdilution method,F,BAO_0000179,BAO_0000218,organism-based format,C[C@H]1[C@H](NC(=O)/C(=N\OC(C)(C)C(=O)O)c2csc(N)n2)C(=O)N1S(=O)(=O)O,CHEMBL3407427,J Med Chem,2015.0,CHEMBL158,AZTREONAM,CHEMBL158,0,http://www.openphacts.org/units/MicrogramPerMilliliter,2289892,=,1,1,=,MIC90,ug.mL-1,1024.0,CHEMBL348,Pseudomonas aeruginosa,Pseudomonas aeruginosa,287.0,,MIC90,ug ml-1,UO_0000274,1024.0,CHEMBL158,C[C@H]1[C@H](NC(=O)/C(=N\OC(C)(C)C(=O)O)c2csc(N)n2)C(=O)N1S(=O)(=O)O,12.562141912320484,12.562141912320484,0.0349535856009066,-4.756268639419342,0.174788224513646,20.5,435.44000000000017,418.30400000000014,435.051854504,154,0,0.3620751467724121,-0.4782270320177159,0.4782270320177159,0.3620751467724121,1.4642857142857142,2.071428571428572,2.5,32.24529764273617,10.00401161573638,2.513331128805475,-2.416338874010568,2.230948535260857,-2.707807208919476,7.836563836647012,-0.1608446168429468,2.971847309732629,2.2592762983237704,953.8851353067348,21.43879310982592,14.8114553779692,16.444448539824652,12.752743308167698,7.578995896792942,9.855612118054724,6.221230582074894,8.399971119282888,3.730567932227123,5.414072402778615,2.1128455580549623,3.54351374163482,-2.78,690205.5939907836,21.519292322605008,7.325918985638601,4.204134383579708,162.59031069995737,20.994572059745856,11.735768823996422,10.843243482610037,5.601050810983688,11.814359458703011,16.27347016397548,14.141824241834009,14.083731696315263,8.417796984328938,11.336785877934735,5.15571272675054,20.771211599071872,5.380062770465915,6.041840829147961,37.29827438881211,50.26785898322327,0.0,14.605983116249774,5.15571272675054,38.455944068351485,5.733667477162185,11.073990765314376,0.0,0.0,11.050456081168516,5.131558479839333,0.0,11.336785877934735,68.54635098380861,29.525365011975733,0.0,26.46513959392033,10.535775497216456,0.0,0.0,0.0,201.58,51.4842470947288,22.801408536544404,0.0,15.130702465984026,0.0,11.336785877934735,26.151274369537788,0.0,0.0,15.456479851704078,20.23053332942989,31.44978820569469,0.9796905422586336,44.39737831563419,16.334751159546904,3.256457088644816,-3.375611656986792,-2.3123389733980013,0.0,3.692820624691566,-4.756268639419342,0.4615384615384615,28,5,13,0,1,1,0,1,1,10,4,15,7,0,1,1,2,-1.172499999999998,95.65050000000004,1,0,0,1,0,1,0,0,1,1,3,2,0,0,0,3,1,1,0,0,0,0,0,0,0,0,0,2,0,1,0,0,0,0,0,0,0,0,0,0,0,0,0,0,0,0,0,0,0,0,0,0,0,1,0,0,0,0,0,0,0,0,0,1,0,0,0,0,0,0,0,0,0,0,0,0,0,0,0,0,1,0,0,0,0,287.0,Pseudomonas aeruginosa,Bacteria
116490,,15201625,CHEMBL3413003,Antimicrobial activity against Escherichia coli by broth microdilution method,F,BAO_0000179,BAO_0000218,organism-based format,C[C@H]1[C@H](NC(=O)/C(=N\OC(C)(C)C(=O)O)c2csc(N)n2)C(=O)N1S(=O)(=O)O,CHEMBL3407427,J Med Chem,2015.0,CHEMBL158,AZTREONAM,CHEMBL158,0,http://www.openphacts.org/units/MicrogramPerMilliliter,2289892,>,1,1,>,MIC90,ug.mL-1,512.0,CHEMBL354,Escherichia coli,Escherichia coli,562.0,,MIC90,ug ml-1,UO_0000274,512.0,CHEMBL158,C[C@H]1[C@H](NC(=O)/C(=N\OC(C)(C)C(=O)O)c2csc(N)n2)C(=O)N1S(=O)(=O)O,12.562141912320484,12.562141912320484,0.0349535856009066,-4.756268639419342,0.174788224513646,20.5,435.44000000000017,418.30400000000014,435.051854504,154,0,0.3620751467724121,-0.4782270320177159,0.4782270320177159,0.3620751467724121,1.4642857142857142,2.071428571428572,2.5,32.24529764273617,10.00401161573638,2.513331128805475,-2.416338874010568,2.230948535260857,-2.707807208919476,7.836563836647012,-0.1608446168429468,2.971847309732629,2.2592762983237704,953.8851353067348,21.43879310982592,14.8114553779692,16.444448539824652,12.752743308167698,7.578995896792942,9.855612118054724,6.221230582074894,8.399971119282888,3.730567932227123,5.414072402778615,2.1128455580549623,3.54351374163482,-2.78,690205.5939907836,21.519292322605008,7.325918985638601,4.204134383579708,162.59031069995737,20.994572059745856,11.735768823996422,10.843243482610037,5.601050810983688,11.814359458703011,16.27347016397548,14.141824241834009,14.083731696315263,8.417796984328938,11.336785877934735,5.15571272675054,20.771211599071872,5.380062770465915,6.041840829147961,37.29827438881211,50.26785898322327,0.0,14.605983116249774,5.15571272675054,38.455944068351485,5.733667477162185,11.073990765314376,0.0,0.0,11.050456081168516,5.131558479839333,0.0,11.336785877934735,68.54635098380861,29.525365011975733,0.0,26.46513959392033,10.535775497216456,0.0,0.0,0.0,201.58,51.4842470947288,22.801408536544404,0.0,15.130702465984026,0.0,11.336785877934735,26.151274369537788,0.0,0.0,15.456479851704078,20.23053332942989,31.44978820569469,0.9796905422586336,44.39737831563419,16.334751159546904,3.256457088644816,-3.375611656986792,-2.3123389733980013,0.0,3.692820624691566,-4.756268639419342,0.4615384615384615,28,5,13,0,1,1,0,1,1,10,4,15,7,0,1,1,2,-1.172499999999998,95.65050000000004,1,0,0,1,0,1,0,0,1,1,3,2,0,0,0,3,1,1,0,0,0,0,0,0,0,0,0,2,0,1,0,0,0,0,0,0,0,0,0,0,0,0,0,0,0,0,0,0,0,0,0,0,0,1,0,0,0,0,0,0,0,0,0,1,0,0,0,0,0,0,0,0,0,0,0,0,0,0,0,0,1,0,0,0,0,562.0,Escherichia coli,Bacteria
116490,,15201625,CHEMBL3413003,Antimicrobial activity against Escherichia coli by broth microdilution method,F,BAO_0000179,BAO_0000218,organism-based format,C[C@H]1[C@H](NC(=O)/C(=N\OC(C)(C)C(=O)O)c2csc(N)n2)C(=O)N1S(=O)(=O)O,CHEMBL3407427,J Med Chem,2015.0,CHEMBL158,AZTREONAM,CHEMBL158,0,http://www.openphacts.org/units/MicrogramPerMilliliter,2289892,>,1,1,>,MIC90,ug.mL-1,512.0,CHEMBL354,Escherichia coli,Escherichia coli,562.0,,MIC90,ug ml-1,UO_0000274,512.0,CHEMBL158,C[C@H]1[C@H](NC(=O)/C(=N\OC(C)(C)C(=O)O)c2csc(N)n2)C(=O)N1S(=O)(=O)O,12.562141912320484,12.562141912320484,0.0349535856009066,-4.756268639419342,0.174788224513646,20.5,435.44000000000017,418.30400000000014,435.051854504,154,0,0.3620751467724121,-0.4782270320177159,0.4782270320177159,0.3620751467724121,1.4642857142857142,2.071428571428572,2.5,32.24529764273617,10.00401161573638,2.513331128805475,-2.416338874010568,2.230948535260857,-2.707807208919476,7.836563836647012,-0.1608446168429468,2.971847309732629,2.2592762983237704,953.8851353067348,21.43879310982592,14.8114553779692,16.444448539824652,12.752743308167698,7.578995896792942,9.855612118054724,6.221230582074894,8.399971119282888,3.730567932227123,5.414072402778615,2.1128455580549623,3.54351374163482,-2.78,690205.5939907836,21.519292322605008,7.325918985638601,4.204134383579708,162.59031069995737,20.994572059745856,11.735768823996422,10.843243482610037,5.601050810983688,11.814359458703011,16.27347016397548,14.141824241834009,14.083731696315263,8.417796984328938,11.336785877934735,5.15571272675054,20.771211599071872,5.380062770465915,6.041840829147961,37.29827438881211,50.26785898322327,0.0,14.605983116249774,5.15571272675054,38.455944068351485,5.733667477162185,11.073990765314376,0.0,0.0,11.050456081168516,5.131558479839333,0.0,11.336785877934735,68.54635098380861,29.525365011975733,0.0,26.46513959392033,10.535775497216456,0.0,0.0,0.0,201.58,51.4842470947288,22.801408536544404,0.0,15.130702465984026,0.0,11.336785877934735,26.151274369537788,0.0,0.0,15.456479851704078,20.23053332942989,31.44978820569469,0.9796905422586336,44.39737831563419,16.334751159546904,3.256457088644816,-3.375611656986792,-2.3123389733980013,0.0,3.692820624691566,-4.756268639419342,0.4615384615384615,28,5,13,0,1,1,0,1,1,10,4,15,7,0,1,1,2,-1.172499999999998,95.65050000000004,1,0,0,1,0,1,0,0,1,1,3,2,0,0,0,3,1,1,0,0,0,0,0,0,0,0,0,2,0,1,0,0,0,0,0,0,0,0,0,0,0,0,0,0,0,0,0,0,0,0,0,0,0,1,0,0,0,0,0,0,0,0,0,1,0,0,0,0,0,0,0,0,0,0,0,0,0,0,0,0,1,0,0,0,0,562.0,Escherichia coli,Bacteria
116490,,15201625,CHEMBL3413003,Antimicrobial activity against Escherichia coli by broth microdilution method,F,BAO_0000179,BAO_0000218,organism-based format,C[C@H]1[C@H](NC(=O)/C(=N\OC(C)(C)C(=O)O)c2csc(N)n2)C(=O)N1S(=O)(=O)O,CHEMBL3407427,J Med Chem,2015.0,CHEMBL158,AZTREONAM,CHEMBL158,0,http://www.openphacts.org/units/MicrogramPerMilliliter,2289892,>,1,1,>,MIC90,ug.mL-1,512.0,CHEMBL354,Escherichia coli,Escherichia coli,562.0,,MIC90,ug ml-1,UO_0000274,512.0,CHEMBL158,C[C@H]1[C@H](NC(=O)/C(=N\OC(C)(C)C(=O)O)c2csc(N)n2)C(=O)N1S(=O)(=O)O,12.562141912320484,12.562141912320484,0.0349535856009066,-4.756268639419342,0.174788224513646,20.5,435.44000000000017,418.30400000000014,435.051854504,154,0,0.3620751467724121,-0.4782270320177159,0.4782270320177159,0.3620751467724121,1.4642857142857142,2.071428571428572,2.5,32.24529764273617,10.00401161573638,2.513331128805475,-2.416338874010568,2.230948535260857,-2.707807208919476,7.836563836647012,-0.1608446168429468,2.971847309732629,2.2592762983237704,953.8851353067348,21.43879310982592,14.8114553779692,16.444448539824652,12.752743308167698,7.578995896792942,9.855612118054724,6.221230582074894,8.399971119282888,3.730567932227123,5.414072402778615,2.1128455580549623,3.54351374163482,-2.78,690205.5939907836,21.519292322605008,7.325918985638601,4.204134383579708,162.59031069995737,20.994572059745856,11.735768823996422,10.843243482610037,5.601050810983688,11.814359458703011,16.27347016397548,14.141824241834009,14.083731696315263,8.417796984328938,11.336785877934735,5.15571272675054,20.771211599071872,5.380062770465915,6.041840829147961,37.29827438881211,50.26785898322327,0.0,14.605983116249774,5.15571272675054,38.455944068351485,5.733667477162185,11.073990765314376,0.0,0.0,11.050456081168516,5.131558479839333,0.0,11.336785877934735,68.54635098380861,29.525365011975733,0.0,26.46513959392033,10.535775497216456,0.0,0.0,0.0,201.58,51.4842470947288,22.801408536544404,0.0,15.130702465984026,0.0,11.336785877934735,26.151274369537788,0.0,0.0,15.456479851704078,20.23053332942989,31.44978820569469,0.9796905422586336,44.39737831563419,16.334751159546904,3.256457088644816,-3.375611656986792,-2.3123389733980013,0.0,3.692820624691566,-4.756268639419342,0.4615384615384615,28,5,13,0,1,1,0,1,1,10,4,15,7,0,1,1,2,-1.172499999999998,95.65050000000004,1,0,0,1,0,1,0,0,1,1,3,2,0,0,0,3,1,1,0,0,0,0,0,0,0,0,0,2,0,1,0,0,0,0,0,0,0,0,0,0,0,0,0,0,0,0,0,0,0,0,0,0,0,1,0,0,0,0,0,0,0,0,0,1,0,0,0,0,0,0,0,0,0,0,0,0,0,0,0,0,1,0,0,0,0,562.0,Escherichia coli,Bacteria
116490,,15201625,CHEMBL3413003,Antimicrobial activity against Escherichia coli by broth microdilution method,F,BAO_0000179,BAO_0000218,organism-based format,C[C@H]1[C@H](NC(=O)/C(=N\OC(C)(C)C(=O)O)c2csc(N)n2)C(=O)N1S(=O)(=O)O,CHEMBL3407427,J Med Chem,2015.0,CHEMBL158,AZTREONAM,CHEMBL158,0,http://www.openphacts.org/units/MicrogramPerMilliliter,2289892,>,1,1,>,MIC90,ug.mL-1,512.0,CHEMBL354,Escherichia coli,Escherichia coli,562.0,,MIC90,ug ml-1,UO_0000274,512.0,CHEMBL158,C[C@H]1[C@H](NC(=O)/C(=N\OC(C)(C)C(=O)O)c2csc(N)n2)C(=O)N1S(=O)(=O)O,12.562141912320484,12.562141912320484,0.0349535856009066,-4.756268639419342,0.174788224513646,20.5,435.44000000000017,418.30400000000014,435.051854504,154,0,0.3620751467724121,-0.4782270320177159,0.4782270320177159,0.3620751467724121,1.4642857142857142,2.071428571428572,2.5,32.24529764273617,10.00401161573638,2.513331128805475,-2.416338874010568,2.230948535260857,-2.707807208919476,7.836563836647012,-0.1608446168429468,2.971847309732629,2.2592762983237704,953.8851353067348,21.43879310982592,14.8114553779692,16.444448539824652,12.752743308167698,7.578995896792942,9.855612118054724,6.221230582074894,8.399971119282888,3.730567932227123,5.414072402778615,2.1128455580549623,3.54351374163482,-2.78,690205.5939907836,21.519292322605008,7.325918985638601,4.204134383579708,162.59031069995737,20.994572059745856,11.735768823996422,10.843243482610037,5.601050810983688,11.814359458703011,16.27347016397548,14.141824241834009,14.083731696315263,8.417796984328938,11.336785877934735,5.15571272675054,20.771211599071872,5.380062770465915,6.041840829147961,37.29827438881211,50.26785898322327,0.0,14.605983116249774,5.15571272675054,38.455944068351485,5.733667477162185,11.073990765314376,0.0,0.0,11.050456081168516,5.131558479839333,0.0,11.336785877934735,68.54635098380861,29.525365011975733,0.0,26.46513959392033,10.535775497216456,0.0,0.0,0.0,201.58,51.4842470947288,22.801408536544404,0.0,15.130702465984026,0.0,11.336785877934735,26.151274369537788,0.0,0.0,15.456479851704078,20.23053332942989,31.44978820569469,0.9796905422586336,44.39737831563419,16.334751159546904,3.256457088644816,-3.375611656986792,-2.3123389733980013,0.0,3.692820624691566,-4.756268639419342,0.4615384615384615,28,5,13,0,1,1,0,1,1,10,4,15,7,0,1,1,2,-1.172499999999998,95.65050000000004,1,0,0,1,0,1,0,0,1,1,3,2,0,0,0,3,1,1,0,0,0,0,0,0,0,0,0,2,0,1,0,0,0,0,0,0,0,0,0,0,0,0,0,0,0,0,0,0,0,0,0,0,0,1,0,0,0,0,0,0,0,0,0,1,0,0,0,0,0,0,0,0,0,0,0,0,0,0,0,0,1,0,0,0,0,562.0,Escherichia coli,Bacteria
116491,,15201630,CHEMBL3413004,Antimicrobial activity against Klebsiella pneumoniae by broth microdilution method,F,BAO_0000179,BAO_0000218,organism-based format,C[C@H]1[C@H](NC(=O)/C(=N\OC(C)(C)C(=O)O)c2csc(N)n2)C(=O)N1S(=O)(=O)O,CHEMBL3407427,J Med Chem,2015.0,CHEMBL158,AZTREONAM,CHEMBL158,0,http://www.openphacts.org/units/MicrogramPerMilliliter,2289892,>,1,1,>,MIC90,ug.mL-1,512.0,CHEMBL350,Klebsiella pneumoniae,Klebsiella pneumoniae,573.0,,MIC90,ug ml-1,UO_0000274,512.0,CHEMBL158,C[C@H]1[C@H](NC(=O)/C(=N\OC(C)(C)C(=O)O)c2csc(N)n2)C(=O)N1S(=O)(=O)O,12.562141912320484,12.562141912320484,0.0349535856009066,-4.756268639419342,0.174788224513646,20.5,435.44000000000017,418.30400000000014,435.051854504,154,0,0.3620751467724121,-0.4782270320177159,0.4782270320177159,0.3620751467724121,1.4642857142857142,2.071428571428572,2.5,32.24529764273617,10.00401161573638,2.513331128805475,-2.416338874010568,2.230948535260857,-2.707807208919476,7.836563836647012,-0.1608446168429468,2.971847309732629,2.2592762983237704,953.8851353067348,21.43879310982592,14.8114553779692,16.444448539824652,12.752743308167698,7.578995896792942,9.855612118054724,6.221230582074894,8.399971119282888,3.730567932227123,5.414072402778615,2.1128455580549623,3.54351374163482,-2.78,690205.5939907836,21.519292322605008,7.325918985638601,4.204134383579708,162.59031069995737,20.994572059745856,11.735768823996422,10.843243482610037,5.601050810983688,11.814359458703011,16.27347016397548,14.141824241834009,14.083731696315263,8.417796984328938,11.336785877934735,5.15571272675054,20.771211599071872,5.380062770465915,6.041840829147961,37.29827438881211,50.26785898322327,0.0,14.605983116249774,5.15571272675054,38.455944068351485,5.733667477162185,11.073990765314376,0.0,0.0,11.050456081168516,5.131558479839333,0.0,11.336785877934735,68.54635098380861,29.525365011975733,0.0,26.46513959392033,10.535775497216456,0.0,0.0,0.0,201.58,51.4842470947288,22.801408536544404,0.0,15.130702465984026,0.0,11.336785877934735,26.151274369537788,0.0,0.0,15.456479851704078,20.23053332942989,31.44978820569469,0.9796905422586336,44.39737831563419,16.334751159546904,3.256457088644816,-3.375611656986792,-2.3123389733980013,0.0,3.692820624691566,-4.756268639419342,0.4615384615384615,28,5,13,0,1,1,0,1,1,10,4,15,7,0,1,1,2,-1.172499999999998,95.65050000000004,1,0,0,1,0,1,0,0,1,1,3,2,0,0,0,3,1,1,0,0,0,0,0,0,0,0,0,2,0,1,0,0,0,0,0,0,0,0,0,0,0,0,0,0,0,0,0,0,0,0,0,0,0,1,0,0,0,0,0,0,0,0,0,1,0,0,0,0,0,0,0,0,0,0,0,0,0,0,0,0,1,0,0,0,0,573.0,Klebsiella pneumoniae,Bacteria
116491,,15201630,CHEMBL3413004,Antimicrobial activity against Klebsiella pneumoniae by broth microdilution method,F,BAO_0000179,BAO_0000218,organism-based format,C[C@H]1[C@H](NC(=O)/C(=N\OC(C)(C)C(=O)O)c2csc(N)n2)C(=O)N1S(=O)(=O)O,CHEMBL3407427,J Med Chem,2015.0,CHEMBL158,AZTREONAM,CHEMBL158,0,http://www.openphacts.org/units/MicrogramPerMilliliter,2289892,>,1,1,>,MIC90,ug.mL-1,512.0,CHEMBL350,Klebsiella pneumoniae,Klebsiella pneumoniae,573.0,,MIC90,ug ml-1,UO_0000274,512.0,CHEMBL158,C[C@H]1[C@H](NC(=O)/C(=N\OC(C)(C)C(=O)O)c2csc(N)n2)C(=O)N1S(=O)(=O)O,12.562141912320484,12.562141912320484,0.0349535856009066,-4.756268639419342,0.174788224513646,20.5,435.44000000000017,418.30400000000014,435.051854504,154,0,0.3620751467724121,-0.4782270320177159,0.4782270320177159,0.3620751467724121,1.4642857142857142,2.071428571428572,2.5,32.24529764273617,10.00401161573638,2.513331128805475,-2.416338874010568,2.230948535260857,-2.707807208919476,7.836563836647012,-0.1608446168429468,2.971847309732629,2.2592762983237704,953.8851353067348,21.43879310982592,14.8114553779692,16.444448539824652,12.752743308167698,7.578995896792942,9.855612118054724,6.221230582074894,8.399971119282888,3.730567932227123,5.414072402778615,2.1128455580549623,3.54351374163482,-2.78,690205.5939907836,21.519292322605008,7.325918985638601,4.204134383579708,162.59031069995737,20.994572059745856,11.735768823996422,10.843243482610037,5.601050810983688,11.814359458703011,16.27347016397548,14.141824241834009,14.083731696315263,8.417796984328938,11.336785877934735,5.15571272675054,20.771211599071872,5.380062770465915,6.041840829147961,37.29827438881211,50.26785898322327,0.0,14.605983116249774,5.15571272675054,38.455944068351485,5.733667477162185,11.073990765314376,0.0,0.0,11.050456081168516,5.131558479839333,0.0,11.336785877934735,68.54635098380861,29.525365011975733,0.0,26.46513959392033,10.535775497216456,0.0,0.0,0.0,201.58,51.4842470947288,22.801408536544404,0.0,15.130702465984026,0.0,11.336785877934735,26.151274369537788,0.0,0.0,15.456479851704078,20.23053332942989,31.44978820569469,0.9796905422586336,44.39737831563419,16.334751159546904,3.256457088644816,-3.375611656986792,-2.3123389733980013,0.0,3.692820624691566,-4.756268639419342,0.4615384615384615,28,5,13,0,1,1,0,1,1,10,4,15,7,0,1,1,2,-1.172499999999998,95.65050000000004,1,0,0,1,0,1,0,0,1,1,3,2,0,0,0,3,1,1,0,0,0,0,0,0,0,0,0,2,0,1,0,0,0,0,0,0,0,0,0,0,0,0,0,0,0,0,0,0,0,0,0,0,0,1,0,0,0,0,0,0,0,0,0,1,0,0,0,0,0,0,0,0,0,0,0,0,0,0,0,0,1,0,0,0,0,573.0,Klebsiella pneumoniae,Bacteria
116492,,15201635,CHEMBL3413005,Antimicrobial activity against Acinetobacter baumannii by broth microdilution method,F,BAO_0000179,BAO_0000218,organism-based format,C[C@H]1[C@H](NC(=O)/C(=N\OC(C)(C)C(=O)O)c2csc(N)n2)C(=O)N1S(=O)(=O)O,CHEMBL3407427,J Med Chem,2015.0,CHEMBL158,AZTREONAM,CHEMBL158,0,http://www.openphacts.org/units/MicrogramPerMilliliter,2289892,>,1,1,>,MIC90,ug.mL-1,512.0,CHEMBL614425,Acinetobacter baumannii,Acinetobacter baumannii,470.0,,MIC90,ug ml-1,UO_0000274,512.0,CHEMBL158,C[C@H]1[C@H](NC(=O)/C(=N\OC(C)(C)C(=O)O)c2csc(N)n2)C(=O)N1S(=O)(=O)O,12.562141912320484,12.562141912320484,0.0349535856009066,-4.756268639419342,0.174788224513646,20.5,435.44000000000017,418.30400000000014,435.051854504,154,0,0.3620751467724121,-0.4782270320177159,0.4782270320177159,0.3620751467724121,1.4642857142857142,2.071428571428572,2.5,32.24529764273617,10.00401161573638,2.513331128805475,-2.416338874010568,2.230948535260857,-2.707807208919476,7.836563836647012,-0.1608446168429468,2.971847309732629,2.2592762983237704,953.8851353067348,21.43879310982592,14.8114553779692,16.444448539824652,12.752743308167698,7.578995896792942,9.855612118054724,6.221230582074894,8.399971119282888,3.730567932227123,5.414072402778615,2.1128455580549623,3.54351374163482,-2.78,690205.5939907836,21.519292322605008,7.325918985638601,4.204134383579708,162.59031069995737,20.994572059745856,11.735768823996422,10.843243482610037,5.601050810983688,11.814359458703011,16.27347016397548,14.141824241834009,14.083731696315263,8.417796984328938,11.336785877934735,5.15571272675054,20.771211599071872,5.380062770465915,6.041840829147961,37.29827438881211,50.26785898322327,0.0,14.605983116249774,5.15571272675054,38.455944068351485,5.733667477162185,11.073990765314376,0.0,0.0,11.050456081168516,5.131558479839333,0.0,11.336785877934735,68.54635098380861,29.525365011975733,0.0,26.46513959392033,10.535775497216456,0.0,0.0,0.0,201.58,51.4842470947288,22.801408536544404,0.0,15.130702465984026,0.0,11.336785877934735,26.151274369537788,0.0,0.0,15.456479851704078,20.23053332942989,31.44978820569469,0.9796905422586336,44.39737831563419,16.334751159546904,3.256457088644816,-3.375611656986792,-2.3123389733980013,0.0,3.692820624691566,-4.756268639419342,0.4615384615384615,28,5,13,0,1,1,0,1,1,10,4,15,7,0,1,1,2,-1.172499999999998,95.65050000000004,1,0,0,1,0,1,0,0,1,1,3,2,0,0,0,3,1,1,0,0,0,0,0,0,0,0,0,2,0,1,0,0,0,0,0,0,0,0,0,0,0,0,0,0,0,0,0,0,0,0,0,0,0,1,0,0,0,0,0,0,0,0,0,1,0,0,0,0,0,0,0,0,0,0,0,0,0,0,0,0,1,0,0,0,0,470.0,Acinetobacter baumannii,Bacteria
116493,,15201645,CHEMBL3413007,"Half life in Wistar Han rat at 1 mg/kg, iv infusion",A,BAO_0002115,BAO_0000218,organism-based format,C[C@H]1[C@H](NC(=O)/C(=N\OC(C)(C)C(=O)O)c2csc(N)n2)C(=O)N1S(=O)(=O)O,CHEMBL3407427,J Med Chem,2015.0,CHEMBL158,AZTREONAM,CHEMBL158,0,http://qudt.org/vocab/unit#Hour,2289892,=,1,1,=,T1/2,hr,0.3,CHEMBL376,Rattus norvegicus,Rattus norvegicus,10116.0,,t1/2,hr,UO_0000032,0.3,CHEMBL158,C[C@H]1[C@H](NC(=O)/C(=N\OC(C)(C)C(=O)O)c2csc(N)n2)C(=O)N1S(=O)(=O)O,12.562141912320484,12.562141912320484,0.0349535856009066,-4.756268639419342,0.174788224513646,20.5,435.44000000000017,418.30400000000014,435.051854504,154,0,0.3620751467724121,-0.4782270320177159,0.4782270320177159,0.3620751467724121,1.4642857142857142,2.071428571428572,2.5,32.24529764273617,10.00401161573638,2.513331128805475,-2.416338874010568,2.230948535260857,-2.707807208919476,7.836563836647012,-0.1608446168429468,2.971847309732629,2.2592762983237704,953.8851353067348,21.43879310982592,14.8114553779692,16.444448539824652,12.752743308167698,7.578995896792942,9.855612118054724,6.221230582074894,8.399971119282888,3.730567932227123,5.414072402778615,2.1128455580549623,3.54351374163482,-2.78,690205.5939907836,21.519292322605008,7.325918985638601,4.204134383579708,162.59031069995737,20.994572059745856,11.735768823996422,10.843243482610037,5.601050810983688,11.814359458703011,16.27347016397548,14.141824241834009,14.083731696315263,8.417796984328938,11.336785877934735,5.15571272675054,20.771211599071872,5.380062770465915,6.041840829147961,37.29827438881211,50.26785898322327,0.0,14.605983116249774,5.15571272675054,38.455944068351485,5.733667477162185,11.073990765314376,0.0,0.0,11.050456081168516,5.131558479839333,0.0,11.336785877934735,68.54635098380861,29.525365011975733,0.0,26.46513959392033,10.535775497216456,0.0,0.0,0.0,201.58,51.4842470947288,22.801408536544404,0.0,15.130702465984026,0.0,11.336785877934735,26.151274369537788,0.0,0.0,15.456479851704078,20.23053332942989,31.44978820569469,0.9796905422586336,44.39737831563419,16.334751159546904,3.256457088644816,-3.375611656986792,-2.3123389733980013,0.0,3.692820624691566,-4.756268639419342,0.4615384615384615,28,5,13,0,1,1,0,1,1,10,4,15,7,0,1,1,2,-1.172499999999998,95.65050000000004,1,0,0,1,0,1,0,0,1,1,3,2,0,0,0,3,1,1,0,0,0,0,0,0,0,0,0,2,0,1,0,0,0,0,0,0,0,0,0,0,0,0,0,0,0,0,0,0,0,0,0,0,0,1,0,0,0,0,0,0,0,0,0,1,0,0,0,0,0,0,0,0,0,0,0,0,0,0,0,0,1,0,0,0,0,10116.0,Rattus norvegicus,Eukaryota
116494,,15201650,CHEMBL3413008,"Volume of distribution at steady state in Wistar Han rat at 1 mg/kg, iv infusion",A,BAO_0003041,BAO_0000218,organism-based format,C[C@H]1[C@H](NC(=O)/C(=N\OC(C)(C)C(=O)O)c2csc(N)n2)C(=O)N1S(=O)(=O)O,CHEMBL3407427,J Med Chem,2015.0,CHEMBL158,AZTREONAM,CHEMBL158,0,,2289892,=,1,1,=,Vdss,L.kg-1,0.44,CHEMBL376,Rattus norvegicus,Rattus norvegicus,10116.0,,Vdss,L/Kg,UO_0000197,0.44,CHEMBL158,C[C@H]1[C@H](NC(=O)/C(=N\OC(C)(C)C(=O)O)c2csc(N)n2)C(=O)N1S(=O)(=O)O,12.562141912320484,12.562141912320484,0.0349535856009066,-4.756268639419342,0.174788224513646,20.5,435.44000000000017,418.30400000000014,435.051854504,154,0,0.3620751467724121,-0.4782270320177159,0.4782270320177159,0.3620751467724121,1.4642857142857142,2.071428571428572,2.5,32.24529764273617,10.00401161573638,2.513331128805475,-2.416338874010568,2.230948535260857,-2.707807208919476,7.836563836647012,-0.1608446168429468,2.971847309732629,2.2592762983237704,953.8851353067348,21.43879310982592,14.8114553779692,16.444448539824652,12.752743308167698,7.578995896792942,9.855612118054724,6.221230582074894,8.399971119282888,3.730567932227123,5.414072402778615,2.1128455580549623,3.54351374163482,-2.78,690205.5939907836,21.519292322605008,7.325918985638601,4.204134383579708,162.59031069995737,20.994572059745856,11.735768823996422,10.843243482610037,5.601050810983688,11.814359458703011,16.27347016397548,14.141824241834009,14.083731696315263,8.417796984328938,11.336785877934735,5.15571272675054,20.771211599071872,5.380062770465915,6.041840829147961,37.29827438881211,50.26785898322327,0.0,14.605983116249774,5.15571272675054,38.455944068351485,5.733667477162185,11.073990765314376,0.0,0.0,11.050456081168516,5.131558479839333,0.0,11.336785877934735,68.54635098380861,29.525365011975733,0.0,26.46513959392033,10.535775497216456,0.0,0.0,0.0,201.58,51.4842470947288,22.801408536544404,0.0,15.130702465984026,0.0,11.336785877934735,26.151274369537788,0.0,0.0,15.456479851704078,20.23053332942989,31.44978820569469,0.9796905422586336,44.39737831563419,16.334751159546904,3.256457088644816,-3.375611656986792,-2.3123389733980013,0.0,3.692820624691566,-4.756268639419342,0.4615384615384615,28,5,13,0,1,1,0,1,1,10,4,15,7,0,1,1,2,-1.172499999999998,95.65050000000004,1,0,0,1,0,1,0,0,1,1,3,2,0,0,0,3,1,1,0,0,0,0,0,0,0,0,0,2,0,1,0,0,0,0,0,0,0,0,0,0,0,0,0,0,0,0,0,0,0,0,0,0,0,1,0,0,0,0,0,0,0,0,0,1,0,0,0,0,0,0,0,0,0,0,0,0,0,0,0,0,1,0,0,0,0,10116.0,Rattus norvegicus,Eukaryota
116495,,15615596,CHEMBL3584213,Antibacterial activity against Pseudomonas aeruginosa PAO1 by broth microdilution method,F,BAO_0002146,BAO_0000218,organism-based format,C[C@H]1[C@H](NC(=O)/C(=N\OC(C)(C)C(=O)O)c2csc(N)n2)C(=O)N1S(=O)(=O)O,CHEMBL3580646,ACS Med Chem Lett,2015.0,CHEMBL158,AZTREONAM,CHEMBL158,0,http://www.openphacts.org/units/MicrogramPerMilliliter,2483296,=,1,1,=,MIC,ug.mL-1,4.0,CHEMBL348,Pseudomonas aeruginosa,Pseudomonas aeruginosa,287.0,,MIC,ug ml-1,UO_0000274,4.0,CHEMBL158,C[C@H]1[C@H](NC(=O)/C(=N\OC(C)(C)C(=O)O)c2csc(N)n2)C(=O)N1S(=O)(=O)O,12.562141912320484,12.562141912320484,0.0349535856009066,-4.756268639419342,0.174788224513646,20.5,435.44000000000017,418.30400000000014,435.051854504,154,0,0.3620751467724121,-0.4782270320177159,0.4782270320177159,0.3620751467724121,1.4642857142857142,2.071428571428572,2.5,32.24529764273617,10.00401161573638,2.513331128805475,-2.416338874010568,2.230948535260857,-2.707807208919476,7.836563836647012,-0.1608446168429468,2.971847309732629,2.2592762983237704,953.8851353067348,21.43879310982592,14.8114553779692,16.444448539824652,12.752743308167698,7.578995896792942,9.855612118054724,6.221230582074894,8.399971119282888,3.730567932227123,5.414072402778615,2.1128455580549623,3.54351374163482,-2.78,690205.5939907836,21.519292322605008,7.325918985638601,4.204134383579708,162.59031069995737,20.994572059745856,11.735768823996422,10.843243482610037,5.601050810983688,11.814359458703011,16.27347016397548,14.141824241834009,14.083731696315263,8.417796984328938,11.336785877934735,5.15571272675054,20.771211599071872,5.380062770465915,6.041840829147961,37.29827438881211,50.26785898322327,0.0,14.605983116249774,5.15571272675054,38.455944068351485,5.733667477162185,11.073990765314376,0.0,0.0,11.050456081168516,5.131558479839333,0.0,11.336785877934735,68.54635098380861,29.525365011975733,0.0,26.46513959392033,10.535775497216456,0.0,0.0,0.0,201.58,51.4842470947288,22.801408536544404,0.0,15.130702465984026,0.0,11.336785877934735,26.151274369537788,0.0,0.0,15.456479851704078,20.23053332942989,31.44978820569469,0.9796905422586336,44.39737831563419,16.334751159546904,3.256457088644816,-3.375611656986792,-2.3123389733980013,0.0,3.692820624691566,-4.756268639419342,0.4615384615384615,28,5,13,0,1,1,0,1,1,10,4,15,7,0,1,1,2,-1.172499999999998,95.65050000000004,1,0,0,1,0,1,0,0,1,1,3,2,0,0,0,3,1,1,0,0,0,0,0,0,0,0,0,2,0,1,0,0,0,0,0,0,0,0,0,0,0,0,0,0,0,0,0,0,0,0,0,0,0,1,0,0,0,0,0,0,0,0,0,1,0,0,0,0,0,0,0,0,0,0,0,0,0,0,0,0,1,0,0,0,0,287.0,Pseudomonas aeruginosa,Bacteria
116495,,15615596,CHEMBL3584213,Antibacterial activity against Pseudomonas aeruginosa PAO1 by broth microdilution method,F,BAO_0002146,BAO_0000218,organism-based format,C[C@H]1[C@H](NC(=O)/C(=N\OC(C)(C)C(=O)O)c2csc(N)n2)C(=O)N1S(=O)(=O)O,CHEMBL3580646,ACS Med Chem Lett,2015.0,CHEMBL158,AZTREONAM,CHEMBL158,0,http://www.openphacts.org/units/MicrogramPerMilliliter,2483296,=,1,1,=,MIC,ug.mL-1,4.0,CHEMBL348,Pseudomonas aeruginosa,Pseudomonas aeruginosa,287.0,,MIC,ug ml-1,UO_0000274,4.0,CHEMBL158,C[C@H]1[C@H](NC(=O)/C(=N\OC(C)(C)C(=O)O)c2csc(N)n2)C(=O)N1S(=O)(=O)O,12.562141912320484,12.562141912320484,0.0349535856009066,-4.756268639419342,0.174788224513646,20.5,435.44000000000017,418.30400000000014,435.051854504,154,0,0.3620751467724121,-0.4782270320177159,0.4782270320177159,0.3620751467724121,1.4642857142857142,2.071428571428572,2.5,32.24529764273617,10.00401161573638,2.513331128805475,-2.416338874010568,2.230948535260857,-2.707807208919476,7.836563836647012,-0.1608446168429468,2.971847309732629,2.2592762983237704,953.8851353067348,21.43879310982592,14.8114553779692,16.444448539824652,12.752743308167698,7.578995896792942,9.855612118054724,6.221230582074894,8.399971119282888,3.730567932227123,5.414072402778615,2.1128455580549623,3.54351374163482,-2.78,690205.5939907836,21.519292322605008,7.325918985638601,4.204134383579708,162.59031069995737,20.994572059745856,11.735768823996422,10.843243482610037,5.601050810983688,11.814359458703011,16.27347016397548,14.141824241834009,14.083731696315263,8.417796984328938,11.336785877934735,5.15571272675054,20.771211599071872,5.380062770465915,6.041840829147961,37.29827438881211,50.26785898322327,0.0,14.605983116249774,5.15571272675054,38.455944068351485,5.733667477162185,11.073990765314376,0.0,0.0,11.050456081168516,5.131558479839333,0.0,11.336785877934735,68.54635098380861,29.525365011975733,0.0,26.46513959392033,10.535775497216456,0.0,0.0,0.0,201.58,51.4842470947288,22.801408536544404,0.0,15.130702465984026,0.0,11.336785877934735,26.151274369537788,0.0,0.0,15.456479851704078,20.23053332942989,31.44978820569469,0.9796905422586336,44.39737831563419,16.334751159546904,3.256457088644816,-3.375611656986792,-2.3123389733980013,0.0,3.692820624691566,-4.756268639419342,0.4615384615384615,28,5,13,0,1,1,0,1,1,10,4,15,7,0,1,1,2,-1.172499999999998,95.65050000000004,1,0,0,1,0,1,0,0,1,1,3,2,0,0,0,3,1,1,0,0,0,0,0,0,0,0,0,2,0,1,0,0,0,0,0,0,0,0,0,0,0,0,0,0,0,0,0,0,0,0,0,0,0,1,0,0,0,0,0,0,0,0,0,1,0,0,0,0,0,0,0,0,0,0,0,0,0,0,0,0,1,0,0,0,0,287.0,Pseudomonas aeruginosa,Bacteria
116495,,15615596,CHEMBL3584213,Antibacterial activity against Pseudomonas aeruginosa PAO1 by broth microdilution method,F,BAO_0002146,BAO_0000218,organism-based format,C[C@H]1[C@H](NC(=O)/C(=N\OC(C)(C)C(=O)O)c2csc(N)n2)C(=O)N1S(=O)(=O)O,CHEMBL3580646,ACS Med Chem Lett,2015.0,CHEMBL158,AZTREONAM,CHEMBL158,0,http://www.openphacts.org/units/MicrogramPerMilliliter,2483296,=,1,1,=,MIC,ug.mL-1,4.0,CHEMBL348,Pseudomonas aeruginosa,Pseudomonas aeruginosa,287.0,,MIC,ug ml-1,UO_0000274,4.0,CHEMBL158,C[C@H]1[C@H](NC(=O)/C(=N\OC(C)(C)C(=O)O)c2csc(N)n2)C(=O)N1S(=O)(=O)O,12.562141912320484,12.562141912320484,0.0349535856009066,-4.756268639419342,0.174788224513646,20.5,435.44000000000017,418.30400000000014,435.051854504,154,0,0.3620751467724121,-0.4782270320177159,0.4782270320177159,0.3620751467724121,1.4642857142857142,2.071428571428572,2.5,32.24529764273617,10.00401161573638,2.513331128805475,-2.416338874010568,2.230948535260857,-2.707807208919476,7.836563836647012,-0.1608446168429468,2.971847309732629,2.2592762983237704,953.8851353067348,21.43879310982592,14.8114553779692,16.444448539824652,12.752743308167698,7.578995896792942,9.855612118054724,6.221230582074894,8.399971119282888,3.730567932227123,5.414072402778615,2.1128455580549623,3.54351374163482,-2.78,690205.5939907836,21.519292322605008,7.325918985638601,4.204134383579708,162.59031069995737,20.994572059745856,11.735768823996422,10.843243482610037,5.601050810983688,11.814359458703011,16.27347016397548,14.141824241834009,14.083731696315263,8.417796984328938,11.336785877934735,5.15571272675054,20.771211599071872,5.380062770465915,6.041840829147961,37.29827438881211,50.26785898322327,0.0,14.605983116249774,5.15571272675054,38.455944068351485,5.733667477162185,11.073990765314376,0.0,0.0,11.050456081168516,5.131558479839333,0.0,11.336785877934735,68.54635098380861,29.525365011975733,0.0,26.46513959392033,10.535775497216456,0.0,0.0,0.0,201.58,51.4842470947288,22.801408536544404,0.0,15.130702465984026,0.0,11.336785877934735,26.151274369537788,0.0,0.0,15.456479851704078,20.23053332942989,31.44978820569469,0.9796905422586336,44.39737831563419,16.334751159546904,3.256457088644816,-3.375611656986792,-2.3123389733980013,0.0,3.692820624691566,-4.756268639419342,0.4615384615384615,28,5,13,0,1,1,0,1,1,10,4,15,7,0,1,1,2,-1.172499999999998,95.65050000000004,1,0,0,1,0,1,0,0,1,1,3,2,0,0,0,3,1,1,0,0,0,0,0,0,0,0,0,2,0,1,0,0,0,0,0,0,0,0,0,0,0,0,0,0,0,0,0,0,0,0,0,0,0,1,0,0,0,0,0,0,0,0,0,1,0,0,0,0,0,0,0,0,0,0,0,0,0,0,0,0,1,0,0,0,0,287.0,Pseudomonas aeruginosa,Bacteria
116496,,15615599,CHEMBL3584219,Antibacterial activity against Pseudomonas aeruginosa,F,BAO_0000179,BAO_0000218,organism-based format,C[C@H]1[C@H](NC(=O)/C(=N\OC(C)(C)C(=O)O)c2csc(N)n2)C(=O)N1S(=O)(=O)O,CHEMBL3580646,ACS Med Chem Lett,2015.0,CHEMBL158,AZTREONAM,CHEMBL158,0,http://www.openphacts.org/units/MicrogramPerMilliliter,2483296,>=,1,1,>=,MIC90,ug.mL-1,1024.0,CHEMBL348,Pseudomonas aeruginosa,Pseudomonas aeruginosa,287.0,,MIC90,ug ml-1,UO_0000274,1024.0,CHEMBL158,C[C@H]1[C@H](NC(=O)/C(=N\OC(C)(C)C(=O)O)c2csc(N)n2)C(=O)N1S(=O)(=O)O,12.562141912320484,12.562141912320484,0.0349535856009066,-4.756268639419342,0.174788224513646,20.5,435.44000000000017,418.30400000000014,435.051854504,154,0,0.3620751467724121,-0.4782270320177159,0.4782270320177159,0.3620751467724121,1.4642857142857142,2.071428571428572,2.5,32.24529764273617,10.00401161573638,2.513331128805475,-2.416338874010568,2.230948535260857,-2.707807208919476,7.836563836647012,-0.1608446168429468,2.971847309732629,2.2592762983237704,953.8851353067348,21.43879310982592,14.8114553779692,16.444448539824652,12.752743308167698,7.578995896792942,9.855612118054724,6.221230582074894,8.399971119282888,3.730567932227123,5.414072402778615,2.1128455580549623,3.54351374163482,-2.78,690205.5939907836,21.519292322605008,7.325918985638601,4.204134383579708,162.59031069995737,20.994572059745856,11.735768823996422,10.843243482610037,5.601050810983688,11.814359458703011,16.27347016397548,14.141824241834009,14.083731696315263,8.417796984328938,11.336785877934735,5.15571272675054,20.771211599071872,5.380062770465915,6.041840829147961,37.29827438881211,50.26785898322327,0.0,14.605983116249774,5.15571272675054,38.455944068351485,5.733667477162185,11.073990765314376,0.0,0.0,11.050456081168516,5.131558479839333,0.0,11.336785877934735,68.54635098380861,29.525365011975733,0.0,26.46513959392033,10.535775497216456,0.0,0.0,0.0,201.58,51.4842470947288,22.801408536544404,0.0,15.130702465984026,0.0,11.336785877934735,26.151274369537788,0.0,0.0,15.456479851704078,20.23053332942989,31.44978820569469,0.9796905422586336,44.39737831563419,16.334751159546904,3.256457088644816,-3.375611656986792,-2.3123389733980013,0.0,3.692820624691566,-4.756268639419342,0.4615384615384615,28,5,13,0,1,1,0,1,1,10,4,15,7,0,1,1,2,-1.172499999999998,95.65050000000004,1,0,0,1,0,1,0,0,1,1,3,2,0,0,0,3,1,1,0,0,0,0,0,0,0,0,0,2,0,1,0,0,0,0,0,0,0,0,0,0,0,0,0,0,0,0,0,0,0,0,0,0,0,1,0,0,0,0,0,0,0,0,0,1,0,0,0,0,0,0,0,0,0,0,0,0,0,0,0,0,1,0,0,0,0,287.0,Pseudomonas aeruginosa,Bacteria
116496,,15615599,CHEMBL3584219,Antibacterial activity against Pseudomonas aeruginosa,F,BAO_0000179,BAO_0000218,organism-based format,C[C@H]1[C@H](NC(=O)/C(=N\OC(C)(C)C(=O)O)c2csc(N)n2)C(=O)N1S(=O)(=O)O,CHEMBL3580646,ACS Med Chem Lett,2015.0,CHEMBL158,AZTREONAM,CHEMBL158,0,http://www.openphacts.org/units/MicrogramPerMilliliter,2483296,>=,1,1,>=,MIC90,ug.mL-1,1024.0,CHEMBL348,Pseudomonas aeruginosa,Pseudomonas aeruginosa,287.0,,MIC90,ug ml-1,UO_0000274,1024.0,CHEMBL158,C[C@H]1[C@H](NC(=O)/C(=N\OC(C)(C)C(=O)O)c2csc(N)n2)C(=O)N1S(=O)(=O)O,12.562141912320484,12.562141912320484,0.0349535856009066,-4.756268639419342,0.174788224513646,20.5,435.44000000000017,418.30400000000014,435.051854504,154,0,0.3620751467724121,-0.4782270320177159,0.4782270320177159,0.3620751467724121,1.4642857142857142,2.071428571428572,2.5,32.24529764273617,10.00401161573638,2.513331128805475,-2.416338874010568,2.230948535260857,-2.707807208919476,7.836563836647012,-0.1608446168429468,2.971847309732629,2.2592762983237704,953.8851353067348,21.43879310982592,14.8114553779692,16.444448539824652,12.752743308167698,7.578995896792942,9.855612118054724,6.221230582074894,8.399971119282888,3.730567932227123,5.414072402778615,2.1128455580549623,3.54351374163482,-2.78,690205.5939907836,21.519292322605008,7.325918985638601,4.204134383579708,162.59031069995737,20.994572059745856,11.735768823996422,10.843243482610037,5.601050810983688,11.814359458703011,16.27347016397548,14.141824241834009,14.083731696315263,8.417796984328938,11.336785877934735,5.15571272675054,20.771211599071872,5.380062770465915,6.041840829147961,37.29827438881211,50.26785898322327,0.0,14.605983116249774,5.15571272675054,38.455944068351485,5.733667477162185,11.073990765314376,0.0,0.0,11.050456081168516,5.131558479839333,0.0,11.336785877934735,68.54635098380861,29.525365011975733,0.0,26.46513959392033,10.535775497216456,0.0,0.0,0.0,201.58,51.4842470947288,22.801408536544404,0.0,15.130702465984026,0.0,11.336785877934735,26.151274369537788,0.0,0.0,15.456479851704078,20.23053332942989,31.44978820569469,0.9796905422586336,44.39737831563419,16.334751159546904,3.256457088644816,-3.375611656986792,-2.3123389733980013,0.0,3.692820624691566,-4.756268639419342,0.4615384615384615,28,5,13,0,1,1,0,1,1,10,4,15,7,0,1,1,2,-1.172499999999998,95.65050000000004,1,0,0,1,0,1,0,0,1,1,3,2,0,0,0,3,1,1,0,0,0,0,0,0,0,0,0,2,0,1,0,0,0,0,0,0,0,0,0,0,0,0,0,0,0,0,0,0,0,0,0,0,0,1,0,0,0,0,0,0,0,0,0,1,0,0,0,0,0,0,0,0,0,0,0,0,0,0,0,0,1,0,0,0,0,287.0,Pseudomonas aeruginosa,Bacteria
116496,,15615599,CHEMBL3584219,Antibacterial activity against Pseudomonas aeruginosa,F,BAO_0000179,BAO_0000218,organism-based format,C[C@H]1[C@H](NC(=O)/C(=N\OC(C)(C)C(=O)O)c2csc(N)n2)C(=O)N1S(=O)(=O)O,CHEMBL3580646,ACS Med Chem Lett,2015.0,CHEMBL158,AZTREONAM,CHEMBL158,0,http://www.openphacts.org/units/MicrogramPerMilliliter,2483296,>=,1,1,>=,MIC90,ug.mL-1,1024.0,CHEMBL348,Pseudomonas aeruginosa,Pseudomonas aeruginosa,287.0,,MIC90,ug ml-1,UO_0000274,1024.0,CHEMBL158,C[C@H]1[C@H](NC(=O)/C(=N\OC(C)(C)C(=O)O)c2csc(N)n2)C(=O)N1S(=O)(=O)O,12.562141912320484,12.562141912320484,0.0349535856009066,-4.756268639419342,0.174788224513646,20.5,435.44000000000017,418.30400000000014,435.051854504,154,0,0.3620751467724121,-0.4782270320177159,0.4782270320177159,0.3620751467724121,1.4642857142857142,2.071428571428572,2.5,32.24529764273617,10.00401161573638,2.513331128805475,-2.416338874010568,2.230948535260857,-2.707807208919476,7.836563836647012,-0.1608446168429468,2.971847309732629,2.2592762983237704,953.8851353067348,21.43879310982592,14.8114553779692,16.444448539824652,12.752743308167698,7.578995896792942,9.855612118054724,6.221230582074894,8.399971119282888,3.730567932227123,5.414072402778615,2.1128455580549623,3.54351374163482,-2.78,690205.5939907836,21.519292322605008,7.325918985638601,4.204134383579708,162.59031069995737,20.994572059745856,11.735768823996422,10.843243482610037,5.601050810983688,11.814359458703011,16.27347016397548,14.141824241834009,14.083731696315263,8.417796984328938,11.336785877934735,5.15571272675054,20.771211599071872,5.380062770465915,6.041840829147961,37.29827438881211,50.26785898322327,0.0,14.605983116249774,5.15571272675054,38.455944068351485,5.733667477162185,11.073990765314376,0.0,0.0,11.050456081168516,5.131558479839333,0.0,11.336785877934735,68.54635098380861,29.525365011975733,0.0,26.46513959392033,10.535775497216456,0.0,0.0,0.0,201.58,51.4842470947288,22.801408536544404,0.0,15.130702465984026,0.0,11.336785877934735,26.151274369537788,0.0,0.0,15.456479851704078,20.23053332942989,31.44978820569469,0.9796905422586336,44.39737831563419,16.334751159546904,3.256457088644816,-3.375611656986792,-2.3123389733980013,0.0,3.692820624691566,-4.756268639419342,0.4615384615384615,28,5,13,0,1,1,0,1,1,10,4,15,7,0,1,1,2,-1.172499999999998,95.65050000000004,1,0,0,1,0,1,0,0,1,1,3,2,0,0,0,3,1,1,0,0,0,0,0,0,0,0,0,2,0,1,0,0,0,0,0,0,0,0,0,0,0,0,0,0,0,0,0,0,0,0,0,0,0,1,0,0,0,0,0,0,0,0,0,1,0,0,0,0,0,0,0,0,0,0,0,0,0,0,0,0,1,0,0,0,0,287.0,Pseudomonas aeruginosa,Bacteria
116498,,16474848,CHEMBL3766442,Antibacterial activity against beta-lactamase producing Enterobacter cloacae 45301 after 18 hrs by agar dilution assay,F,BAO_0002146,BAO_0000218,organism-based format,C[C@H]1[C@H](NC(=O)/C(=N\OC(C)(C)C(=O)O)c2csc(N)n2)C(=O)N1S(=O)(=O)O,CHEMBL3763031,Eur J Med Chem,2016.0,CHEMBL158,AZTREONAM,CHEMBL158,0,http://www.openphacts.org/units/MicrogramPerMilliliter,2757737,=,1,1,=,MIC,ug.mL-1,0.25,CHEMBL349,Enterobacter cloacae,Enterobacter cloacae,550.0,,MIC,ug ml-1,UO_0000274,0.25,CHEMBL158,C[C@H]1[C@H](NC(=O)/C(=N\OC(C)(C)C(=O)O)c2csc(N)n2)C(=O)N1S(=O)(=O)O,12.562141912320484,12.562141912320484,0.0349535856009066,-4.756268639419342,0.174788224513646,20.5,435.44000000000017,418.30400000000014,435.051854504,154,0,0.3620751467724121,-0.4782270320177159,0.4782270320177159,0.3620751467724121,1.4642857142857142,2.071428571428572,2.5,32.24529764273617,10.00401161573638,2.513331128805475,-2.416338874010568,2.230948535260857,-2.707807208919476,7.836563836647012,-0.1608446168429468,2.971847309732629,2.2592762983237704,953.8851353067348,21.43879310982592,14.8114553779692,16.444448539824652,12.752743308167698,7.578995896792942,9.855612118054724,6.221230582074894,8.399971119282888,3.730567932227123,5.414072402778615,2.1128455580549623,3.54351374163482,-2.78,690205.5939907836,21.519292322605008,7.325918985638601,4.204134383579708,162.59031069995737,20.994572059745856,11.735768823996422,10.843243482610037,5.601050810983688,11.814359458703011,16.27347016397548,14.141824241834009,14.083731696315263,8.417796984328938,11.336785877934735,5.15571272675054,20.771211599071872,5.380062770465915,6.041840829147961,37.29827438881211,50.26785898322327,0.0,14.605983116249774,5.15571272675054,38.455944068351485,5.733667477162185,11.073990765314376,0.0,0.0,11.050456081168516,5.131558479839333,0.0,11.336785877934735,68.54635098380861,29.525365011975733,0.0,26.46513959392033,10.535775497216456,0.0,0.0,0.0,201.58,51.4842470947288,22.801408536544404,0.0,15.130702465984026,0.0,11.336785877934735,26.151274369537788,0.0,0.0,15.456479851704078,20.23053332942989,31.44978820569469,0.9796905422586336,44.39737831563419,16.334751159546904,3.256457088644816,-3.375611656986792,-2.3123389733980013,0.0,3.692820624691566,-4.756268639419342,0.4615384615384615,28,5,13,0,1,1,0,1,1,10,4,15,7,0,1,1,2,-1.172499999999998,95.65050000000004,1,0,0,1,0,1,0,0,1,1,3,2,0,0,0,3,1,1,0,0,0,0,0,0,0,0,0,2,0,1,0,0,0,0,0,0,0,0,0,0,0,0,0,0,0,0,0,0,0,0,0,0,0,1,0,0,0,0,0,0,0,0,0,1,0,0,0,0,0,0,0,0,0,0,0,0,0,0,0,0,1,0,0,0,0,550.0,Enterobacter cloacae,Bacteria
116499,,16474864,CHEMBL3766441,Antibacterial activity against beta-lactamase producing Enterobacter aerogenes 45102 after 18 hrs by agar dilution assay,F,BAO_0002146,BAO_0000218,organism-based format,C[C@H]1[C@H](NC(=O)/C(=N\OC(C)(C)C(=O)O)c2csc(N)n2)C(=O)N1S(=O)(=O)O,CHEMBL3763031,Eur J Med Chem,2016.0,CHEMBL158,AZTREONAM,CHEMBL158,0,http://www.openphacts.org/units/MicrogramPerMilliliter,2757737,<=,1,1,<=,MIC,ug.mL-1,0.03,CHEMBL612508,Klebsiella aerogenes,Klebsiella aerogenes,548.0,,MIC,ug ml-1,UO_0000274,0.03,CHEMBL158,C[C@H]1[C@H](NC(=O)/C(=N\OC(C)(C)C(=O)O)c2csc(N)n2)C(=O)N1S(=O)(=O)O,12.562141912320484,12.562141912320484,0.0349535856009066,-4.756268639419342,0.174788224513646,20.5,435.44000000000017,418.30400000000014,435.051854504,154,0,0.3620751467724121,-0.4782270320177159,0.4782270320177159,0.3620751467724121,1.4642857142857142,2.071428571428572,2.5,32.24529764273617,10.00401161573638,2.513331128805475,-2.416338874010568,2.230948535260857,-2.707807208919476,7.836563836647012,-0.1608446168429468,2.971847309732629,2.2592762983237704,953.8851353067348,21.43879310982592,14.8114553779692,16.444448539824652,12.752743308167698,7.578995896792942,9.855612118054724,6.221230582074894,8.399971119282888,3.730567932227123,5.414072402778615,2.1128455580549623,3.54351374163482,-2.78,690205.5939907836,21.519292322605008,7.325918985638601,4.204134383579708,162.59031069995737,20.994572059745856,11.735768823996422,10.843243482610037,5.601050810983688,11.814359458703011,16.27347016397548,14.141824241834009,14.083731696315263,8.417796984328938,11.336785877934735,5.15571272675054,20.771211599071872,5.380062770465915,6.041840829147961,37.29827438881211,50.26785898322327,0.0,14.605983116249774,5.15571272675054,38.455944068351485,5.733667477162185,11.073990765314376,0.0,0.0,11.050456081168516,5.131558479839333,0.0,11.336785877934735,68.54635098380861,29.525365011975733,0.0,26.46513959392033,10.535775497216456,0.0,0.0,0.0,201.58,51.4842470947288,22.801408536544404,0.0,15.130702465984026,0.0,11.336785877934735,26.151274369537788,0.0,0.0,15.456479851704078,20.23053332942989,31.44978820569469,0.9796905422586336,44.39737831563419,16.334751159546904,3.256457088644816,-3.375611656986792,-2.3123389733980013,0.0,3.692820624691566,-4.756268639419342,0.4615384615384615,28,5,13,0,1,1,0,1,1,10,4,15,7,0,1,1,2,-1.172499999999998,95.65050000000004,1,0,0,1,0,1,0,0,1,1,3,2,0,0,0,3,1,1,0,0,0,0,0,0,0,0,0,2,0,1,0,0,0,0,0,0,0,0,0,0,0,0,0,0,0,0,0,0,0,0,0,0,0,1,0,0,0,0,0,0,0,0,0,1,0,0,0,0,0,0,0,0,0,0,0,0,0,0,0,0,1,0,0,0,0,548.0,Klebsiella aerogenes,Bacteria
116500,,16474875,CHEMBL3766436,Antibacterial activity against Providencia rettgeri 31052 after 18 hrs by agar dilution assay,F,BAO_0002146,BAO_0000218,organism-based format,C[C@H]1[C@H](NC(=O)/C(=N\OC(C)(C)C(=O)O)c2csc(N)n2)C(=O)N1S(=O)(=O)O,CHEMBL3763031,Eur J Med Chem,2016.0,CHEMBL158,AZTREONAM,CHEMBL158,0,http://www.openphacts.org/units/MicrogramPerMilliliter,2757737,<=,1,1,<=,MIC,ug.mL-1,0.03,CHEMBL612537,Providencia rettgeri,Providencia rettgeri,587.0,,MIC,ug ml-1,UO_0000274,0.03,CHEMBL158,C[C@H]1[C@H](NC(=O)/C(=N\OC(C)(C)C(=O)O)c2csc(N)n2)C(=O)N1S(=O)(=O)O,12.562141912320484,12.562141912320484,0.0349535856009066,-4.756268639419342,0.174788224513646,20.5,435.44000000000017,418.30400000000014,435.051854504,154,0,0.3620751467724121,-0.4782270320177159,0.4782270320177159,0.3620751467724121,1.4642857142857142,2.071428571428572,2.5,32.24529764273617,10.00401161573638,2.513331128805475,-2.416338874010568,2.230948535260857,-2.707807208919476,7.836563836647012,-0.1608446168429468,2.971847309732629,2.2592762983237704,953.8851353067348,21.43879310982592,14.8114553779692,16.444448539824652,12.752743308167698,7.578995896792942,9.855612118054724,6.221230582074894,8.399971119282888,3.730567932227123,5.414072402778615,2.1128455580549623,3.54351374163482,-2.78,690205.5939907836,21.519292322605008,7.325918985638601,4.204134383579708,162.59031069995737,20.994572059745856,11.735768823996422,10.843243482610037,5.601050810983688,11.814359458703011,16.27347016397548,14.141824241834009,14.083731696315263,8.417796984328938,11.336785877934735,5.15571272675054,20.771211599071872,5.380062770465915,6.041840829147961,37.29827438881211,50.26785898322327,0.0,14.605983116249774,5.15571272675054,38.455944068351485,5.733667477162185,11.073990765314376,0.0,0.0,11.050456081168516,5.131558479839333,0.0,11.336785877934735,68.54635098380861,29.525365011975733,0.0,26.46513959392033,10.535775497216456,0.0,0.0,0.0,201.58,51.4842470947288,22.801408536544404,0.0,15.130702465984026,0.0,11.336785877934735,26.151274369537788,0.0,0.0,15.456479851704078,20.23053332942989,31.44978820569469,0.9796905422586336,44.39737831563419,16.334751159546904,3.256457088644816,-3.375611656986792,-2.3123389733980013,0.0,3.692820624691566,-4.756268639419342,0.4615384615384615,28,5,13,0,1,1,0,1,1,10,4,15,7,0,1,1,2,-1.172499999999998,95.65050000000004,1,0,0,1,0,1,0,0,1,1,3,2,0,0,0,3,1,1,0,0,0,0,0,0,0,0,0,2,0,1,0,0,0,0,0,0,0,0,0,0,0,0,0,0,0,0,0,0,0,0,0,0,0,1,0,0,0,0,0,0,0,0,0,1,0,0,0,0,0,0,0,0,0,0,0,0,0,0,0,0,1,0,0,0,0,587.0,Providencia rettgeri,Bacteria
116501,,16474891,CHEMBL3766439,Antibacterial activity against beta-lactamase producing Morganella morganii 25830 after 18 hrs by agar dilution assay,F,BAO_0002146,BAO_0000218,organism-based format,C[C@H]1[C@H](NC(=O)/C(=N\OC(C)(C)C(=O)O)c2csc(N)n2)C(=O)N1S(=O)(=O)O,CHEMBL3763031,Eur J Med Chem,2016.0,CHEMBL158,AZTREONAM,CHEMBL158,0,http://www.openphacts.org/units/MicrogramPerMilliliter,2757737,=,1,1,=,MIC,ug.mL-1,0.125,CHEMBL614443,Morganella morganii,Morganella morganii,582.0,,MIC,ug ml-1,UO_0000274,0.125,CHEMBL158,C[C@H]1[C@H](NC(=O)/C(=N\OC(C)(C)C(=O)O)c2csc(N)n2)C(=O)N1S(=O)(=O)O,12.562141912320484,12.562141912320484,0.0349535856009066,-4.756268639419342,0.174788224513646,20.5,435.44000000000017,418.30400000000014,435.051854504,154,0,0.3620751467724121,-0.4782270320177159,0.4782270320177159,0.3620751467724121,1.4642857142857142,2.071428571428572,2.5,32.24529764273617,10.00401161573638,2.513331128805475,-2.416338874010568,2.230948535260857,-2.707807208919476,7.836563836647012,-0.1608446168429468,2.971847309732629,2.2592762983237704,953.8851353067348,21.43879310982592,14.8114553779692,16.444448539824652,12.752743308167698,7.578995896792942,9.855612118054724,6.221230582074894,8.399971119282888,3.730567932227123,5.414072402778615,2.1128455580549623,3.54351374163482,-2.78,690205.5939907836,21.519292322605008,7.325918985638601,4.204134383579708,162.59031069995737,20.994572059745856,11.735768823996422,10.843243482610037,5.601050810983688,11.814359458703011,16.27347016397548,14.141824241834009,14.083731696315263,8.417796984328938,11.336785877934735,5.15571272675054,20.771211599071872,5.380062770465915,6.041840829147961,37.29827438881211,50.26785898322327,0.0,14.605983116249774,5.15571272675054,38.455944068351485,5.733667477162185,11.073990765314376,0.0,0.0,11.050456081168516,5.131558479839333,0.0,11.336785877934735,68.54635098380861,29.525365011975733,0.0,26.46513959392033,10.535775497216456,0.0,0.0,0.0,201.58,51.4842470947288,22.801408536544404,0.0,15.130702465984026,0.0,11.336785877934735,26.151274369537788,0.0,0.0,15.456479851704078,20.23053332942989,31.44978820569469,0.9796905422586336,44.39737831563419,16.334751159546904,3.256457088644816,-3.375611656986792,-2.3123389733980013,0.0,3.692820624691566,-4.756268639419342,0.4615384615384615,28,5,13,0,1,1,0,1,1,10,4,15,7,0,1,1,2,-1.172499999999998,95.65050000000004,1,0,0,1,0,1,0,0,1,1,3,2,0,0,0,3,1,1,0,0,0,0,0,0,0,0,0,2,0,1,0,0,0,0,0,0,0,0,0,0,0,0,0,0,0,0,0,0,0,0,0,0,0,1,0,0,0,0,0,0,0,0,0,1,0,0,0,0,0,0,0,0,0,0,0,0,0,0,0,0,1,0,0,0,0,582.0,Morganella morganii,Bacteria
116502,,16474907,CHEMBL3766440,Antibacterial activity against beta-lactamase producing Serratia marcescens 41002 after 18 hrs by agar dilution assay,F,BAO_0002146,BAO_0000218,organism-based format,C[C@H]1[C@H](NC(=O)/C(=N\OC(C)(C)C(=O)O)c2csc(N)n2)C(=O)N1S(=O)(=O)O,CHEMBL3763031,Eur J Med Chem,2016.0,CHEMBL158,AZTREONAM,CHEMBL158,0,http://www.openphacts.org/units/MicrogramPerMilliliter,2757737,=,1,1,=,MIC,ug.mL-1,0.125,CHEMBL614593,Serratia marcescens,Serratia marcescens,615.0,,MIC,ug ml-1,UO_0000274,0.125,CHEMBL158,C[C@H]1[C@H](NC(=O)/C(=N\OC(C)(C)C(=O)O)c2csc(N)n2)C(=O)N1S(=O)(=O)O,12.562141912320484,12.562141912320484,0.0349535856009066,-4.756268639419342,0.174788224513646,20.5,435.44000000000017,418.30400000000014,435.051854504,154,0,0.3620751467724121,-0.4782270320177159,0.4782270320177159,0.3620751467724121,1.4642857142857142,2.071428571428572,2.5,32.24529764273617,10.00401161573638,2.513331128805475,-2.416338874010568,2.230948535260857,-2.707807208919476,7.836563836647012,-0.1608446168429468,2.971847309732629,2.2592762983237704,953.8851353067348,21.43879310982592,14.8114553779692,16.444448539824652,12.752743308167698,7.578995896792942,9.855612118054724,6.221230582074894,8.399971119282888,3.730567932227123,5.414072402778615,2.1128455580549623,3.54351374163482,-2.78,690205.5939907836,21.519292322605008,7.325918985638601,4.204134383579708,162.59031069995737,20.994572059745856,11.735768823996422,10.843243482610037,5.601050810983688,11.814359458703011,16.27347016397548,14.141824241834009,14.083731696315263,8.417796984328938,11.336785877934735,5.15571272675054,20.771211599071872,5.380062770465915,6.041840829147961,37.29827438881211,50.26785898322327,0.0,14.605983116249774,5.15571272675054,38.455944068351485,5.733667477162185,11.073990765314376,0.0,0.0,11.050456081168516,5.131558479839333,0.0,11.336785877934735,68.54635098380861,29.525365011975733,0.0,26.46513959392033,10.535775497216456,0.0,0.0,0.0,201.58,51.4842470947288,22.801408536544404,0.0,15.130702465984026,0.0,11.336785877934735,26.151274369537788,0.0,0.0,15.456479851704078,20.23053332942989,31.44978820569469,0.9796905422586336,44.39737831563419,16.334751159546904,3.256457088644816,-3.375611656986792,-2.3123389733980013,0.0,3.692820624691566,-4.756268639419342,0.4615384615384615,28,5,13,0,1,1,0,1,1,10,4,15,7,0,1,1,2,-1.172499999999998,95.65050000000004,1,0,0,1,0,1,0,0,1,1,3,2,0,0,0,3,1,1,0,0,0,0,0,0,0,0,0,2,0,1,0,0,0,0,0,0,0,0,0,0,0,0,0,0,0,0,0,0,0,0,0,0,0,1,0,0,0,0,0,0,0,0,0,1,0,0,0,0,0,0,0,0,0,0,0,0,0,0,0,0,1,0,0,0,0,615.0,Serratia marcescens,Bacteria
116503,,16475824,CHEMBL3766435,Antibacterial activity against beta-lactamase producing Proteus vulgaris 29905 after 18 hrs by agar dilution assay,F,BAO_0002146,BAO_0000218,organism-based format,C[C@H]1[C@H](NC(=O)/C(=N\OC(C)(C)C(=O)O)c2csc(N)n2)C(=O)N1S(=O)(=O)O,CHEMBL3763031,Eur J Med Chem,2016.0,CHEMBL158,AZTREONAM,CHEMBL158,0,http://www.openphacts.org/units/MicrogramPerMilliliter,2757737,<=,1,1,<=,MIC,ug.mL-1,0.03,CHEMBL614450,Proteus vulgaris,Proteus vulgaris,585.0,,MIC,ug ml-1,UO_0000274,0.03,CHEMBL158,C[C@H]1[C@H](NC(=O)/C(=N\OC(C)(C)C(=O)O)c2csc(N)n2)C(=O)N1S(=O)(=O)O,12.562141912320484,12.562141912320484,0.0349535856009066,-4.756268639419342,0.174788224513646,20.5,435.44000000000017,418.30400000000014,435.051854504,154,0,0.3620751467724121,-0.4782270320177159,0.4782270320177159,0.3620751467724121,1.4642857142857142,2.071428571428572,2.5,32.24529764273617,10.00401161573638,2.513331128805475,-2.416338874010568,2.230948535260857,-2.707807208919476,7.836563836647012,-0.1608446168429468,2.971847309732629,2.2592762983237704,953.8851353067348,21.43879310982592,14.8114553779692,16.444448539824652,12.752743308167698,7.578995896792942,9.855612118054724,6.221230582074894,8.399971119282888,3.730567932227123,5.414072402778615,2.1128455580549623,3.54351374163482,-2.78,690205.5939907836,21.519292322605008,7.325918985638601,4.204134383579708,162.59031069995737,20.994572059745856,11.735768823996422,10.843243482610037,5.601050810983688,11.814359458703011,16.27347016397548,14.141824241834009,14.083731696315263,8.417796984328938,11.336785877934735,5.15571272675054,20.771211599071872,5.380062770465915,6.041840829147961,37.29827438881211,50.26785898322327,0.0,14.605983116249774,5.15571272675054,38.455944068351485,5.733667477162185,11.073990765314376,0.0,0.0,11.050456081168516,5.131558479839333,0.0,11.336785877934735,68.54635098380861,29.525365011975733,0.0,26.46513959392033,10.535775497216456,0.0,0.0,0.0,201.58,51.4842470947288,22.801408536544404,0.0,15.130702465984026,0.0,11.336785877934735,26.151274369537788,0.0,0.0,15.456479851704078,20.23053332942989,31.44978820569469,0.9796905422586336,44.39737831563419,16.334751159546904,3.256457088644816,-3.375611656986792,-2.3123389733980013,0.0,3.692820624691566,-4.756268639419342,0.4615384615384615,28,5,13,0,1,1,0,1,1,10,4,15,7,0,1,1,2,-1.172499999999998,95.65050000000004,1,0,0,1,0,1,0,0,1,1,3,2,0,0,0,3,1,1,0,0,0,0,0,0,0,0,0,2,0,1,0,0,0,0,0,0,0,0,0,0,0,0,0,0,0,0,0,0,0,0,0,0,0,1,0,0,0,0,0,0,0,0,0,1,0,0,0,0,0,0,0,0,0,0,0,0,0,0,0,0,1,0,0,0,0,585.0,Proteus vulgaris,Bacteria
116504,,16475840,CHEMBL3766434,Antibacterial activity against beta-lactamase producing Proteus mirabilis 09-1 after 18 hrs by agar dilution assay,F,BAO_0002146,BAO_0000218,organism-based format,C[C@H]1[C@H](NC(=O)/C(=N\OC(C)(C)C(=O)O)c2csc(N)n2)C(=O)N1S(=O)(=O)O,CHEMBL3763031,Eur J Med Chem,2016.0,CHEMBL158,AZTREONAM,CHEMBL158,0,http://www.openphacts.org/units/MicrogramPerMilliliter,2757737,<=,1,1,<=,MIC,ug.mL-1,0.03,CHEMBL614444,Proteus mirabilis,Proteus mirabilis,584.0,,MIC,ug ml-1,UO_0000274,0.03,CHEMBL158,C[C@H]1[C@H](NC(=O)/C(=N\OC(C)(C)C(=O)O)c2csc(N)n2)C(=O)N1S(=O)(=O)O,12.562141912320484,12.562141912320484,0.0349535856009066,-4.756268639419342,0.174788224513646,20.5,435.44000000000017,418.30400000000014,435.051854504,154,0,0.3620751467724121,-0.4782270320177159,0.4782270320177159,0.3620751467724121,1.4642857142857142,2.071428571428572,2.5,32.24529764273617,10.00401161573638,2.513331128805475,-2.416338874010568,2.230948535260857,-2.707807208919476,7.836563836647012,-0.1608446168429468,2.971847309732629,2.2592762983237704,953.8851353067348,21.43879310982592,14.8114553779692,16.444448539824652,12.752743308167698,7.578995896792942,9.855612118054724,6.221230582074894,8.399971119282888,3.730567932227123,5.414072402778615,2.1128455580549623,3.54351374163482,-2.78,690205.5939907836,21.519292322605008,7.325918985638601,4.204134383579708,162.59031069995737,20.994572059745856,11.735768823996422,10.843243482610037,5.601050810983688,11.814359458703011,16.27347016397548,14.141824241834009,14.083731696315263,8.417796984328938,11.336785877934735,5.15571272675054,20.771211599071872,5.380062770465915,6.041840829147961,37.29827438881211,50.26785898322327,0.0,14.605983116249774,5.15571272675054,38.455944068351485,5.733667477162185,11.073990765314376,0.0,0.0,11.050456081168516,5.131558479839333,0.0,11.336785877934735,68.54635098380861,29.525365011975733,0.0,26.46513959392033,10.535775497216456,0.0,0.0,0.0,201.58,51.4842470947288,22.801408536544404,0.0,15.130702465984026,0.0,11.336785877934735,26.151274369537788,0.0,0.0,15.456479851704078,20.23053332942989,31.44978820569469,0.9796905422586336,44.39737831563419,16.334751159546904,3.256457088644816,-3.375611656986792,-2.3123389733980013,0.0,3.692820624691566,-4.756268639419342,0.4615384615384615,28,5,13,0,1,1,0,1,1,10,4,15,7,0,1,1,2,-1.172499999999998,95.65050000000004,1,0,0,1,0,1,0,0,1,1,3,2,0,0,0,3,1,1,0,0,0,0,0,0,0,0,0,2,0,1,0,0,0,0,0,0,0,0,0,0,0,0,0,0,0,0,0,0,0,0,0,0,0,1,0,0,0,0,0,0,0,0,0,1,0,0,0,0,0,0,0,0,0,0,0,0,0,0,0,0,1,0,0,0,0,584.0,Proteus mirabilis,Bacteria
116505,,16475856,CHEMBL3766433,Antibacterial activity against beta-lactamase producing Salmonella typhi H901 after 18 hrs by agar dilution assay,F,BAO_0002146,BAO_0000218,organism-based format,C[C@H]1[C@H](NC(=O)/C(=N\OC(C)(C)C(=O)O)c2csc(N)n2)C(=O)N1S(=O)(=O)O,CHEMBL3763031,Eur J Med Chem,2016.0,CHEMBL158,AZTREONAM,CHEMBL158,0,http://www.openphacts.org/units/MicrogramPerMilliliter,2757737,<=,1,1,<=,MIC,ug.mL-1,0.03,CHEMBL614448,Salmonella enterica,Salmonella typhi,90370.0,,MIC,ug ml-1,UO_0000274,0.03,CHEMBL158,C[C@H]1[C@H](NC(=O)/C(=N\OC(C)(C)C(=O)O)c2csc(N)n2)C(=O)N1S(=O)(=O)O,12.562141912320484,12.562141912320484,0.0349535856009066,-4.756268639419342,0.174788224513646,20.5,435.44000000000017,418.30400000000014,435.051854504,154,0,0.3620751467724121,-0.4782270320177159,0.4782270320177159,0.3620751467724121,1.4642857142857142,2.071428571428572,2.5,32.24529764273617,10.00401161573638,2.513331128805475,-2.416338874010568,2.230948535260857,-2.707807208919476,7.836563836647012,-0.1608446168429468,2.971847309732629,2.2592762983237704,953.8851353067348,21.43879310982592,14.8114553779692,16.444448539824652,12.752743308167698,7.578995896792942,9.855612118054724,6.221230582074894,8.399971119282888,3.730567932227123,5.414072402778615,2.1128455580549623,3.54351374163482,-2.78,690205.5939907836,21.519292322605008,7.325918985638601,4.204134383579708,162.59031069995737,20.994572059745856,11.735768823996422,10.843243482610037,5.601050810983688,11.814359458703011,16.27347016397548,14.141824241834009,14.083731696315263,8.417796984328938,11.336785877934735,5.15571272675054,20.771211599071872,5.380062770465915,6.041840829147961,37.29827438881211,50.26785898322327,0.0,14.605983116249774,5.15571272675054,38.455944068351485,5.733667477162185,11.073990765314376,0.0,0.0,11.050456081168516,5.131558479839333,0.0,11.336785877934735,68.54635098380861,29.525365011975733,0.0,26.46513959392033,10.535775497216456,0.0,0.0,0.0,201.58,51.4842470947288,22.801408536544404,0.0,15.130702465984026,0.0,11.336785877934735,26.151274369537788,0.0,0.0,15.456479851704078,20.23053332942989,31.44978820569469,0.9796905422586336,44.39737831563419,16.334751159546904,3.256457088644816,-3.375611656986792,-2.3123389733980013,0.0,3.692820624691566,-4.756268639419342,0.4615384615384615,28,5,13,0,1,1,0,1,1,10,4,15,7,0,1,1,2,-1.172499999999998,95.65050000000004,1,0,0,1,0,1,0,0,1,1,3,2,0,0,0,3,1,1,0,0,0,0,0,0,0,0,0,2,0,1,0,0,0,0,0,0,0,0,0,0,0,0,0,0,0,0,0,0,0,0,0,0,0,1,0,0,0,0,0,0,0,0,0,1,0,0,0,0,0,0,0,0,0,0,0,0,0,0,0,0,1,0,0,0,0,28901.0,Salmonella enterica,Bacteria
116505,,16475856,CHEMBL3766433,Antibacterial activity against beta-lactamase producing Salmonella typhi H901 after 18 hrs by agar dilution assay,F,BAO_0002146,BAO_0000218,organism-based format,C[C@H]1[C@H](NC(=O)/C(=N\OC(C)(C)C(=O)O)c2csc(N)n2)C(=O)N1S(=O)(=O)O,CHEMBL3763031,Eur J Med Chem,2016.0,CHEMBL158,AZTREONAM,CHEMBL158,0,http://www.openphacts.org/units/MicrogramPerMilliliter,2757737,<=,1,1,<=,MIC,ug.mL-1,0.03,CHEMBL614448,Salmonella enterica,Salmonella typhi,90370.0,,MIC,ug ml-1,UO_0000274,0.03,CHEMBL158,C[C@H]1[C@H](NC(=O)/C(=N\OC(C)(C)C(=O)O)c2csc(N)n2)C(=O)N1S(=O)(=O)O,12.562141912320484,12.562141912320484,0.0349535856009066,-4.756268639419342,0.174788224513646,20.5,435.44000000000017,418.30400000000014,435.051854504,154,0,0.3620751467724121,-0.4782270320177159,0.4782270320177159,0.3620751467724121,1.4642857142857142,2.071428571428572,2.5,32.24529764273617,10.00401161573638,2.513331128805475,-2.416338874010568,2.230948535260857,-2.707807208919476,7.836563836647012,-0.1608446168429468,2.971847309732629,2.2592762983237704,953.8851353067348,21.43879310982592,14.8114553779692,16.444448539824652,12.752743308167698,7.578995896792942,9.855612118054724,6.221230582074894,8.399971119282888,3.730567932227123,5.414072402778615,2.1128455580549623,3.54351374163482,-2.78,690205.5939907836,21.519292322605008,7.325918985638601,4.204134383579708,162.59031069995737,20.994572059745856,11.735768823996422,10.843243482610037,5.601050810983688,11.814359458703011,16.27347016397548,14.141824241834009,14.083731696315263,8.417796984328938,11.336785877934735,5.15571272675054,20.771211599071872,5.380062770465915,6.041840829147961,37.29827438881211,50.26785898322327,0.0,14.605983116249774,5.15571272675054,38.455944068351485,5.733667477162185,11.073990765314376,0.0,0.0,11.050456081168516,5.131558479839333,0.0,11.336785877934735,68.54635098380861,29.525365011975733,0.0,26.46513959392033,10.535775497216456,0.0,0.0,0.0,201.58,51.4842470947288,22.801408536544404,0.0,15.130702465984026,0.0,11.336785877934735,26.151274369537788,0.0,0.0,15.456479851704078,20.23053332942989,31.44978820569469,0.9796905422586336,44.39737831563419,16.334751159546904,3.256457088644816,-3.375611656986792,-2.3123389733980013,0.0,3.692820624691566,-4.756268639419342,0.4615384615384615,28,5,13,0,1,1,0,1,1,10,4,15,7,0,1,1,2,-1.172499999999998,95.65050000000004,1,0,0,1,0,1,0,0,1,1,3,2,0,0,0,3,1,1,0,0,0,0,0,0,0,0,0,2,0,1,0,0,0,0,0,0,0,0,0,0,0,0,0,0,0,0,0,0,0,0,0,0,0,1,0,0,0,0,0,0,0,0,0,1,0,0,0,0,0,0,0,0,0,0,0,0,0,0,0,0,1,0,0,0,0,28901.0,Salmonella enterica,Bacteria
116505,,16475856,CHEMBL3766433,Antibacterial activity against beta-lactamase producing Salmonella typhi H901 after 18 hrs by agar dilution assay,F,BAO_0002146,BAO_0000218,organism-based format,C[C@H]1[C@H](NC(=O)/C(=N\OC(C)(C)C(=O)O)c2csc(N)n2)C(=O)N1S(=O)(=O)O,CHEMBL3763031,Eur J Med Chem,2016.0,CHEMBL158,AZTREONAM,CHEMBL158,0,http://www.openphacts.org/units/MicrogramPerMilliliter,2757737,<=,1,1,<=,MIC,ug.mL-1,0.03,CHEMBL614448,Salmonella enterica,Salmonella typhi,90370.0,,MIC,ug ml-1,UO_0000274,0.03,CHEMBL158,C[C@H]1[C@H](NC(=O)/C(=N\OC(C)(C)C(=O)O)c2csc(N)n2)C(=O)N1S(=O)(=O)O,12.562141912320484,12.562141912320484,0.0349535856009066,-4.756268639419342,0.174788224513646,20.5,435.44000000000017,418.30400000000014,435.051854504,154,0,0.3620751467724121,-0.4782270320177159,0.4782270320177159,0.3620751467724121,1.4642857142857142,2.071428571428572,2.5,32.24529764273617,10.00401161573638,2.513331128805475,-2.416338874010568,2.230948535260857,-2.707807208919476,7.836563836647012,-0.1608446168429468,2.971847309732629,2.2592762983237704,953.8851353067348,21.43879310982592,14.8114553779692,16.444448539824652,12.752743308167698,7.578995896792942,9.855612118054724,6.221230582074894,8.399971119282888,3.730567932227123,5.414072402778615,2.1128455580549623,3.54351374163482,-2.78,690205.5939907836,21.519292322605008,7.325918985638601,4.204134383579708,162.59031069995737,20.994572059745856,11.735768823996422,10.843243482610037,5.601050810983688,11.814359458703011,16.27347016397548,14.141824241834009,14.083731696315263,8.417796984328938,11.336785877934735,5.15571272675054,20.771211599071872,5.380062770465915,6.041840829147961,37.29827438881211,50.26785898322327,0.0,14.605983116249774,5.15571272675054,38.455944068351485,5.733667477162185,11.073990765314376,0.0,0.0,11.050456081168516,5.131558479839333,0.0,11.336785877934735,68.54635098380861,29.525365011975733,0.0,26.46513959392033,10.535775497216456,0.0,0.0,0.0,201.58,51.4842470947288,22.801408536544404,0.0,15.130702465984026,0.0,11.336785877934735,26.151274369537788,0.0,0.0,15.456479851704078,20.23053332942989,31.44978820569469,0.9796905422586336,44.39737831563419,16.334751159546904,3.256457088644816,-3.375611656986792,-2.3123389733980013,0.0,3.692820624691566,-4.756268639419342,0.4615384615384615,28,5,13,0,1,1,0,1,1,10,4,15,7,0,1,1,2,-1.172499999999998,95.65050000000004,1,0,0,1,0,1,0,0,1,1,3,2,0,0,0,3,1,1,0,0,0,0,0,0,0,0,0,2,0,1,0,0,0,0,0,0,0,0,0,0,0,0,0,0,0,0,0,0,0,0,0,0,0,1,0,0,0,0,0,0,0,0,0,1,0,0,0,0,0,0,0,0,0,0,0,0,0,0,0,0,1,0,0,0,0,28901.0,Salmonella enterica,Bacteria
116505,,16475856,CHEMBL3766433,Antibacterial activity against beta-lactamase producing Salmonella typhi H901 after 18 hrs by agar dilution assay,F,BAO_0002146,BAO_0000218,organism-based format,C[C@H]1[C@H](NC(=O)/C(=N\OC(C)(C)C(=O)O)c2csc(N)n2)C(=O)N1S(=O)(=O)O,CHEMBL3763031,Eur J Med Chem,2016.0,CHEMBL158,AZTREONAM,CHEMBL158,0,http://www.openphacts.org/units/MicrogramPerMilliliter,2757737,<=,1,1,<=,MIC,ug.mL-1,0.03,CHEMBL614448,Salmonella enterica,Salmonella typhi,90370.0,,MIC,ug ml-1,UO_0000274,0.03,CHEMBL158,C[C@H]1[C@H](NC(=O)/C(=N\OC(C)(C)C(=O)O)c2csc(N)n2)C(=O)N1S(=O)(=O)O,12.562141912320484,12.562141912320484,0.0349535856009066,-4.756268639419342,0.174788224513646,20.5,435.44000000000017,418.30400000000014,435.051854504,154,0,0.3620751467724121,-0.4782270320177159,0.4782270320177159,0.3620751467724121,1.4642857142857142,2.071428571428572,2.5,32.24529764273617,10.00401161573638,2.513331128805475,-2.416338874010568,2.230948535260857,-2.707807208919476,7.836563836647012,-0.1608446168429468,2.971847309732629,2.2592762983237704,953.8851353067348,21.43879310982592,14.8114553779692,16.444448539824652,12.752743308167698,7.578995896792942,9.855612118054724,6.221230582074894,8.399971119282888,3.730567932227123,5.414072402778615,2.1128455580549623,3.54351374163482,-2.78,690205.5939907836,21.519292322605008,7.325918985638601,4.204134383579708,162.59031069995737,20.994572059745856,11.735768823996422,10.843243482610037,5.601050810983688,11.814359458703011,16.27347016397548,14.141824241834009,14.083731696315263,8.417796984328938,11.336785877934735,5.15571272675054,20.771211599071872,5.380062770465915,6.041840829147961,37.29827438881211,50.26785898322327,0.0,14.605983116249774,5.15571272675054,38.455944068351485,5.733667477162185,11.073990765314376,0.0,0.0,11.050456081168516,5.131558479839333,0.0,11.336785877934735,68.54635098380861,29.525365011975733,0.0,26.46513959392033,10.535775497216456,0.0,0.0,0.0,201.58,51.4842470947288,22.801408536544404,0.0,15.130702465984026,0.0,11.336785877934735,26.151274369537788,0.0,0.0,15.456479851704078,20.23053332942989,31.44978820569469,0.9796905422586336,44.39737831563419,16.334751159546904,3.256457088644816,-3.375611656986792,-2.3123389733980013,0.0,3.692820624691566,-4.756268639419342,0.4615384615384615,28,5,13,0,1,1,0,1,1,10,4,15,7,0,1,1,2,-1.172499999999998,95.65050000000004,1,0,0,1,0,1,0,0,1,1,3,2,0,0,0,3,1,1,0,0,0,0,0,0,0,0,0,2,0,1,0,0,0,0,0,0,0,0,0,0,0,0,0,0,0,0,0,0,0,0,0,0,0,1,0,0,0,0,0,0,0,0,0,1,0,0,0,0,0,0,0,0,0,0,0,0,0,0,0,0,1,0,0,0,0,28901.0,Salmonella enterica,Bacteria
116505,,16475856,CHEMBL3766433,Antibacterial activity against beta-lactamase producing Salmonella typhi H901 after 18 hrs by agar dilution assay,F,BAO_0002146,BAO_0000218,organism-based format,C[C@H]1[C@H](NC(=O)/C(=N\OC(C)(C)C(=O)O)c2csc(N)n2)C(=O)N1S(=O)(=O)O,CHEMBL3763031,Eur J Med Chem,2016.0,CHEMBL158,AZTREONAM,CHEMBL158,0,http://www.openphacts.org/units/MicrogramPerMilliliter,2757737,<=,1,1,<=,MIC,ug.mL-1,0.03,CHEMBL614448,Salmonella enterica,Salmonella typhi,90370.0,,MIC,ug ml-1,UO_0000274,0.03,CHEMBL158,C[C@H]1[C@H](NC(=O)/C(=N\OC(C)(C)C(=O)O)c2csc(N)n2)C(=O)N1S(=O)(=O)O,12.562141912320484,12.562141912320484,0.0349535856009066,-4.756268639419342,0.174788224513646,20.5,435.44000000000017,418.30400000000014,435.051854504,154,0,0.3620751467724121,-0.4782270320177159,0.4782270320177159,0.3620751467724121,1.4642857142857142,2.071428571428572,2.5,32.24529764273617,10.00401161573638,2.513331128805475,-2.416338874010568,2.230948535260857,-2.707807208919476,7.836563836647012,-0.1608446168429468,2.971847309732629,2.2592762983237704,953.8851353067348,21.43879310982592,14.8114553779692,16.444448539824652,12.752743308167698,7.578995896792942,9.855612118054724,6.221230582074894,8.399971119282888,3.730567932227123,5.414072402778615,2.1128455580549623,3.54351374163482,-2.78,690205.5939907836,21.519292322605008,7.325918985638601,4.204134383579708,162.59031069995737,20.994572059745856,11.735768823996422,10.843243482610037,5.601050810983688,11.814359458703011,16.27347016397548,14.141824241834009,14.083731696315263,8.417796984328938,11.336785877934735,5.15571272675054,20.771211599071872,5.380062770465915,6.041840829147961,37.29827438881211,50.26785898322327,0.0,14.605983116249774,5.15571272675054,38.455944068351485,5.733667477162185,11.073990765314376,0.0,0.0,11.050456081168516,5.131558479839333,0.0,11.336785877934735,68.54635098380861,29.525365011975733,0.0,26.46513959392033,10.535775497216456,0.0,0.0,0.0,201.58,51.4842470947288,22.801408536544404,0.0,15.130702465984026,0.0,11.336785877934735,26.151274369537788,0.0,0.0,15.456479851704078,20.23053332942989,31.44978820569469,0.9796905422586336,44.39737831563419,16.334751159546904,3.256457088644816,-3.375611656986792,-2.3123389733980013,0.0,3.692820624691566,-4.756268639419342,0.4615384615384615,28,5,13,0,1,1,0,1,1,10,4,15,7,0,1,1,2,-1.172499999999998,95.65050000000004,1,0,0,1,0,1,0,0,1,1,3,2,0,0,0,3,1,1,0,0,0,0,0,0,0,0,0,2,0,1,0,0,0,0,0,0,0,0,0,0,0,0,0,0,0,0,0,0,0,0,0,0,0,1,0,0,0,0,0,0,0,0,0,1,0,0,0,0,0,0,0,0,0,0,0,0,0,0,0,0,1,0,0,0,0,28901.0,Salmonella enterica,Bacteria
116505,,16475856,CHEMBL3766433,Antibacterial activity against beta-lactamase producing Salmonella typhi H901 after 18 hrs by agar dilution assay,F,BAO_0002146,BAO_0000218,organism-based format,C[C@H]1[C@H](NC(=O)/C(=N\OC(C)(C)C(=O)O)c2csc(N)n2)C(=O)N1S(=O)(=O)O,CHEMBL3763031,Eur J Med Chem,2016.0,CHEMBL158,AZTREONAM,CHEMBL158,0,http://www.openphacts.org/units/MicrogramPerMilliliter,2757737,<=,1,1,<=,MIC,ug.mL-1,0.03,CHEMBL614448,Salmonella enterica,Salmonella typhi,90370.0,,MIC,ug ml-1,UO_0000274,0.03,CHEMBL158,C[C@H]1[C@H](NC(=O)/C(=N\OC(C)(C)C(=O)O)c2csc(N)n2)C(=O)N1S(=O)(=O)O,12.562141912320484,12.562141912320484,0.0349535856009066,-4.756268639419342,0.174788224513646,20.5,435.44000000000017,418.30400000000014,435.051854504,154,0,0.3620751467724121,-0.4782270320177159,0.4782270320177159,0.3620751467724121,1.4642857142857142,2.071428571428572,2.5,32.24529764273617,10.00401161573638,2.513331128805475,-2.416338874010568,2.230948535260857,-2.707807208919476,7.836563836647012,-0.1608446168429468,2.971847309732629,2.2592762983237704,953.8851353067348,21.43879310982592,14.8114553779692,16.444448539824652,12.752743308167698,7.578995896792942,9.855612118054724,6.221230582074894,8.399971119282888,3.730567932227123,5.414072402778615,2.1128455580549623,3.54351374163482,-2.78,690205.5939907836,21.519292322605008,7.325918985638601,4.204134383579708,162.59031069995737,20.994572059745856,11.735768823996422,10.843243482610037,5.601050810983688,11.814359458703011,16.27347016397548,14.141824241834009,14.083731696315263,8.417796984328938,11.336785877934735,5.15571272675054,20.771211599071872,5.380062770465915,6.041840829147961,37.29827438881211,50.26785898322327,0.0,14.605983116249774,5.15571272675054,38.455944068351485,5.733667477162185,11.073990765314376,0.0,0.0,11.050456081168516,5.131558479839333,0.0,11.336785877934735,68.54635098380861,29.525365011975733,0.0,26.46513959392033,10.535775497216456,0.0,0.0,0.0,201.58,51.4842470947288,22.801408536544404,0.0,15.130702465984026,0.0,11.336785877934735,26.151274369537788,0.0,0.0,15.456479851704078,20.23053332942989,31.44978820569469,0.9796905422586336,44.39737831563419,16.334751159546904,3.256457088644816,-3.375611656986792,-2.3123389733980013,0.0,3.692820624691566,-4.756268639419342,0.4615384615384615,28,5,13,0,1,1,0,1,1,10,4,15,7,0,1,1,2,-1.172499999999998,95.65050000000004,1,0,0,1,0,1,0,0,1,1,3,2,0,0,0,3,1,1,0,0,0,0,0,0,0,0,0,2,0,1,0,0,0,0,0,0,0,0,0,0,0,0,0,0,0,0,0,0,0,0,0,0,0,1,0,0,0,0,0,0,0,0,0,1,0,0,0,0,0,0,0,0,0,0,0,0,0,0,0,0,1,0,0,0,0,28901.0,Salmonella enterica,Bacteria
116505,,16475856,CHEMBL3766433,Antibacterial activity against beta-lactamase producing Salmonella typhi H901 after 18 hrs by agar dilution assay,F,BAO_0002146,BAO_0000218,organism-based format,C[C@H]1[C@H](NC(=O)/C(=N\OC(C)(C)C(=O)O)c2csc(N)n2)C(=O)N1S(=O)(=O)O,CHEMBL3763031,Eur J Med Chem,2016.0,CHEMBL158,AZTREONAM,CHEMBL158,0,http://www.openphacts.org/units/MicrogramPerMilliliter,2757737,<=,1,1,<=,MIC,ug.mL-1,0.03,CHEMBL614448,Salmonella enterica,Salmonella typhi,90370.0,,MIC,ug ml-1,UO_0000274,0.03,CHEMBL158,C[C@H]1[C@H](NC(=O)/C(=N\OC(C)(C)C(=O)O)c2csc(N)n2)C(=O)N1S(=O)(=O)O,12.562141912320484,12.562141912320484,0.0349535856009066,-4.756268639419342,0.174788224513646,20.5,435.44000000000017,418.30400000000014,435.051854504,154,0,0.3620751467724121,-0.4782270320177159,0.4782270320177159,0.3620751467724121,1.4642857142857142,2.071428571428572,2.5,32.24529764273617,10.00401161573638,2.513331128805475,-2.416338874010568,2.230948535260857,-2.707807208919476,7.836563836647012,-0.1608446168429468,2.971847309732629,2.2592762983237704,953.8851353067348,21.43879310982592,14.8114553779692,16.444448539824652,12.752743308167698,7.578995896792942,9.855612118054724,6.221230582074894,8.399971119282888,3.730567932227123,5.414072402778615,2.1128455580549623,3.54351374163482,-2.78,690205.5939907836,21.519292322605008,7.325918985638601,4.204134383579708,162.59031069995737,20.994572059745856,11.735768823996422,10.843243482610037,5.601050810983688,11.814359458703011,16.27347016397548,14.141824241834009,14.083731696315263,8.417796984328938,11.336785877934735,5.15571272675054,20.771211599071872,5.380062770465915,6.041840829147961,37.29827438881211,50.26785898322327,0.0,14.605983116249774,5.15571272675054,38.455944068351485,5.733667477162185,11.073990765314376,0.0,0.0,11.050456081168516,5.131558479839333,0.0,11.336785877934735,68.54635098380861,29.525365011975733,0.0,26.46513959392033,10.535775497216456,0.0,0.0,0.0,201.58,51.4842470947288,22.801408536544404,0.0,15.130702465984026,0.0,11.336785877934735,26.151274369537788,0.0,0.0,15.456479851704078,20.23053332942989,31.44978820569469,0.9796905422586336,44.39737831563419,16.334751159546904,3.256457088644816,-3.375611656986792,-2.3123389733980013,0.0,3.692820624691566,-4.756268639419342,0.4615384615384615,28,5,13,0,1,1,0,1,1,10,4,15,7,0,1,1,2,-1.172499999999998,95.65050000000004,1,0,0,1,0,1,0,0,1,1,3,2,0,0,0,3,1,1,0,0,0,0,0,0,0,0,0,2,0,1,0,0,0,0,0,0,0,0,0,0,0,0,0,0,0,0,0,0,0,0,0,0,0,1,0,0,0,0,0,0,0,0,0,1,0,0,0,0,0,0,0,0,0,0,0,0,0,0,0,0,1,0,0,0,0,28901.0,Salmonella enterica,Bacteria
116505,,16475856,CHEMBL3766433,Antibacterial activity against beta-lactamase producing Salmonella typhi H901 after 18 hrs by agar dilution assay,F,BAO_0002146,BAO_0000218,organism-based format,C[C@H]1[C@H](NC(=O)/C(=N\OC(C)(C)C(=O)O)c2csc(N)n2)C(=O)N1S(=O)(=O)O,CHEMBL3763031,Eur J Med Chem,2016.0,CHEMBL158,AZTREONAM,CHEMBL158,0,http://www.openphacts.org/units/MicrogramPerMilliliter,2757737,<=,1,1,<=,MIC,ug.mL-1,0.03,CHEMBL614448,Salmonella enterica,Salmonella typhi,90370.0,,MIC,ug ml-1,UO_0000274,0.03,CHEMBL158,C[C@H]1[C@H](NC(=O)/C(=N\OC(C)(C)C(=O)O)c2csc(N)n2)C(=O)N1S(=O)(=O)O,12.562141912320484,12.562141912320484,0.0349535856009066,-4.756268639419342,0.174788224513646,20.5,435.44000000000017,418.30400000000014,435.051854504,154,0,0.3620751467724121,-0.4782270320177159,0.4782270320177159,0.3620751467724121,1.4642857142857142,2.071428571428572,2.5,32.24529764273617,10.00401161573638,2.513331128805475,-2.416338874010568,2.230948535260857,-2.707807208919476,7.836563836647012,-0.1608446168429468,2.971847309732629,2.2592762983237704,953.8851353067348,21.43879310982592,14.8114553779692,16.444448539824652,12.752743308167698,7.578995896792942,9.855612118054724,6.221230582074894,8.399971119282888,3.730567932227123,5.414072402778615,2.1128455580549623,3.54351374163482,-2.78,690205.5939907836,21.519292322605008,7.325918985638601,4.204134383579708,162.59031069995737,20.994572059745856,11.735768823996422,10.843243482610037,5.601050810983688,11.814359458703011,16.27347016397548,14.141824241834009,14.083731696315263,8.417796984328938,11.336785877934735,5.15571272675054,20.771211599071872,5.380062770465915,6.041840829147961,37.29827438881211,50.26785898322327,0.0,14.605983116249774,5.15571272675054,38.455944068351485,5.733667477162185,11.073990765314376,0.0,0.0,11.050456081168516,5.131558479839333,0.0,11.336785877934735,68.54635098380861,29.525365011975733,0.0,26.46513959392033,10.535775497216456,0.0,0.0,0.0,201.58,51.4842470947288,22.801408536544404,0.0,15.130702465984026,0.0,11.336785877934735,26.151274369537788,0.0,0.0,15.456479851704078,20.23053332942989,31.44978820569469,0.9796905422586336,44.39737831563419,16.334751159546904,3.256457088644816,-3.375611656986792,-2.3123389733980013,0.0,3.692820624691566,-4.756268639419342,0.4615384615384615,28,5,13,0,1,1,0,1,1,10,4,15,7,0,1,1,2,-1.172499999999998,95.65050000000004,1,0,0,1,0,1,0,0,1,1,3,2,0,0,0,3,1,1,0,0,0,0,0,0,0,0,0,2,0,1,0,0,0,0,0,0,0,0,0,0,0,0,0,0,0,0,0,0,0,0,0,0,0,1,0,0,0,0,0,0,0,0,0,1,0,0,0,0,0,0,0,0,0,0,0,0,0,0,0,0,1,0,0,0,0,28901.0,Salmonella enterica,Bacteria
116505,,16475856,CHEMBL3766433,Antibacterial activity against beta-lactamase producing Salmonella typhi H901 after 18 hrs by agar dilution assay,F,BAO_0002146,BAO_0000218,organism-based format,C[C@H]1[C@H](NC(=O)/C(=N\OC(C)(C)C(=O)O)c2csc(N)n2)C(=O)N1S(=O)(=O)O,CHEMBL3763031,Eur J Med Chem,2016.0,CHEMBL158,AZTREONAM,CHEMBL158,0,http://www.openphacts.org/units/MicrogramPerMilliliter,2757737,<=,1,1,<=,MIC,ug.mL-1,0.03,CHEMBL614448,Salmonella enterica,Salmonella typhi,90370.0,,MIC,ug ml-1,UO_0000274,0.03,CHEMBL158,C[C@H]1[C@H](NC(=O)/C(=N\OC(C)(C)C(=O)O)c2csc(N)n2)C(=O)N1S(=O)(=O)O,12.562141912320484,12.562141912320484,0.0349535856009066,-4.756268639419342,0.174788224513646,20.5,435.44000000000017,418.30400000000014,435.051854504,154,0,0.3620751467724121,-0.4782270320177159,0.4782270320177159,0.3620751467724121,1.4642857142857142,2.071428571428572,2.5,32.24529764273617,10.00401161573638,2.513331128805475,-2.416338874010568,2.230948535260857,-2.707807208919476,7.836563836647012,-0.1608446168429468,2.971847309732629,2.2592762983237704,953.8851353067348,21.43879310982592,14.8114553779692,16.444448539824652,12.752743308167698,7.578995896792942,9.855612118054724,6.221230582074894,8.399971119282888,3.730567932227123,5.414072402778615,2.1128455580549623,3.54351374163482,-2.78,690205.5939907836,21.519292322605008,7.325918985638601,4.204134383579708,162.59031069995737,20.994572059745856,11.735768823996422,10.843243482610037,5.601050810983688,11.814359458703011,16.27347016397548,14.141824241834009,14.083731696315263,8.417796984328938,11.336785877934735,5.15571272675054,20.771211599071872,5.380062770465915,6.041840829147961,37.29827438881211,50.26785898322327,0.0,14.605983116249774,5.15571272675054,38.455944068351485,5.733667477162185,11.073990765314376,0.0,0.0,11.050456081168516,5.131558479839333,0.0,11.336785877934735,68.54635098380861,29.525365011975733,0.0,26.46513959392033,10.535775497216456,0.0,0.0,0.0,201.58,51.4842470947288,22.801408536544404,0.0,15.130702465984026,0.0,11.336785877934735,26.151274369537788,0.0,0.0,15.456479851704078,20.23053332942989,31.44978820569469,0.9796905422586336,44.39737831563419,16.334751159546904,3.256457088644816,-3.375611656986792,-2.3123389733980013,0.0,3.692820624691566,-4.756268639419342,0.4615384615384615,28,5,13,0,1,1,0,1,1,10,4,15,7,0,1,1,2,-1.172499999999998,95.65050000000004,1,0,0,1,0,1,0,0,1,1,3,2,0,0,0,3,1,1,0,0,0,0,0,0,0,0,0,2,0,1,0,0,0,0,0,0,0,0,0,0,0,0,0,0,0,0,0,0,0,0,0,0,0,1,0,0,0,0,0,0,0,0,0,1,0,0,0,0,0,0,0,0,0,0,0,0,0,0,0,0,1,0,0,0,0,28901.0,Salmonella enterica,Bacteria
116505,,16475856,CHEMBL3766433,Antibacterial activity against beta-lactamase producing Salmonella typhi H901 after 18 hrs by agar dilution assay,F,BAO_0002146,BAO_0000218,organism-based format,C[C@H]1[C@H](NC(=O)/C(=N\OC(C)(C)C(=O)O)c2csc(N)n2)C(=O)N1S(=O)(=O)O,CHEMBL3763031,Eur J Med Chem,2016.0,CHEMBL158,AZTREONAM,CHEMBL158,0,http://www.openphacts.org/units/MicrogramPerMilliliter,2757737,<=,1,1,<=,MIC,ug.mL-1,0.03,CHEMBL614448,Salmonella enterica,Salmonella typhi,90370.0,,MIC,ug ml-1,UO_0000274,0.03,CHEMBL158,C[C@H]1[C@H](NC(=O)/C(=N\OC(C)(C)C(=O)O)c2csc(N)n2)C(=O)N1S(=O)(=O)O,12.562141912320484,12.562141912320484,0.0349535856009066,-4.756268639419342,0.174788224513646,20.5,435.44000000000017,418.30400000000014,435.051854504,154,0,0.3620751467724121,-0.4782270320177159,0.4782270320177159,0.3620751467724121,1.4642857142857142,2.071428571428572,2.5,32.24529764273617,10.00401161573638,2.513331128805475,-2.416338874010568,2.230948535260857,-2.707807208919476,7.836563836647012,-0.1608446168429468,2.971847309732629,2.2592762983237704,953.8851353067348,21.43879310982592,14.8114553779692,16.444448539824652,12.752743308167698,7.578995896792942,9.855612118054724,6.221230582074894,8.399971119282888,3.730567932227123,5.414072402778615,2.1128455580549623,3.54351374163482,-2.78,690205.5939907836,21.519292322605008,7.325918985638601,4.204134383579708,162.59031069995737,20.994572059745856,11.735768823996422,10.843243482610037,5.601050810983688,11.814359458703011,16.27347016397548,14.141824241834009,14.083731696315263,8.417796984328938,11.336785877934735,5.15571272675054,20.771211599071872,5.380062770465915,6.041840829147961,37.29827438881211,50.26785898322327,0.0,14.605983116249774,5.15571272675054,38.455944068351485,5.733667477162185,11.073990765314376,0.0,0.0,11.050456081168516,5.131558479839333,0.0,11.336785877934735,68.54635098380861,29.525365011975733,0.0,26.46513959392033,10.535775497216456,0.0,0.0,0.0,201.58,51.4842470947288,22.801408536544404,0.0,15.130702465984026,0.0,11.336785877934735,26.151274369537788,0.0,0.0,15.456479851704078,20.23053332942989,31.44978820569469,0.9796905422586336,44.39737831563419,16.334751159546904,3.256457088644816,-3.375611656986792,-2.3123389733980013,0.0,3.692820624691566,-4.756268639419342,0.4615384615384615,28,5,13,0,1,1,0,1,1,10,4,15,7,0,1,1,2,-1.172499999999998,95.65050000000004,1,0,0,1,0,1,0,0,1,1,3,2,0,0,0,3,1,1,0,0,0,0,0,0,0,0,0,2,0,1,0,0,0,0,0,0,0,0,0,0,0,0,0,0,0,0,0,0,0,0,0,0,0,1,0,0,0,0,0,0,0,0,0,1,0,0,0,0,0,0,0,0,0,0,0,0,0,0,0,0,1,0,0,0,0,28901.0,Salmonella enterica,Bacteria
116506,,16475872,CHEMBL3768665,Antibacterial activity against beta-lactamase producing Citrobacter freundii 43864 after 18 hrs by agar dilution assay,F,BAO_0002146,BAO_0000218,organism-based format,C[C@H]1[C@H](NC(=O)/C(=N\OC(C)(C)C(=O)O)c2csc(N)n2)C(=O)N1S(=O)(=O)O,CHEMBL3763031,Eur J Med Chem,2016.0,CHEMBL158,AZTREONAM,CHEMBL158,0,http://www.openphacts.org/units/MicrogramPerMilliliter,2757737,=,1,1,=,MIC,ug.mL-1,0.125,CHEMBL612615,Citrobacter freundii,Citrobacter freundii,546.0,,MIC,ug ml-1,UO_0000274,0.125,CHEMBL158,C[C@H]1[C@H](NC(=O)/C(=N\OC(C)(C)C(=O)O)c2csc(N)n2)C(=O)N1S(=O)(=O)O,12.562141912320484,12.562141912320484,0.0349535856009066,-4.756268639419342,0.174788224513646,20.5,435.44000000000017,418.30400000000014,435.051854504,154,0,0.3620751467724121,-0.4782270320177159,0.4782270320177159,0.3620751467724121,1.4642857142857142,2.071428571428572,2.5,32.24529764273617,10.00401161573638,2.513331128805475,-2.416338874010568,2.230948535260857,-2.707807208919476,7.836563836647012,-0.1608446168429468,2.971847309732629,2.2592762983237704,953.8851353067348,21.43879310982592,14.8114553779692,16.444448539824652,12.752743308167698,7.578995896792942,9.855612118054724,6.221230582074894,8.399971119282888,3.730567932227123,5.414072402778615,2.1128455580549623,3.54351374163482,-2.78,690205.5939907836,21.519292322605008,7.325918985638601,4.204134383579708,162.59031069995737,20.994572059745856,11.735768823996422,10.843243482610037,5.601050810983688,11.814359458703011,16.27347016397548,14.141824241834009,14.083731696315263,8.417796984328938,11.336785877934735,5.15571272675054,20.771211599071872,5.380062770465915,6.041840829147961,37.29827438881211,50.26785898322327,0.0,14.605983116249774,5.15571272675054,38.455944068351485,5.733667477162185,11.073990765314376,0.0,0.0,11.050456081168516,5.131558479839333,0.0,11.336785877934735,68.54635098380861,29.525365011975733,0.0,26.46513959392033,10.535775497216456,0.0,0.0,0.0,201.58,51.4842470947288,22.801408536544404,0.0,15.130702465984026,0.0,11.336785877934735,26.151274369537788,0.0,0.0,15.456479851704078,20.23053332942989,31.44978820569469,0.9796905422586336,44.39737831563419,16.334751159546904,3.256457088644816,-3.375611656986792,-2.3123389733980013,0.0,3.692820624691566,-4.756268639419342,0.4615384615384615,28,5,13,0,1,1,0,1,1,10,4,15,7,0,1,1,2,-1.172499999999998,95.65050000000004,1,0,0,1,0,1,0,0,1,1,3,2,0,0,0,3,1,1,0,0,0,0,0,0,0,0,0,2,0,1,0,0,0,0,0,0,0,0,0,0,0,0,0,0,0,0,0,0,0,0,0,0,0,1,0,0,0,0,0,0,0,0,0,1,0,0,0,0,0,0,0,0,0,0,0,0,0,0,0,0,1,0,0,0,0,546.0,Citrobacter freundii,Bacteria
116507,,16475888,CHEMBL3768664,Antibacterial activity against ESBL negative Escherichia coli 25922 after 18 hrs by agar dilution assay,F,BAO_0002146,BAO_0000218,organism-based format,C[C@H]1[C@H](NC(=O)/C(=N\OC(C)(C)C(=O)O)c2csc(N)n2)C(=O)N1S(=O)(=O)O,CHEMBL3763031,Eur J Med Chem,2016.0,CHEMBL158,AZTREONAM,CHEMBL158,0,http://www.openphacts.org/units/MicrogramPerMilliliter,2757737,=,1,1,=,MIC,ug.mL-1,0.125,CHEMBL354,Escherichia coli,Escherichia coli,562.0,,MIC,ug ml-1,UO_0000274,0.125,CHEMBL158,C[C@H]1[C@H](NC(=O)/C(=N\OC(C)(C)C(=O)O)c2csc(N)n2)C(=O)N1S(=O)(=O)O,12.562141912320484,12.562141912320484,0.0349535856009066,-4.756268639419342,0.174788224513646,20.5,435.44000000000017,418.30400000000014,435.051854504,154,0,0.3620751467724121,-0.4782270320177159,0.4782270320177159,0.3620751467724121,1.4642857142857142,2.071428571428572,2.5,32.24529764273617,10.00401161573638,2.513331128805475,-2.416338874010568,2.230948535260857,-2.707807208919476,7.836563836647012,-0.1608446168429468,2.971847309732629,2.2592762983237704,953.8851353067348,21.43879310982592,14.8114553779692,16.444448539824652,12.752743308167698,7.578995896792942,9.855612118054724,6.221230582074894,8.399971119282888,3.730567932227123,5.414072402778615,2.1128455580549623,3.54351374163482,-2.78,690205.5939907836,21.519292322605008,7.325918985638601,4.204134383579708,162.59031069995737,20.994572059745856,11.735768823996422,10.843243482610037,5.601050810983688,11.814359458703011,16.27347016397548,14.141824241834009,14.083731696315263,8.417796984328938,11.336785877934735,5.15571272675054,20.771211599071872,5.380062770465915,6.041840829147961,37.29827438881211,50.26785898322327,0.0,14.605983116249774,5.15571272675054,38.455944068351485,5.733667477162185,11.073990765314376,0.0,0.0,11.050456081168516,5.131558479839333,0.0,11.336785877934735,68.54635098380861,29.525365011975733,0.0,26.46513959392033,10.535775497216456,0.0,0.0,0.0,201.58,51.4842470947288,22.801408536544404,0.0,15.130702465984026,0.0,11.336785877934735,26.151274369537788,0.0,0.0,15.456479851704078,20.23053332942989,31.44978820569469,0.9796905422586336,44.39737831563419,16.334751159546904,3.256457088644816,-3.375611656986792,-2.3123389733980013,0.0,3.692820624691566,-4.756268639419342,0.4615384615384615,28,5,13,0,1,1,0,1,1,10,4,15,7,0,1,1,2,-1.172499999999998,95.65050000000004,1,0,0,1,0,1,0,0,1,1,3,2,0,0,0,3,1,1,0,0,0,0,0,0,0,0,0,2,0,1,0,0,0,0,0,0,0,0,0,0,0,0,0,0,0,0,0,0,0,0,0,0,0,1,0,0,0,0,0,0,0,0,0,1,0,0,0,0,0,0,0,0,0,0,0,0,0,0,0,0,1,0,0,0,0,562.0,Escherichia coli,Bacteria
116507,,16475888,CHEMBL3768664,Antibacterial activity against ESBL negative Escherichia coli 25922 after 18 hrs by agar dilution assay,F,BAO_0002146,BAO_0000218,organism-based format,C[C@H]1[C@H](NC(=O)/C(=N\OC(C)(C)C(=O)O)c2csc(N)n2)C(=O)N1S(=O)(=O)O,CHEMBL3763031,Eur J Med Chem,2016.0,CHEMBL158,AZTREONAM,CHEMBL158,0,http://www.openphacts.org/units/MicrogramPerMilliliter,2757737,=,1,1,=,MIC,ug.mL-1,0.125,CHEMBL354,Escherichia coli,Escherichia coli,562.0,,MIC,ug ml-1,UO_0000274,0.125,CHEMBL158,C[C@H]1[C@H](NC(=O)/C(=N\OC(C)(C)C(=O)O)c2csc(N)n2)C(=O)N1S(=O)(=O)O,12.562141912320484,12.562141912320484,0.0349535856009066,-4.756268639419342,0.174788224513646,20.5,435.44000000000017,418.30400000000014,435.051854504,154,0,0.3620751467724121,-0.4782270320177159,0.4782270320177159,0.3620751467724121,1.4642857142857142,2.071428571428572,2.5,32.24529764273617,10.00401161573638,2.513331128805475,-2.416338874010568,2.230948535260857,-2.707807208919476,7.836563836647012,-0.1608446168429468,2.971847309732629,2.2592762983237704,953.8851353067348,21.43879310982592,14.8114553779692,16.444448539824652,12.752743308167698,7.578995896792942,9.855612118054724,6.221230582074894,8.399971119282888,3.730567932227123,5.414072402778615,2.1128455580549623,3.54351374163482,-2.78,690205.5939907836,21.519292322605008,7.325918985638601,4.204134383579708,162.59031069995737,20.994572059745856,11.735768823996422,10.843243482610037,5.601050810983688,11.814359458703011,16.27347016397548,14.141824241834009,14.083731696315263,8.417796984328938,11.336785877934735,5.15571272675054,20.771211599071872,5.380062770465915,6.041840829147961,37.29827438881211,50.26785898322327,0.0,14.605983116249774,5.15571272675054,38.455944068351485,5.733667477162185,11.073990765314376,0.0,0.0,11.050456081168516,5.131558479839333,0.0,11.336785877934735,68.54635098380861,29.525365011975733,0.0,26.46513959392033,10.535775497216456,0.0,0.0,0.0,201.58,51.4842470947288,22.801408536544404,0.0,15.130702465984026,0.0,11.336785877934735,26.151274369537788,0.0,0.0,15.456479851704078,20.23053332942989,31.44978820569469,0.9796905422586336,44.39737831563419,16.334751159546904,3.256457088644816,-3.375611656986792,-2.3123389733980013,0.0,3.692820624691566,-4.756268639419342,0.4615384615384615,28,5,13,0,1,1,0,1,1,10,4,15,7,0,1,1,2,-1.172499999999998,95.65050000000004,1,0,0,1,0,1,0,0,1,1,3,2,0,0,0,3,1,1,0,0,0,0,0,0,0,0,0,2,0,1,0,0,0,0,0,0,0,0,0,0,0,0,0,0,0,0,0,0,0,0,0,0,0,1,0,0,0,0,0,0,0,0,0,1,0,0,0,0,0,0,0,0,0,0,0,0,0,0,0,0,1,0,0,0,0,562.0,Escherichia coli,Bacteria
116507,,16475888,CHEMBL3768664,Antibacterial activity against ESBL negative Escherichia coli 25922 after 18 hrs by agar dilution assay,F,BAO_0002146,BAO_0000218,organism-based format,C[C@H]1[C@H](NC(=O)/C(=N\OC(C)(C)C(=O)O)c2csc(N)n2)C(=O)N1S(=O)(=O)O,CHEMBL3763031,Eur J Med Chem,2016.0,CHEMBL158,AZTREONAM,CHEMBL158,0,http://www.openphacts.org/units/MicrogramPerMilliliter,2757737,=,1,1,=,MIC,ug.mL-1,0.125,CHEMBL354,Escherichia coli,Escherichia coli,562.0,,MIC,ug ml-1,UO_0000274,0.125,CHEMBL158,C[C@H]1[C@H](NC(=O)/C(=N\OC(C)(C)C(=O)O)c2csc(N)n2)C(=O)N1S(=O)(=O)O,12.562141912320484,12.562141912320484,0.0349535856009066,-4.756268639419342,0.174788224513646,20.5,435.44000000000017,418.30400000000014,435.051854504,154,0,0.3620751467724121,-0.4782270320177159,0.4782270320177159,0.3620751467724121,1.4642857142857142,2.071428571428572,2.5,32.24529764273617,10.00401161573638,2.513331128805475,-2.416338874010568,2.230948535260857,-2.707807208919476,7.836563836647012,-0.1608446168429468,2.971847309732629,2.2592762983237704,953.8851353067348,21.43879310982592,14.8114553779692,16.444448539824652,12.752743308167698,7.578995896792942,9.855612118054724,6.221230582074894,8.399971119282888,3.730567932227123,5.414072402778615,2.1128455580549623,3.54351374163482,-2.78,690205.5939907836,21.519292322605008,7.325918985638601,4.204134383579708,162.59031069995737,20.994572059745856,11.735768823996422,10.843243482610037,5.601050810983688,11.814359458703011,16.27347016397548,14.141824241834009,14.083731696315263,8.417796984328938,11.336785877934735,5.15571272675054,20.771211599071872,5.380062770465915,6.041840829147961,37.29827438881211,50.26785898322327,0.0,14.605983116249774,5.15571272675054,38.455944068351485,5.733667477162185,11.073990765314376,0.0,0.0,11.050456081168516,5.131558479839333,0.0,11.336785877934735,68.54635098380861,29.525365011975733,0.0,26.46513959392033,10.535775497216456,0.0,0.0,0.0,201.58,51.4842470947288,22.801408536544404,0.0,15.130702465984026,0.0,11.336785877934735,26.151274369537788,0.0,0.0,15.456479851704078,20.23053332942989,31.44978820569469,0.9796905422586336,44.39737831563419,16.334751159546904,3.256457088644816,-3.375611656986792,-2.3123389733980013,0.0,3.692820624691566,-4.756268639419342,0.4615384615384615,28,5,13,0,1,1,0,1,1,10,4,15,7,0,1,1,2,-1.172499999999998,95.65050000000004,1,0,0,1,0,1,0,0,1,1,3,2,0,0,0,3,1,1,0,0,0,0,0,0,0,0,0,2,0,1,0,0,0,0,0,0,0,0,0,0,0,0,0,0,0,0,0,0,0,0,0,0,0,1,0,0,0,0,0,0,0,0,0,1,0,0,0,0,0,0,0,0,0,0,0,0,0,0,0,0,1,0,0,0,0,562.0,Escherichia coli,Bacteria
116507,,16475888,CHEMBL3768664,Antibacterial activity against ESBL negative Escherichia coli 25922 after 18 hrs by agar dilution assay,F,BAO_0002146,BAO_0000218,organism-based format,C[C@H]1[C@H](NC(=O)/C(=N\OC(C)(C)C(=O)O)c2csc(N)n2)C(=O)N1S(=O)(=O)O,CHEMBL3763031,Eur J Med Chem,2016.0,CHEMBL158,AZTREONAM,CHEMBL158,0,http://www.openphacts.org/units/MicrogramPerMilliliter,2757737,=,1,1,=,MIC,ug.mL-1,0.125,CHEMBL354,Escherichia coli,Escherichia coli,562.0,,MIC,ug ml-1,UO_0000274,0.125,CHEMBL158,C[C@H]1[C@H](NC(=O)/C(=N\OC(C)(C)C(=O)O)c2csc(N)n2)C(=O)N1S(=O)(=O)O,12.562141912320484,12.562141912320484,0.0349535856009066,-4.756268639419342,0.174788224513646,20.5,435.44000000000017,418.30400000000014,435.051854504,154,0,0.3620751467724121,-0.4782270320177159,0.4782270320177159,0.3620751467724121,1.4642857142857142,2.071428571428572,2.5,32.24529764273617,10.00401161573638,2.513331128805475,-2.416338874010568,2.230948535260857,-2.707807208919476,7.836563836647012,-0.1608446168429468,2.971847309732629,2.2592762983237704,953.8851353067348,21.43879310982592,14.8114553779692,16.444448539824652,12.752743308167698,7.578995896792942,9.855612118054724,6.221230582074894,8.399971119282888,3.730567932227123,5.414072402778615,2.1128455580549623,3.54351374163482,-2.78,690205.5939907836,21.519292322605008,7.325918985638601,4.204134383579708,162.59031069995737,20.994572059745856,11.735768823996422,10.843243482610037,5.601050810983688,11.814359458703011,16.27347016397548,14.141824241834009,14.083731696315263,8.417796984328938,11.336785877934735,5.15571272675054,20.771211599071872,5.380062770465915,6.041840829147961,37.29827438881211,50.26785898322327,0.0,14.605983116249774,5.15571272675054,38.455944068351485,5.733667477162185,11.073990765314376,0.0,0.0,11.050456081168516,5.131558479839333,0.0,11.336785877934735,68.54635098380861,29.525365011975733,0.0,26.46513959392033,10.535775497216456,0.0,0.0,0.0,201.58,51.4842470947288,22.801408536544404,0.0,15.130702465984026,0.0,11.336785877934735,26.151274369537788,0.0,0.0,15.456479851704078,20.23053332942989,31.44978820569469,0.9796905422586336,44.39737831563419,16.334751159546904,3.256457088644816,-3.375611656986792,-2.3123389733980013,0.0,3.692820624691566,-4.756268639419342,0.4615384615384615,28,5,13,0,1,1,0,1,1,10,4,15,7,0,1,1,2,-1.172499999999998,95.65050000000004,1,0,0,1,0,1,0,0,1,1,3,2,0,0,0,3,1,1,0,0,0,0,0,0,0,0,0,2,0,1,0,0,0,0,0,0,0,0,0,0,0,0,0,0,0,0,0,0,0,0,0,0,0,1,0,0,0,0,0,0,0,0,0,1,0,0,0,0,0,0,0,0,0,0,0,0,0,0,0,0,1,0,0,0,0,562.0,Escherichia coli,Bacteria
116508,,16475904,CHEMBL3768663,Antibacterial activity against ESBL negative Escherichia coli 1515 after 18 hrs by agar dilution assay,F,BAO_0002146,BAO_0000218,organism-based format,C[C@H]1[C@H](NC(=O)/C(=N\OC(C)(C)C(=O)O)c2csc(N)n2)C(=O)N1S(=O)(=O)O,CHEMBL3763031,Eur J Med Chem,2016.0,CHEMBL158,AZTREONAM,CHEMBL158,0,http://www.openphacts.org/units/MicrogramPerMilliliter,2757737,=,1,1,=,MIC,ug.mL-1,0.125,CHEMBL354,Escherichia coli,Escherichia coli,562.0,,MIC,ug ml-1,UO_0000274,0.125,CHEMBL158,C[C@H]1[C@H](NC(=O)/C(=N\OC(C)(C)C(=O)O)c2csc(N)n2)C(=O)N1S(=O)(=O)O,12.562141912320484,12.562141912320484,0.0349535856009066,-4.756268639419342,0.174788224513646,20.5,435.44000000000017,418.30400000000014,435.051854504,154,0,0.3620751467724121,-0.4782270320177159,0.4782270320177159,0.3620751467724121,1.4642857142857142,2.071428571428572,2.5,32.24529764273617,10.00401161573638,2.513331128805475,-2.416338874010568,2.230948535260857,-2.707807208919476,7.836563836647012,-0.1608446168429468,2.971847309732629,2.2592762983237704,953.8851353067348,21.43879310982592,14.8114553779692,16.444448539824652,12.752743308167698,7.578995896792942,9.855612118054724,6.221230582074894,8.399971119282888,3.730567932227123,5.414072402778615,2.1128455580549623,3.54351374163482,-2.78,690205.5939907836,21.519292322605008,7.325918985638601,4.204134383579708,162.59031069995737,20.994572059745856,11.735768823996422,10.843243482610037,5.601050810983688,11.814359458703011,16.27347016397548,14.141824241834009,14.083731696315263,8.417796984328938,11.336785877934735,5.15571272675054,20.771211599071872,5.380062770465915,6.041840829147961,37.29827438881211,50.26785898322327,0.0,14.605983116249774,5.15571272675054,38.455944068351485,5.733667477162185,11.073990765314376,0.0,0.0,11.050456081168516,5.131558479839333,0.0,11.336785877934735,68.54635098380861,29.525365011975733,0.0,26.46513959392033,10.535775497216456,0.0,0.0,0.0,201.58,51.4842470947288,22.801408536544404,0.0,15.130702465984026,0.0,11.336785877934735,26.151274369537788,0.0,0.0,15.456479851704078,20.23053332942989,31.44978820569469,0.9796905422586336,44.39737831563419,16.334751159546904,3.256457088644816,-3.375611656986792,-2.3123389733980013,0.0,3.692820624691566,-4.756268639419342,0.4615384615384615,28,5,13,0,1,1,0,1,1,10,4,15,7,0,1,1,2,-1.172499999999998,95.65050000000004,1,0,0,1,0,1,0,0,1,1,3,2,0,0,0,3,1,1,0,0,0,0,0,0,0,0,0,2,0,1,0,0,0,0,0,0,0,0,0,0,0,0,0,0,0,0,0,0,0,0,0,0,0,1,0,0,0,0,0,0,0,0,0,1,0,0,0,0,0,0,0,0,0,0,0,0,0,0,0,0,1,0,0,0,0,562.0,Escherichia coli,Bacteria
116508,,16475904,CHEMBL3768663,Antibacterial activity against ESBL negative Escherichia coli 1515 after 18 hrs by agar dilution assay,F,BAO_0002146,BAO_0000218,organism-based format,C[C@H]1[C@H](NC(=O)/C(=N\OC(C)(C)C(=O)O)c2csc(N)n2)C(=O)N1S(=O)(=O)O,CHEMBL3763031,Eur J Med Chem,2016.0,CHEMBL158,AZTREONAM,CHEMBL158,0,http://www.openphacts.org/units/MicrogramPerMilliliter,2757737,=,1,1,=,MIC,ug.mL-1,0.125,CHEMBL354,Escherichia coli,Escherichia coli,562.0,,MIC,ug ml-1,UO_0000274,0.125,CHEMBL158,C[C@H]1[C@H](NC(=O)/C(=N\OC(C)(C)C(=O)O)c2csc(N)n2)C(=O)N1S(=O)(=O)O,12.562141912320484,12.562141912320484,0.0349535856009066,-4.756268639419342,0.174788224513646,20.5,435.44000000000017,418.30400000000014,435.051854504,154,0,0.3620751467724121,-0.4782270320177159,0.4782270320177159,0.3620751467724121,1.4642857142857142,2.071428571428572,2.5,32.24529764273617,10.00401161573638,2.513331128805475,-2.416338874010568,2.230948535260857,-2.707807208919476,7.836563836647012,-0.1608446168429468,2.971847309732629,2.2592762983237704,953.8851353067348,21.43879310982592,14.8114553779692,16.444448539824652,12.752743308167698,7.578995896792942,9.855612118054724,6.221230582074894,8.399971119282888,3.730567932227123,5.414072402778615,2.1128455580549623,3.54351374163482,-2.78,690205.5939907836,21.519292322605008,7.325918985638601,4.204134383579708,162.59031069995737,20.994572059745856,11.735768823996422,10.843243482610037,5.601050810983688,11.814359458703011,16.27347016397548,14.141824241834009,14.083731696315263,8.417796984328938,11.336785877934735,5.15571272675054,20.771211599071872,5.380062770465915,6.041840829147961,37.29827438881211,50.26785898322327,0.0,14.605983116249774,5.15571272675054,38.455944068351485,5.733667477162185,11.073990765314376,0.0,0.0,11.050456081168516,5.131558479839333,0.0,11.336785877934735,68.54635098380861,29.525365011975733,0.0,26.46513959392033,10.535775497216456,0.0,0.0,0.0,201.58,51.4842470947288,22.801408536544404,0.0,15.130702465984026,0.0,11.336785877934735,26.151274369537788,0.0,0.0,15.456479851704078,20.23053332942989,31.44978820569469,0.9796905422586336,44.39737831563419,16.334751159546904,3.256457088644816,-3.375611656986792,-2.3123389733980013,0.0,3.692820624691566,-4.756268639419342,0.4615384615384615,28,5,13,0,1,1,0,1,1,10,4,15,7,0,1,1,2,-1.172499999999998,95.65050000000004,1,0,0,1,0,1,0,0,1,1,3,2,0,0,0,3,1,1,0,0,0,0,0,0,0,0,0,2,0,1,0,0,0,0,0,0,0,0,0,0,0,0,0,0,0,0,0,0,0,0,0,0,0,1,0,0,0,0,0,0,0,0,0,1,0,0,0,0,0,0,0,0,0,0,0,0,0,0,0,0,1,0,0,0,0,562.0,Escherichia coli,Bacteria
116508,,16475904,CHEMBL3768663,Antibacterial activity against ESBL negative Escherichia coli 1515 after 18 hrs by agar dilution assay,F,BAO_0002146,BAO_0000218,organism-based format,C[C@H]1[C@H](NC(=O)/C(=N\OC(C)(C)C(=O)O)c2csc(N)n2)C(=O)N1S(=O)(=O)O,CHEMBL3763031,Eur J Med Chem,2016.0,CHEMBL158,AZTREONAM,CHEMBL158,0,http://www.openphacts.org/units/MicrogramPerMilliliter,2757737,=,1,1,=,MIC,ug.mL-1,0.125,CHEMBL354,Escherichia coli,Escherichia coli,562.0,,MIC,ug ml-1,UO_0000274,0.125,CHEMBL158,C[C@H]1[C@H](NC(=O)/C(=N\OC(C)(C)C(=O)O)c2csc(N)n2)C(=O)N1S(=O)(=O)O,12.562141912320484,12.562141912320484,0.0349535856009066,-4.756268639419342,0.174788224513646,20.5,435.44000000000017,418.30400000000014,435.051854504,154,0,0.3620751467724121,-0.4782270320177159,0.4782270320177159,0.3620751467724121,1.4642857142857142,2.071428571428572,2.5,32.24529764273617,10.00401161573638,2.513331128805475,-2.416338874010568,2.230948535260857,-2.707807208919476,7.836563836647012,-0.1608446168429468,2.971847309732629,2.2592762983237704,953.8851353067348,21.43879310982592,14.8114553779692,16.444448539824652,12.752743308167698,7.578995896792942,9.855612118054724,6.221230582074894,8.399971119282888,3.730567932227123,5.414072402778615,2.1128455580549623,3.54351374163482,-2.78,690205.5939907836,21.519292322605008,7.325918985638601,4.204134383579708,162.59031069995737,20.994572059745856,11.735768823996422,10.843243482610037,5.601050810983688,11.814359458703011,16.27347016397548,14.141824241834009,14.083731696315263,8.417796984328938,11.336785877934735,5.15571272675054,20.771211599071872,5.380062770465915,6.041840829147961,37.29827438881211,50.26785898322327,0.0,14.605983116249774,5.15571272675054,38.455944068351485,5.733667477162185,11.073990765314376,0.0,0.0,11.050456081168516,5.131558479839333,0.0,11.336785877934735,68.54635098380861,29.525365011975733,0.0,26.46513959392033,10.535775497216456,0.0,0.0,0.0,201.58,51.4842470947288,22.801408536544404,0.0,15.130702465984026,0.0,11.336785877934735,26.151274369537788,0.0,0.0,15.456479851704078,20.23053332942989,31.44978820569469,0.9796905422586336,44.39737831563419,16.334751159546904,3.256457088644816,-3.375611656986792,-2.3123389733980013,0.0,3.692820624691566,-4.756268639419342,0.4615384615384615,28,5,13,0,1,1,0,1,1,10,4,15,7,0,1,1,2,-1.172499999999998,95.65050000000004,1,0,0,1,0,1,0,0,1,1,3,2,0,0,0,3,1,1,0,0,0,0,0,0,0,0,0,2,0,1,0,0,0,0,0,0,0,0,0,0,0,0,0,0,0,0,0,0,0,0,0,0,0,1,0,0,0,0,0,0,0,0,0,1,0,0,0,0,0,0,0,0,0,0,0,0,0,0,0,0,1,0,0,0,0,562.0,Escherichia coli,Bacteria
116508,,16475904,CHEMBL3768663,Antibacterial activity against ESBL negative Escherichia coli 1515 after 18 hrs by agar dilution assay,F,BAO_0002146,BAO_0000218,organism-based format,C[C@H]1[C@H](NC(=O)/C(=N\OC(C)(C)C(=O)O)c2csc(N)n2)C(=O)N1S(=O)(=O)O,CHEMBL3763031,Eur J Med Chem,2016.0,CHEMBL158,AZTREONAM,CHEMBL158,0,http://www.openphacts.org/units/MicrogramPerMilliliter,2757737,=,1,1,=,MIC,ug.mL-1,0.125,CHEMBL354,Escherichia coli,Escherichia coli,562.0,,MIC,ug ml-1,UO_0000274,0.125,CHEMBL158,C[C@H]1[C@H](NC(=O)/C(=N\OC(C)(C)C(=O)O)c2csc(N)n2)C(=O)N1S(=O)(=O)O,12.562141912320484,12.562141912320484,0.0349535856009066,-4.756268639419342,0.174788224513646,20.5,435.44000000000017,418.30400000000014,435.051854504,154,0,0.3620751467724121,-0.4782270320177159,0.4782270320177159,0.3620751467724121,1.4642857142857142,2.071428571428572,2.5,32.24529764273617,10.00401161573638,2.513331128805475,-2.416338874010568,2.230948535260857,-2.707807208919476,7.836563836647012,-0.1608446168429468,2.971847309732629,2.2592762983237704,953.8851353067348,21.43879310982592,14.8114553779692,16.444448539824652,12.752743308167698,7.578995896792942,9.855612118054724,6.221230582074894,8.399971119282888,3.730567932227123,5.414072402778615,2.1128455580549623,3.54351374163482,-2.78,690205.5939907836,21.519292322605008,7.325918985638601,4.204134383579708,162.59031069995737,20.994572059745856,11.735768823996422,10.843243482610037,5.601050810983688,11.814359458703011,16.27347016397548,14.141824241834009,14.083731696315263,8.417796984328938,11.336785877934735,5.15571272675054,20.771211599071872,5.380062770465915,6.041840829147961,37.29827438881211,50.26785898322327,0.0,14.605983116249774,5.15571272675054,38.455944068351485,5.733667477162185,11.073990765314376,0.0,0.0,11.050456081168516,5.131558479839333,0.0,11.336785877934735,68.54635098380861,29.525365011975733,0.0,26.46513959392033,10.535775497216456,0.0,0.0,0.0,201.58,51.4842470947288,22.801408536544404,0.0,15.130702465984026,0.0,11.336785877934735,26.151274369537788,0.0,0.0,15.456479851704078,20.23053332942989,31.44978820569469,0.9796905422586336,44.39737831563419,16.334751159546904,3.256457088644816,-3.375611656986792,-2.3123389733980013,0.0,3.692820624691566,-4.756268639419342,0.4615384615384615,28,5,13,0,1,1,0,1,1,10,4,15,7,0,1,1,2,-1.172499999999998,95.65050000000004,1,0,0,1,0,1,0,0,1,1,3,2,0,0,0,3,1,1,0,0,0,0,0,0,0,0,0,2,0,1,0,0,0,0,0,0,0,0,0,0,0,0,0,0,0,0,0,0,0,0,0,0,0,1,0,0,0,0,0,0,0,0,0,1,0,0,0,0,0,0,0,0,0,0,0,0,0,0,0,0,1,0,0,0,0,562.0,Escherichia coli,Bacteria
116509,,16475920,CHEMBL3768662,Antibacterial activity against ESBL positive Escherichia coli 09-1 after 18 hrs by agar dilution assay,F,BAO_0002146,BAO_0000218,organism-based format,C[C@H]1[C@H](NC(=O)/C(=N\OC(C)(C)C(=O)O)c2csc(N)n2)C(=O)N1S(=O)(=O)O,CHEMBL3763031,Eur J Med Chem,2016.0,CHEMBL158,AZTREONAM,CHEMBL158,0,http://www.openphacts.org/units/MicrogramPerMilliliter,2757737,=,1,1,=,MIC,ug.mL-1,8.0,CHEMBL354,Escherichia coli,Escherichia coli,562.0,,MIC,ug ml-1,UO_0000274,8.0,CHEMBL158,C[C@H]1[C@H](NC(=O)/C(=N\OC(C)(C)C(=O)O)c2csc(N)n2)C(=O)N1S(=O)(=O)O,12.562141912320484,12.562141912320484,0.0349535856009066,-4.756268639419342,0.174788224513646,20.5,435.44000000000017,418.30400000000014,435.051854504,154,0,0.3620751467724121,-0.4782270320177159,0.4782270320177159,0.3620751467724121,1.4642857142857142,2.071428571428572,2.5,32.24529764273617,10.00401161573638,2.513331128805475,-2.416338874010568,2.230948535260857,-2.707807208919476,7.836563836647012,-0.1608446168429468,2.971847309732629,2.2592762983237704,953.8851353067348,21.43879310982592,14.8114553779692,16.444448539824652,12.752743308167698,7.578995896792942,9.855612118054724,6.221230582074894,8.399971119282888,3.730567932227123,5.414072402778615,2.1128455580549623,3.54351374163482,-2.78,690205.5939907836,21.519292322605008,7.325918985638601,4.204134383579708,162.59031069995737,20.994572059745856,11.735768823996422,10.843243482610037,5.601050810983688,11.814359458703011,16.27347016397548,14.141824241834009,14.083731696315263,8.417796984328938,11.336785877934735,5.15571272675054,20.771211599071872,5.380062770465915,6.041840829147961,37.29827438881211,50.26785898322327,0.0,14.605983116249774,5.15571272675054,38.455944068351485,5.733667477162185,11.073990765314376,0.0,0.0,11.050456081168516,5.131558479839333,0.0,11.336785877934735,68.54635098380861,29.525365011975733,0.0,26.46513959392033,10.535775497216456,0.0,0.0,0.0,201.58,51.4842470947288,22.801408536544404,0.0,15.130702465984026,0.0,11.336785877934735,26.151274369537788,0.0,0.0,15.456479851704078,20.23053332942989,31.44978820569469,0.9796905422586336,44.39737831563419,16.334751159546904,3.256457088644816,-3.375611656986792,-2.3123389733980013,0.0,3.692820624691566,-4.756268639419342,0.4615384615384615,28,5,13,0,1,1,0,1,1,10,4,15,7,0,1,1,2,-1.172499999999998,95.65050000000004,1,0,0,1,0,1,0,0,1,1,3,2,0,0,0,3,1,1,0,0,0,0,0,0,0,0,0,2,0,1,0,0,0,0,0,0,0,0,0,0,0,0,0,0,0,0,0,0,0,0,0,0,0,1,0,0,0,0,0,0,0,0,0,1,0,0,0,0,0,0,0,0,0,0,0,0,0,0,0,0,1,0,0,0,0,562.0,Escherichia coli,Bacteria
116509,,16475920,CHEMBL3768662,Antibacterial activity against ESBL positive Escherichia coli 09-1 after 18 hrs by agar dilution assay,F,BAO_0002146,BAO_0000218,organism-based format,C[C@H]1[C@H](NC(=O)/C(=N\OC(C)(C)C(=O)O)c2csc(N)n2)C(=O)N1S(=O)(=O)O,CHEMBL3763031,Eur J Med Chem,2016.0,CHEMBL158,AZTREONAM,CHEMBL158,0,http://www.openphacts.org/units/MicrogramPerMilliliter,2757737,=,1,1,=,MIC,ug.mL-1,8.0,CHEMBL354,Escherichia coli,Escherichia coli,562.0,,MIC,ug ml-1,UO_0000274,8.0,CHEMBL158,C[C@H]1[C@H](NC(=O)/C(=N\OC(C)(C)C(=O)O)c2csc(N)n2)C(=O)N1S(=O)(=O)O,12.562141912320484,12.562141912320484,0.0349535856009066,-4.756268639419342,0.174788224513646,20.5,435.44000000000017,418.30400000000014,435.051854504,154,0,0.3620751467724121,-0.4782270320177159,0.4782270320177159,0.3620751467724121,1.4642857142857142,2.071428571428572,2.5,32.24529764273617,10.00401161573638,2.513331128805475,-2.416338874010568,2.230948535260857,-2.707807208919476,7.836563836647012,-0.1608446168429468,2.971847309732629,2.2592762983237704,953.8851353067348,21.43879310982592,14.8114553779692,16.444448539824652,12.752743308167698,7.578995896792942,9.855612118054724,6.221230582074894,8.399971119282888,3.730567932227123,5.414072402778615,2.1128455580549623,3.54351374163482,-2.78,690205.5939907836,21.519292322605008,7.325918985638601,4.204134383579708,162.59031069995737,20.994572059745856,11.735768823996422,10.843243482610037,5.601050810983688,11.814359458703011,16.27347016397548,14.141824241834009,14.083731696315263,8.417796984328938,11.336785877934735,5.15571272675054,20.771211599071872,5.380062770465915,6.041840829147961,37.29827438881211,50.26785898322327,0.0,14.605983116249774,5.15571272675054,38.455944068351485,5.733667477162185,11.073990765314376,0.0,0.0,11.050456081168516,5.131558479839333,0.0,11.336785877934735,68.54635098380861,29.525365011975733,0.0,26.46513959392033,10.535775497216456,0.0,0.0,0.0,201.58,51.4842470947288,22.801408536544404,0.0,15.130702465984026,0.0,11.336785877934735,26.151274369537788,0.0,0.0,15.456479851704078,20.23053332942989,31.44978820569469,0.9796905422586336,44.39737831563419,16.334751159546904,3.256457088644816,-3.375611656986792,-2.3123389733980013,0.0,3.692820624691566,-4.756268639419342,0.4615384615384615,28,5,13,0,1,1,0,1,1,10,4,15,7,0,1,1,2,-1.172499999999998,95.65050000000004,1,0,0,1,0,1,0,0,1,1,3,2,0,0,0,3,1,1,0,0,0,0,0,0,0,0,0,2,0,1,0,0,0,0,0,0,0,0,0,0,0,0,0,0,0,0,0,0,0,0,0,0,0,1,0,0,0,0,0,0,0,0,0,1,0,0,0,0,0,0,0,0,0,0,0,0,0,0,0,0,1,0,0,0,0,562.0,Escherichia coli,Bacteria
116509,,16475920,CHEMBL3768662,Antibacterial activity against ESBL positive Escherichia coli 09-1 after 18 hrs by agar dilution assay,F,BAO_0002146,BAO_0000218,organism-based format,C[C@H]1[C@H](NC(=O)/C(=N\OC(C)(C)C(=O)O)c2csc(N)n2)C(=O)N1S(=O)(=O)O,CHEMBL3763031,Eur J Med Chem,2016.0,CHEMBL158,AZTREONAM,CHEMBL158,0,http://www.openphacts.org/units/MicrogramPerMilliliter,2757737,=,1,1,=,MIC,ug.mL-1,8.0,CHEMBL354,Escherichia coli,Escherichia coli,562.0,,MIC,ug ml-1,UO_0000274,8.0,CHEMBL158,C[C@H]1[C@H](NC(=O)/C(=N\OC(C)(C)C(=O)O)c2csc(N)n2)C(=O)N1S(=O)(=O)O,12.562141912320484,12.562141912320484,0.0349535856009066,-4.756268639419342,0.174788224513646,20.5,435.44000000000017,418.30400000000014,435.051854504,154,0,0.3620751467724121,-0.4782270320177159,0.4782270320177159,0.3620751467724121,1.4642857142857142,2.071428571428572,2.5,32.24529764273617,10.00401161573638,2.513331128805475,-2.416338874010568,2.230948535260857,-2.707807208919476,7.836563836647012,-0.1608446168429468,2.971847309732629,2.2592762983237704,953.8851353067348,21.43879310982592,14.8114553779692,16.444448539824652,12.752743308167698,7.578995896792942,9.855612118054724,6.221230582074894,8.399971119282888,3.730567932227123,5.414072402778615,2.1128455580549623,3.54351374163482,-2.78,690205.5939907836,21.519292322605008,7.325918985638601,4.204134383579708,162.59031069995737,20.994572059745856,11.735768823996422,10.843243482610037,5.601050810983688,11.814359458703011,16.27347016397548,14.141824241834009,14.083731696315263,8.417796984328938,11.336785877934735,5.15571272675054,20.771211599071872,5.380062770465915,6.041840829147961,37.29827438881211,50.26785898322327,0.0,14.605983116249774,5.15571272675054,38.455944068351485,5.733667477162185,11.073990765314376,0.0,0.0,11.050456081168516,5.131558479839333,0.0,11.336785877934735,68.54635098380861,29.525365011975733,0.0,26.46513959392033,10.535775497216456,0.0,0.0,0.0,201.58,51.4842470947288,22.801408536544404,0.0,15.130702465984026,0.0,11.336785877934735,26.151274369537788,0.0,0.0,15.456479851704078,20.23053332942989,31.44978820569469,0.9796905422586336,44.39737831563419,16.334751159546904,3.256457088644816,-3.375611656986792,-2.3123389733980013,0.0,3.692820624691566,-4.756268639419342,0.4615384615384615,28,5,13,0,1,1,0,1,1,10,4,15,7,0,1,1,2,-1.172499999999998,95.65050000000004,1,0,0,1,0,1,0,0,1,1,3,2,0,0,0,3,1,1,0,0,0,0,0,0,0,0,0,2,0,1,0,0,0,0,0,0,0,0,0,0,0,0,0,0,0,0,0,0,0,0,0,0,0,1,0,0,0,0,0,0,0,0,0,1,0,0,0,0,0,0,0,0,0,0,0,0,0,0,0,0,1,0,0,0,0,562.0,Escherichia coli,Bacteria
116509,,16475920,CHEMBL3768662,Antibacterial activity against ESBL positive Escherichia coli 09-1 after 18 hrs by agar dilution assay,F,BAO_0002146,BAO_0000218,organism-based format,C[C@H]1[C@H](NC(=O)/C(=N\OC(C)(C)C(=O)O)c2csc(N)n2)C(=O)N1S(=O)(=O)O,CHEMBL3763031,Eur J Med Chem,2016.0,CHEMBL158,AZTREONAM,CHEMBL158,0,http://www.openphacts.org/units/MicrogramPerMilliliter,2757737,=,1,1,=,MIC,ug.mL-1,8.0,CHEMBL354,Escherichia coli,Escherichia coli,562.0,,MIC,ug ml-1,UO_0000274,8.0,CHEMBL158,C[C@H]1[C@H](NC(=O)/C(=N\OC(C)(C)C(=O)O)c2csc(N)n2)C(=O)N1S(=O)(=O)O,12.562141912320484,12.562141912320484,0.0349535856009066,-4.756268639419342,0.174788224513646,20.5,435.44000000000017,418.30400000000014,435.051854504,154,0,0.3620751467724121,-0.4782270320177159,0.4782270320177159,0.3620751467724121,1.4642857142857142,2.071428571428572,2.5,32.24529764273617,10.00401161573638,2.513331128805475,-2.416338874010568,2.230948535260857,-2.707807208919476,7.836563836647012,-0.1608446168429468,2.971847309732629,2.2592762983237704,953.8851353067348,21.43879310982592,14.8114553779692,16.444448539824652,12.752743308167698,7.578995896792942,9.855612118054724,6.221230582074894,8.399971119282888,3.730567932227123,5.414072402778615,2.1128455580549623,3.54351374163482,-2.78,690205.5939907836,21.519292322605008,7.325918985638601,4.204134383579708,162.59031069995737,20.994572059745856,11.735768823996422,10.843243482610037,5.601050810983688,11.814359458703011,16.27347016397548,14.141824241834009,14.083731696315263,8.417796984328938,11.336785877934735,5.15571272675054,20.771211599071872,5.380062770465915,6.041840829147961,37.29827438881211,50.26785898322327,0.0,14.605983116249774,5.15571272675054,38.455944068351485,5.733667477162185,11.073990765314376,0.0,0.0,11.050456081168516,5.131558479839333,0.0,11.336785877934735,68.54635098380861,29.525365011975733,0.0,26.46513959392033,10.535775497216456,0.0,0.0,0.0,201.58,51.4842470947288,22.801408536544404,0.0,15.130702465984026,0.0,11.336785877934735,26.151274369537788,0.0,0.0,15.456479851704078,20.23053332942989,31.44978820569469,0.9796905422586336,44.39737831563419,16.334751159546904,3.256457088644816,-3.375611656986792,-2.3123389733980013,0.0,3.692820624691566,-4.756268639419342,0.4615384615384615,28,5,13,0,1,1,0,1,1,10,4,15,7,0,1,1,2,-1.172499999999998,95.65050000000004,1,0,0,1,0,1,0,0,1,1,3,2,0,0,0,3,1,1,0,0,0,0,0,0,0,0,0,2,0,1,0,0,0,0,0,0,0,0,0,0,0,0,0,0,0,0,0,0,0,0,0,0,0,1,0,0,0,0,0,0,0,0,0,1,0,0,0,0,0,0,0,0,0,0,0,0,0,0,0,0,1,0,0,0,0,562.0,Escherichia coli,Bacteria
116510,,16475936,CHEMBL3768661,Antibacterial activity against ESBL negative Escherichia coli 09-20 after 18 hrs by agar dilution assay,F,BAO_0002146,BAO_0000218,organism-based format,C[C@H]1[C@H](NC(=O)/C(=N\OC(C)(C)C(=O)O)c2csc(N)n2)C(=O)N1S(=O)(=O)O,CHEMBL3763031,Eur J Med Chem,2016.0,CHEMBL158,AZTREONAM,CHEMBL158,0,http://www.openphacts.org/units/MicrogramPerMilliliter,2757737,>,1,1,>,MIC,ug.mL-1,256.0,CHEMBL354,Escherichia coli,Escherichia coli,562.0,,MIC,ug ml-1,UO_0000274,256.0,CHEMBL158,C[C@H]1[C@H](NC(=O)/C(=N\OC(C)(C)C(=O)O)c2csc(N)n2)C(=O)N1S(=O)(=O)O,12.562141912320484,12.562141912320484,0.0349535856009066,-4.756268639419342,0.174788224513646,20.5,435.44000000000017,418.30400000000014,435.051854504,154,0,0.3620751467724121,-0.4782270320177159,0.4782270320177159,0.3620751467724121,1.4642857142857142,2.071428571428572,2.5,32.24529764273617,10.00401161573638,2.513331128805475,-2.416338874010568,2.230948535260857,-2.707807208919476,7.836563836647012,-0.1608446168429468,2.971847309732629,2.2592762983237704,953.8851353067348,21.43879310982592,14.8114553779692,16.444448539824652,12.752743308167698,7.578995896792942,9.855612118054724,6.221230582074894,8.399971119282888,3.730567932227123,5.414072402778615,2.1128455580549623,3.54351374163482,-2.78,690205.5939907836,21.519292322605008,7.325918985638601,4.204134383579708,162.59031069995737,20.994572059745856,11.735768823996422,10.843243482610037,5.601050810983688,11.814359458703011,16.27347016397548,14.141824241834009,14.083731696315263,8.417796984328938,11.336785877934735,5.15571272675054,20.771211599071872,5.380062770465915,6.041840829147961,37.29827438881211,50.26785898322327,0.0,14.605983116249774,5.15571272675054,38.455944068351485,5.733667477162185,11.073990765314376,0.0,0.0,11.050456081168516,5.131558479839333,0.0,11.336785877934735,68.54635098380861,29.525365011975733,0.0,26.46513959392033,10.535775497216456,0.0,0.0,0.0,201.58,51.4842470947288,22.801408536544404,0.0,15.130702465984026,0.0,11.336785877934735,26.151274369537788,0.0,0.0,15.456479851704078,20.23053332942989,31.44978820569469,0.9796905422586336,44.39737831563419,16.334751159546904,3.256457088644816,-3.375611656986792,-2.3123389733980013,0.0,3.692820624691566,-4.756268639419342,0.4615384615384615,28,5,13,0,1,1,0,1,1,10,4,15,7,0,1,1,2,-1.172499999999998,95.65050000000004,1,0,0,1,0,1,0,0,1,1,3,2,0,0,0,3,1,1,0,0,0,0,0,0,0,0,0,2,0,1,0,0,0,0,0,0,0,0,0,0,0,0,0,0,0,0,0,0,0,0,0,0,0,1,0,0,0,0,0,0,0,0,0,1,0,0,0,0,0,0,0,0,0,0,0,0,0,0,0,0,1,0,0,0,0,562.0,Escherichia coli,Bacteria
116510,,16475936,CHEMBL3768661,Antibacterial activity against ESBL negative Escherichia coli 09-20 after 18 hrs by agar dilution assay,F,BAO_0002146,BAO_0000218,organism-based format,C[C@H]1[C@H](NC(=O)/C(=N\OC(C)(C)C(=O)O)c2csc(N)n2)C(=O)N1S(=O)(=O)O,CHEMBL3763031,Eur J Med Chem,2016.0,CHEMBL158,AZTREONAM,CHEMBL158,0,http://www.openphacts.org/units/MicrogramPerMilliliter,2757737,>,1,1,>,MIC,ug.mL-1,256.0,CHEMBL354,Escherichia coli,Escherichia coli,562.0,,MIC,ug ml-1,UO_0000274,256.0,CHEMBL158,C[C@H]1[C@H](NC(=O)/C(=N\OC(C)(C)C(=O)O)c2csc(N)n2)C(=O)N1S(=O)(=O)O,12.562141912320484,12.562141912320484,0.0349535856009066,-4.756268639419342,0.174788224513646,20.5,435.44000000000017,418.30400000000014,435.051854504,154,0,0.3620751467724121,-0.4782270320177159,0.4782270320177159,0.3620751467724121,1.4642857142857142,2.071428571428572,2.5,32.24529764273617,10.00401161573638,2.513331128805475,-2.416338874010568,2.230948535260857,-2.707807208919476,7.836563836647012,-0.1608446168429468,2.971847309732629,2.2592762983237704,953.8851353067348,21.43879310982592,14.8114553779692,16.444448539824652,12.752743308167698,7.578995896792942,9.855612118054724,6.221230582074894,8.399971119282888,3.730567932227123,5.414072402778615,2.1128455580549623,3.54351374163482,-2.78,690205.5939907836,21.519292322605008,7.325918985638601,4.204134383579708,162.59031069995737,20.994572059745856,11.735768823996422,10.843243482610037,5.601050810983688,11.814359458703011,16.27347016397548,14.141824241834009,14.083731696315263,8.417796984328938,11.336785877934735,5.15571272675054,20.771211599071872,5.380062770465915,6.041840829147961,37.29827438881211,50.26785898322327,0.0,14.605983116249774,5.15571272675054,38.455944068351485,5.733667477162185,11.073990765314376,0.0,0.0,11.050456081168516,5.131558479839333,0.0,11.336785877934735,68.54635098380861,29.525365011975733,0.0,26.46513959392033,10.535775497216456,0.0,0.0,0.0,201.58,51.4842470947288,22.801408536544404,0.0,15.130702465984026,0.0,11.336785877934735,26.151274369537788,0.0,0.0,15.456479851704078,20.23053332942989,31.44978820569469,0.9796905422586336,44.39737831563419,16.334751159546904,3.256457088644816,-3.375611656986792,-2.3123389733980013,0.0,3.692820624691566,-4.756268639419342,0.4615384615384615,28,5,13,0,1,1,0,1,1,10,4,15,7,0,1,1,2,-1.172499999999998,95.65050000000004,1,0,0,1,0,1,0,0,1,1,3,2,0,0,0,3,1,1,0,0,0,0,0,0,0,0,0,2,0,1,0,0,0,0,0,0,0,0,0,0,0,0,0,0,0,0,0,0,0,0,0,0,0,1,0,0,0,0,0,0,0,0,0,1,0,0,0,0,0,0,0,0,0,0,0,0,0,0,0,0,1,0,0,0,0,562.0,Escherichia coli,Bacteria
116510,,16475936,CHEMBL3768661,Antibacterial activity against ESBL negative Escherichia coli 09-20 after 18 hrs by agar dilution assay,F,BAO_0002146,BAO_0000218,organism-based format,C[C@H]1[C@H](NC(=O)/C(=N\OC(C)(C)C(=O)O)c2csc(N)n2)C(=O)N1S(=O)(=O)O,CHEMBL3763031,Eur J Med Chem,2016.0,CHEMBL158,AZTREONAM,CHEMBL158,0,http://www.openphacts.org/units/MicrogramPerMilliliter,2757737,>,1,1,>,MIC,ug.mL-1,256.0,CHEMBL354,Escherichia coli,Escherichia coli,562.0,,MIC,ug ml-1,UO_0000274,256.0,CHEMBL158,C[C@H]1[C@H](NC(=O)/C(=N\OC(C)(C)C(=O)O)c2csc(N)n2)C(=O)N1S(=O)(=O)O,12.562141912320484,12.562141912320484,0.0349535856009066,-4.756268639419342,0.174788224513646,20.5,435.44000000000017,418.30400000000014,435.051854504,154,0,0.3620751467724121,-0.4782270320177159,0.4782270320177159,0.3620751467724121,1.4642857142857142,2.071428571428572,2.5,32.24529764273617,10.00401161573638,2.513331128805475,-2.416338874010568,2.230948535260857,-2.707807208919476,7.836563836647012,-0.1608446168429468,2.971847309732629,2.2592762983237704,953.8851353067348,21.43879310982592,14.8114553779692,16.444448539824652,12.752743308167698,7.578995896792942,9.855612118054724,6.221230582074894,8.399971119282888,3.730567932227123,5.414072402778615,2.1128455580549623,3.54351374163482,-2.78,690205.5939907836,21.519292322605008,7.325918985638601,4.204134383579708,162.59031069995737,20.994572059745856,11.735768823996422,10.843243482610037,5.601050810983688,11.814359458703011,16.27347016397548,14.141824241834009,14.083731696315263,8.417796984328938,11.336785877934735,5.15571272675054,20.771211599071872,5.380062770465915,6.041840829147961,37.29827438881211,50.26785898322327,0.0,14.605983116249774,5.15571272675054,38.455944068351485,5.733667477162185,11.073990765314376,0.0,0.0,11.050456081168516,5.131558479839333,0.0,11.336785877934735,68.54635098380861,29.525365011975733,0.0,26.46513959392033,10.535775497216456,0.0,0.0,0.0,201.58,51.4842470947288,22.801408536544404,0.0,15.130702465984026,0.0,11.336785877934735,26.151274369537788,0.0,0.0,15.456479851704078,20.23053332942989,31.44978820569469,0.9796905422586336,44.39737831563419,16.334751159546904,3.256457088644816,-3.375611656986792,-2.3123389733980013,0.0,3.692820624691566,-4.756268639419342,0.4615384615384615,28,5,13,0,1,1,0,1,1,10,4,15,7,0,1,1,2,-1.172499999999998,95.65050000000004,1,0,0,1,0,1,0,0,1,1,3,2,0,0,0,3,1,1,0,0,0,0,0,0,0,0,0,2,0,1,0,0,0,0,0,0,0,0,0,0,0,0,0,0,0,0,0,0,0,0,0,0,0,1,0,0,0,0,0,0,0,0,0,1,0,0,0,0,0,0,0,0,0,0,0,0,0,0,0,0,1,0,0,0,0,562.0,Escherichia coli,Bacteria
116510,,16475936,CHEMBL3768661,Antibacterial activity against ESBL negative Escherichia coli 09-20 after 18 hrs by agar dilution assay,F,BAO_0002146,BAO_0000218,organism-based format,C[C@H]1[C@H](NC(=O)/C(=N\OC(C)(C)C(=O)O)c2csc(N)n2)C(=O)N1S(=O)(=O)O,CHEMBL3763031,Eur J Med Chem,2016.0,CHEMBL158,AZTREONAM,CHEMBL158,0,http://www.openphacts.org/units/MicrogramPerMilliliter,2757737,>,1,1,>,MIC,ug.mL-1,256.0,CHEMBL354,Escherichia coli,Escherichia coli,562.0,,MIC,ug ml-1,UO_0000274,256.0,CHEMBL158,C[C@H]1[C@H](NC(=O)/C(=N\OC(C)(C)C(=O)O)c2csc(N)n2)C(=O)N1S(=O)(=O)O,12.562141912320484,12.562141912320484,0.0349535856009066,-4.756268639419342,0.174788224513646,20.5,435.44000000000017,418.30400000000014,435.051854504,154,0,0.3620751467724121,-0.4782270320177159,0.4782270320177159,0.3620751467724121,1.4642857142857142,2.071428571428572,2.5,32.24529764273617,10.00401161573638,2.513331128805475,-2.416338874010568,2.230948535260857,-2.707807208919476,7.836563836647012,-0.1608446168429468,2.971847309732629,2.2592762983237704,953.8851353067348,21.43879310982592,14.8114553779692,16.444448539824652,12.752743308167698,7.578995896792942,9.855612118054724,6.221230582074894,8.399971119282888,3.730567932227123,5.414072402778615,2.1128455580549623,3.54351374163482,-2.78,690205.5939907836,21.519292322605008,7.325918985638601,4.204134383579708,162.59031069995737,20.994572059745856,11.735768823996422,10.843243482610037,5.601050810983688,11.814359458703011,16.27347016397548,14.141824241834009,14.083731696315263,8.417796984328938,11.336785877934735,5.15571272675054,20.771211599071872,5.380062770465915,6.041840829147961,37.29827438881211,50.26785898322327,0.0,14.605983116249774,5.15571272675054,38.455944068351485,5.733667477162185,11.073990765314376,0.0,0.0,11.050456081168516,5.131558479839333,0.0,11.336785877934735,68.54635098380861,29.525365011975733,0.0,26.46513959392033,10.535775497216456,0.0,0.0,0.0,201.58,51.4842470947288,22.801408536544404,0.0,15.130702465984026,0.0,11.336785877934735,26.151274369537788,0.0,0.0,15.456479851704078,20.23053332942989,31.44978820569469,0.9796905422586336,44.39737831563419,16.334751159546904,3.256457088644816,-3.375611656986792,-2.3123389733980013,0.0,3.692820624691566,-4.756268639419342,0.4615384615384615,28,5,13,0,1,1,0,1,1,10,4,15,7,0,1,1,2,-1.172499999999998,95.65050000000004,1,0,0,1,0,1,0,0,1,1,3,2,0,0,0,3,1,1,0,0,0,0,0,0,0,0,0,2,0,1,0,0,0,0,0,0,0,0,0,0,0,0,0,0,0,0,0,0,0,0,0,0,0,1,0,0,0,0,0,0,0,0,0,1,0,0,0,0,0,0,0,0,0,0,0,0,0,0,0,0,1,0,0,0,0,562.0,Escherichia coli,Bacteria
116511,,16475952,CHEMBL3768660,Antibacterial activity against ESBL positive Klebsiella pneumoniae 700603 after 18 hrs by agar dilution assay,F,BAO_0002146,BAO_0000019,assay format,C[C@H]1[C@H](NC(=O)/C(=N\OC(C)(C)C(=O)O)c2csc(N)n2)C(=O)N1S(=O)(=O)O,CHEMBL3763031,Eur J Med Chem,2016.0,CHEMBL158,AZTREONAM,CHEMBL158,0,http://www.openphacts.org/units/MicrogramPerMilliliter,2757737,=,1,1,=,MIC,ug.mL-1,32.0,CHEMBL350,Klebsiella pneumoniae,Klebsiella pneumoniae,573.0,,MIC,ug ml-1,UO_0000274,32.0,CHEMBL158,C[C@H]1[C@H](NC(=O)/C(=N\OC(C)(C)C(=O)O)c2csc(N)n2)C(=O)N1S(=O)(=O)O,12.562141912320484,12.562141912320484,0.0349535856009066,-4.756268639419342,0.174788224513646,20.5,435.44000000000017,418.30400000000014,435.051854504,154,0,0.3620751467724121,-0.4782270320177159,0.4782270320177159,0.3620751467724121,1.4642857142857142,2.071428571428572,2.5,32.24529764273617,10.00401161573638,2.513331128805475,-2.416338874010568,2.230948535260857,-2.707807208919476,7.836563836647012,-0.1608446168429468,2.971847309732629,2.2592762983237704,953.8851353067348,21.43879310982592,14.8114553779692,16.444448539824652,12.752743308167698,7.578995896792942,9.855612118054724,6.221230582074894,8.399971119282888,3.730567932227123,5.414072402778615,2.1128455580549623,3.54351374163482,-2.78,690205.5939907836,21.519292322605008,7.325918985638601,4.204134383579708,162.59031069995737,20.994572059745856,11.735768823996422,10.843243482610037,5.601050810983688,11.814359458703011,16.27347016397548,14.141824241834009,14.083731696315263,8.417796984328938,11.336785877934735,5.15571272675054,20.771211599071872,5.380062770465915,6.041840829147961,37.29827438881211,50.26785898322327,0.0,14.605983116249774,5.15571272675054,38.455944068351485,5.733667477162185,11.073990765314376,0.0,0.0,11.050456081168516,5.131558479839333,0.0,11.336785877934735,68.54635098380861,29.525365011975733,0.0,26.46513959392033,10.535775497216456,0.0,0.0,0.0,201.58,51.4842470947288,22.801408536544404,0.0,15.130702465984026,0.0,11.336785877934735,26.151274369537788,0.0,0.0,15.456479851704078,20.23053332942989,31.44978820569469,0.9796905422586336,44.39737831563419,16.334751159546904,3.256457088644816,-3.375611656986792,-2.3123389733980013,0.0,3.692820624691566,-4.756268639419342,0.4615384615384615,28,5,13,0,1,1,0,1,1,10,4,15,7,0,1,1,2,-1.172499999999998,95.65050000000004,1,0,0,1,0,1,0,0,1,1,3,2,0,0,0,3,1,1,0,0,0,0,0,0,0,0,0,2,0,1,0,0,0,0,0,0,0,0,0,0,0,0,0,0,0,0,0,0,0,0,0,0,0,1,0,0,0,0,0,0,0,0,0,1,0,0,0,0,0,0,0,0,0,0,0,0,0,0,0,0,1,0,0,0,0,573.0,Klebsiella pneumoniae,Bacteria
116511,,16475952,CHEMBL3768660,Antibacterial activity against ESBL positive Klebsiella pneumoniae 700603 after 18 hrs by agar dilution assay,F,BAO_0002146,BAO_0000019,assay format,C[C@H]1[C@H](NC(=O)/C(=N\OC(C)(C)C(=O)O)c2csc(N)n2)C(=O)N1S(=O)(=O)O,CHEMBL3763031,Eur J Med Chem,2016.0,CHEMBL158,AZTREONAM,CHEMBL158,0,http://www.openphacts.org/units/MicrogramPerMilliliter,2757737,=,1,1,=,MIC,ug.mL-1,32.0,CHEMBL350,Klebsiella pneumoniae,Klebsiella pneumoniae,573.0,,MIC,ug ml-1,UO_0000274,32.0,CHEMBL158,C[C@H]1[C@H](NC(=O)/C(=N\OC(C)(C)C(=O)O)c2csc(N)n2)C(=O)N1S(=O)(=O)O,12.562141912320484,12.562141912320484,0.0349535856009066,-4.756268639419342,0.174788224513646,20.5,435.44000000000017,418.30400000000014,435.051854504,154,0,0.3620751467724121,-0.4782270320177159,0.4782270320177159,0.3620751467724121,1.4642857142857142,2.071428571428572,2.5,32.24529764273617,10.00401161573638,2.513331128805475,-2.416338874010568,2.230948535260857,-2.707807208919476,7.836563836647012,-0.1608446168429468,2.971847309732629,2.2592762983237704,953.8851353067348,21.43879310982592,14.8114553779692,16.444448539824652,12.752743308167698,7.578995896792942,9.855612118054724,6.221230582074894,8.399971119282888,3.730567932227123,5.414072402778615,2.1128455580549623,3.54351374163482,-2.78,690205.5939907836,21.519292322605008,7.325918985638601,4.204134383579708,162.59031069995737,20.994572059745856,11.735768823996422,10.843243482610037,5.601050810983688,11.814359458703011,16.27347016397548,14.141824241834009,14.083731696315263,8.417796984328938,11.336785877934735,5.15571272675054,20.771211599071872,5.380062770465915,6.041840829147961,37.29827438881211,50.26785898322327,0.0,14.605983116249774,5.15571272675054,38.455944068351485,5.733667477162185,11.073990765314376,0.0,0.0,11.050456081168516,5.131558479839333,0.0,11.336785877934735,68.54635098380861,29.525365011975733,0.0,26.46513959392033,10.535775497216456,0.0,0.0,0.0,201.58,51.4842470947288,22.801408536544404,0.0,15.130702465984026,0.0,11.336785877934735,26.151274369537788,0.0,0.0,15.456479851704078,20.23053332942989,31.44978820569469,0.9796905422586336,44.39737831563419,16.334751159546904,3.256457088644816,-3.375611656986792,-2.3123389733980013,0.0,3.692820624691566,-4.756268639419342,0.4615384615384615,28,5,13,0,1,1,0,1,1,10,4,15,7,0,1,1,2,-1.172499999999998,95.65050000000004,1,0,0,1,0,1,0,0,1,1,3,2,0,0,0,3,1,1,0,0,0,0,0,0,0,0,0,2,0,1,0,0,0,0,0,0,0,0,0,0,0,0,0,0,0,0,0,0,0,0,0,0,0,1,0,0,0,0,0,0,0,0,0,1,0,0,0,0,0,0,0,0,0,0,0,0,0,0,0,0,1,0,0,0,0,573.0,Klebsiella pneumoniae,Bacteria
116512,,16475968,CHEMBL3768647,Antibacterial activity against ESBL negative Klebsiella pneumoniae 7 after 18 hrs by agar dilution assay,F,BAO_0002146,BAO_0000218,organism-based format,C[C@H]1[C@H](NC(=O)/C(=N\OC(C)(C)C(=O)O)c2csc(N)n2)C(=O)N1S(=O)(=O)O,CHEMBL3763031,Eur J Med Chem,2016.0,CHEMBL158,AZTREONAM,CHEMBL158,0,http://www.openphacts.org/units/MicrogramPerMilliliter,2757737,<=,1,1,<=,MIC,ug.mL-1,0.03,CHEMBL350,Klebsiella pneumoniae,Klebsiella pneumoniae,573.0,,MIC,ug ml-1,UO_0000274,0.03,CHEMBL158,C[C@H]1[C@H](NC(=O)/C(=N\OC(C)(C)C(=O)O)c2csc(N)n2)C(=O)N1S(=O)(=O)O,12.562141912320484,12.562141912320484,0.0349535856009066,-4.756268639419342,0.174788224513646,20.5,435.44000000000017,418.30400000000014,435.051854504,154,0,0.3620751467724121,-0.4782270320177159,0.4782270320177159,0.3620751467724121,1.4642857142857142,2.071428571428572,2.5,32.24529764273617,10.00401161573638,2.513331128805475,-2.416338874010568,2.230948535260857,-2.707807208919476,7.836563836647012,-0.1608446168429468,2.971847309732629,2.2592762983237704,953.8851353067348,21.43879310982592,14.8114553779692,16.444448539824652,12.752743308167698,7.578995896792942,9.855612118054724,6.221230582074894,8.399971119282888,3.730567932227123,5.414072402778615,2.1128455580549623,3.54351374163482,-2.78,690205.5939907836,21.519292322605008,7.325918985638601,4.204134383579708,162.59031069995737,20.994572059745856,11.735768823996422,10.843243482610037,5.601050810983688,11.814359458703011,16.27347016397548,14.141824241834009,14.083731696315263,8.417796984328938,11.336785877934735,5.15571272675054,20.771211599071872,5.380062770465915,6.041840829147961,37.29827438881211,50.26785898322327,0.0,14.605983116249774,5.15571272675054,38.455944068351485,5.733667477162185,11.073990765314376,0.0,0.0,11.050456081168516,5.131558479839333,0.0,11.336785877934735,68.54635098380861,29.525365011975733,0.0,26.46513959392033,10.535775497216456,0.0,0.0,0.0,201.58,51.4842470947288,22.801408536544404,0.0,15.130702465984026,0.0,11.336785877934735,26.151274369537788,0.0,0.0,15.456479851704078,20.23053332942989,31.44978820569469,0.9796905422586336,44.39737831563419,16.334751159546904,3.256457088644816,-3.375611656986792,-2.3123389733980013,0.0,3.692820624691566,-4.756268639419342,0.4615384615384615,28,5,13,0,1,1,0,1,1,10,4,15,7,0,1,1,2,-1.172499999999998,95.65050000000004,1,0,0,1,0,1,0,0,1,1,3,2,0,0,0,3,1,1,0,0,0,0,0,0,0,0,0,2,0,1,0,0,0,0,0,0,0,0,0,0,0,0,0,0,0,0,0,0,0,0,0,0,0,1,0,0,0,0,0,0,0,0,0,1,0,0,0,0,0,0,0,0,0,0,0,0,0,0,0,0,1,0,0,0,0,573.0,Klebsiella pneumoniae,Bacteria
116512,,16475968,CHEMBL3768647,Antibacterial activity against ESBL negative Klebsiella pneumoniae 7 after 18 hrs by agar dilution assay,F,BAO_0002146,BAO_0000218,organism-based format,C[C@H]1[C@H](NC(=O)/C(=N\OC(C)(C)C(=O)O)c2csc(N)n2)C(=O)N1S(=O)(=O)O,CHEMBL3763031,Eur J Med Chem,2016.0,CHEMBL158,AZTREONAM,CHEMBL158,0,http://www.openphacts.org/units/MicrogramPerMilliliter,2757737,<=,1,1,<=,MIC,ug.mL-1,0.03,CHEMBL350,Klebsiella pneumoniae,Klebsiella pneumoniae,573.0,,MIC,ug ml-1,UO_0000274,0.03,CHEMBL158,C[C@H]1[C@H](NC(=O)/C(=N\OC(C)(C)C(=O)O)c2csc(N)n2)C(=O)N1S(=O)(=O)O,12.562141912320484,12.562141912320484,0.0349535856009066,-4.756268639419342,0.174788224513646,20.5,435.44000000000017,418.30400000000014,435.051854504,154,0,0.3620751467724121,-0.4782270320177159,0.4782270320177159,0.3620751467724121,1.4642857142857142,2.071428571428572,2.5,32.24529764273617,10.00401161573638,2.513331128805475,-2.416338874010568,2.230948535260857,-2.707807208919476,7.836563836647012,-0.1608446168429468,2.971847309732629,2.2592762983237704,953.8851353067348,21.43879310982592,14.8114553779692,16.444448539824652,12.752743308167698,7.578995896792942,9.855612118054724,6.221230582074894,8.399971119282888,3.730567932227123,5.414072402778615,2.1128455580549623,3.54351374163482,-2.78,690205.5939907836,21.519292322605008,7.325918985638601,4.204134383579708,162.59031069995737,20.994572059745856,11.735768823996422,10.843243482610037,5.601050810983688,11.814359458703011,16.27347016397548,14.141824241834009,14.083731696315263,8.417796984328938,11.336785877934735,5.15571272675054,20.771211599071872,5.380062770465915,6.041840829147961,37.29827438881211,50.26785898322327,0.0,14.605983116249774,5.15571272675054,38.455944068351485,5.733667477162185,11.073990765314376,0.0,0.0,11.050456081168516,5.131558479839333,0.0,11.336785877934735,68.54635098380861,29.525365011975733,0.0,26.46513959392033,10.535775497216456,0.0,0.0,0.0,201.58,51.4842470947288,22.801408536544404,0.0,15.130702465984026,0.0,11.336785877934735,26.151274369537788,0.0,0.0,15.456479851704078,20.23053332942989,31.44978820569469,0.9796905422586336,44.39737831563419,16.334751159546904,3.256457088644816,-3.375611656986792,-2.3123389733980013,0.0,3.692820624691566,-4.756268639419342,0.4615384615384615,28,5,13,0,1,1,0,1,1,10,4,15,7,0,1,1,2,-1.172499999999998,95.65050000000004,1,0,0,1,0,1,0,0,1,1,3,2,0,0,0,3,1,1,0,0,0,0,0,0,0,0,0,2,0,1,0,0,0,0,0,0,0,0,0,0,0,0,0,0,0,0,0,0,0,0,0,0,0,1,0,0,0,0,0,0,0,0,0,1,0,0,0,0,0,0,0,0,0,0,0,0,0,0,0,0,1,0,0,0,0,573.0,Klebsiella pneumoniae,Bacteria
116513,,16475984,CHEMBL3768648,Antibacterial activity against NDM-1 positive Klebsiella pneumoniae BAA-2146 after 18 hrs by agar dilution assay,F,BAO_0002146,BAO_0000218,organism-based format,C[C@H]1[C@H](NC(=O)/C(=N\OC(C)(C)C(=O)O)c2csc(N)n2)C(=O)N1S(=O)(=O)O,CHEMBL3763031,Eur J Med Chem,2016.0,CHEMBL158,AZTREONAM,CHEMBL158,0,http://www.openphacts.org/units/MicrogramPerMilliliter,2757737,=,1,1,=,MIC,ug.mL-1,256.0,CHEMBL350,Klebsiella pneumoniae,Klebsiella pneumoniae,573.0,,MIC,ug ml-1,UO_0000274,256.0,CHEMBL158,C[C@H]1[C@H](NC(=O)/C(=N\OC(C)(C)C(=O)O)c2csc(N)n2)C(=O)N1S(=O)(=O)O,12.562141912320484,12.562141912320484,0.0349535856009066,-4.756268639419342,0.174788224513646,20.5,435.44000000000017,418.30400000000014,435.051854504,154,0,0.3620751467724121,-0.4782270320177159,0.4782270320177159,0.3620751467724121,1.4642857142857142,2.071428571428572,2.5,32.24529764273617,10.00401161573638,2.513331128805475,-2.416338874010568,2.230948535260857,-2.707807208919476,7.836563836647012,-0.1608446168429468,2.971847309732629,2.2592762983237704,953.8851353067348,21.43879310982592,14.8114553779692,16.444448539824652,12.752743308167698,7.578995896792942,9.855612118054724,6.221230582074894,8.399971119282888,3.730567932227123,5.414072402778615,2.1128455580549623,3.54351374163482,-2.78,690205.5939907836,21.519292322605008,7.325918985638601,4.204134383579708,162.59031069995737,20.994572059745856,11.735768823996422,10.843243482610037,5.601050810983688,11.814359458703011,16.27347016397548,14.141824241834009,14.083731696315263,8.417796984328938,11.336785877934735,5.15571272675054,20.771211599071872,5.380062770465915,6.041840829147961,37.29827438881211,50.26785898322327,0.0,14.605983116249774,5.15571272675054,38.455944068351485,5.733667477162185,11.073990765314376,0.0,0.0,11.050456081168516,5.131558479839333,0.0,11.336785877934735,68.54635098380861,29.525365011975733,0.0,26.46513959392033,10.535775497216456,0.0,0.0,0.0,201.58,51.4842470947288,22.801408536544404,0.0,15.130702465984026,0.0,11.336785877934735,26.151274369537788,0.0,0.0,15.456479851704078,20.23053332942989,31.44978820569469,0.9796905422586336,44.39737831563419,16.334751159546904,3.256457088644816,-3.375611656986792,-2.3123389733980013,0.0,3.692820624691566,-4.756268639419342,0.4615384615384615,28,5,13,0,1,1,0,1,1,10,4,15,7,0,1,1,2,-1.172499999999998,95.65050000000004,1,0,0,1,0,1,0,0,1,1,3,2,0,0,0,3,1,1,0,0,0,0,0,0,0,0,0,2,0,1,0,0,0,0,0,0,0,0,0,0,0,0,0,0,0,0,0,0,0,0,0,0,0,1,0,0,0,0,0,0,0,0,0,1,0,0,0,0,0,0,0,0,0,0,0,0,0,0,0,0,1,0,0,0,0,573.0,Klebsiella pneumoniae,Bacteria
116513,,16475984,CHEMBL3768648,Antibacterial activity against NDM-1 positive Klebsiella pneumoniae BAA-2146 after 18 hrs by agar dilution assay,F,BAO_0002146,BAO_0000218,organism-based format,C[C@H]1[C@H](NC(=O)/C(=N\OC(C)(C)C(=O)O)c2csc(N)n2)C(=O)N1S(=O)(=O)O,CHEMBL3763031,Eur J Med Chem,2016.0,CHEMBL158,AZTREONAM,CHEMBL158,0,http://www.openphacts.org/units/MicrogramPerMilliliter,2757737,=,1,1,=,MIC,ug.mL-1,256.0,CHEMBL350,Klebsiella pneumoniae,Klebsiella pneumoniae,573.0,,MIC,ug ml-1,UO_0000274,256.0,CHEMBL158,C[C@H]1[C@H](NC(=O)/C(=N\OC(C)(C)C(=O)O)c2csc(N)n2)C(=O)N1S(=O)(=O)O,12.562141912320484,12.562141912320484,0.0349535856009066,-4.756268639419342,0.174788224513646,20.5,435.44000000000017,418.30400000000014,435.051854504,154,0,0.3620751467724121,-0.4782270320177159,0.4782270320177159,0.3620751467724121,1.4642857142857142,2.071428571428572,2.5,32.24529764273617,10.00401161573638,2.513331128805475,-2.416338874010568,2.230948535260857,-2.707807208919476,7.836563836647012,-0.1608446168429468,2.971847309732629,2.2592762983237704,953.8851353067348,21.43879310982592,14.8114553779692,16.444448539824652,12.752743308167698,7.578995896792942,9.855612118054724,6.221230582074894,8.399971119282888,3.730567932227123,5.414072402778615,2.1128455580549623,3.54351374163482,-2.78,690205.5939907836,21.519292322605008,7.325918985638601,4.204134383579708,162.59031069995737,20.994572059745856,11.735768823996422,10.843243482610037,5.601050810983688,11.814359458703011,16.27347016397548,14.141824241834009,14.083731696315263,8.417796984328938,11.336785877934735,5.15571272675054,20.771211599071872,5.380062770465915,6.041840829147961,37.29827438881211,50.26785898322327,0.0,14.605983116249774,5.15571272675054,38.455944068351485,5.733667477162185,11.073990765314376,0.0,0.0,11.050456081168516,5.131558479839333,0.0,11.336785877934735,68.54635098380861,29.525365011975733,0.0,26.46513959392033,10.535775497216456,0.0,0.0,0.0,201.58,51.4842470947288,22.801408536544404,0.0,15.130702465984026,0.0,11.336785877934735,26.151274369537788,0.0,0.0,15.456479851704078,20.23053332942989,31.44978820569469,0.9796905422586336,44.39737831563419,16.334751159546904,3.256457088644816,-3.375611656986792,-2.3123389733980013,0.0,3.692820624691566,-4.756268639419342,0.4615384615384615,28,5,13,0,1,1,0,1,1,10,4,15,7,0,1,1,2,-1.172499999999998,95.65050000000004,1,0,0,1,0,1,0,0,1,1,3,2,0,0,0,3,1,1,0,0,0,0,0,0,0,0,0,2,0,1,0,0,0,0,0,0,0,0,0,0,0,0,0,0,0,0,0,0,0,0,0,0,0,1,0,0,0,0,0,0,0,0,0,1,0,0,0,0,0,0,0,0,0,0,0,0,0,0,0,0,1,0,0,0,0,573.0,Klebsiella pneumoniae,Bacteria
116514,,16476000,CHEMBL3768649,Antibacterial activity against ESBL negative Klebsiella pneumoniae 09-8 after 18 hrs by agar dilution assay,F,BAO_0002146,BAO_0000218,organism-based format,C[C@H]1[C@H](NC(=O)/C(=N\OC(C)(C)C(=O)O)c2csc(N)n2)C(=O)N1S(=O)(=O)O,CHEMBL3763031,Eur J Med Chem,2016.0,CHEMBL158,AZTREONAM,CHEMBL158,0,http://www.openphacts.org/units/MicrogramPerMilliliter,2757737,=,1,1,=,MIC,ug.mL-1,16.0,CHEMBL350,Klebsiella pneumoniae,Klebsiella pneumoniae,573.0,,MIC,ug ml-1,UO_0000274,16.0,CHEMBL158,C[C@H]1[C@H](NC(=O)/C(=N\OC(C)(C)C(=O)O)c2csc(N)n2)C(=O)N1S(=O)(=O)O,12.562141912320484,12.562141912320484,0.0349535856009066,-4.756268639419342,0.174788224513646,20.5,435.44000000000017,418.30400000000014,435.051854504,154,0,0.3620751467724121,-0.4782270320177159,0.4782270320177159,0.3620751467724121,1.4642857142857142,2.071428571428572,2.5,32.24529764273617,10.00401161573638,2.513331128805475,-2.416338874010568,2.230948535260857,-2.707807208919476,7.836563836647012,-0.1608446168429468,2.971847309732629,2.2592762983237704,953.8851353067348,21.43879310982592,14.8114553779692,16.444448539824652,12.752743308167698,7.578995896792942,9.855612118054724,6.221230582074894,8.399971119282888,3.730567932227123,5.414072402778615,2.1128455580549623,3.54351374163482,-2.78,690205.5939907836,21.519292322605008,7.325918985638601,4.204134383579708,162.59031069995737,20.994572059745856,11.735768823996422,10.843243482610037,5.601050810983688,11.814359458703011,16.27347016397548,14.141824241834009,14.083731696315263,8.417796984328938,11.336785877934735,5.15571272675054,20.771211599071872,5.380062770465915,6.041840829147961,37.29827438881211,50.26785898322327,0.0,14.605983116249774,5.15571272675054,38.455944068351485,5.733667477162185,11.073990765314376,0.0,0.0,11.050456081168516,5.131558479839333,0.0,11.336785877934735,68.54635098380861,29.525365011975733,0.0,26.46513959392033,10.535775497216456,0.0,0.0,0.0,201.58,51.4842470947288,22.801408536544404,0.0,15.130702465984026,0.0,11.336785877934735,26.151274369537788,0.0,0.0,15.456479851704078,20.23053332942989,31.44978820569469,0.9796905422586336,44.39737831563419,16.334751159546904,3.256457088644816,-3.375611656986792,-2.3123389733980013,0.0,3.692820624691566,-4.756268639419342,0.4615384615384615,28,5,13,0,1,1,0,1,1,10,4,15,7,0,1,1,2,-1.172499999999998,95.65050000000004,1,0,0,1,0,1,0,0,1,1,3,2,0,0,0,3,1,1,0,0,0,0,0,0,0,0,0,2,0,1,0,0,0,0,0,0,0,0,0,0,0,0,0,0,0,0,0,0,0,0,0,0,0,1,0,0,0,0,0,0,0,0,0,1,0,0,0,0,0,0,0,0,0,0,0,0,0,0,0,0,1,0,0,0,0,573.0,Klebsiella pneumoniae,Bacteria
116514,,16476000,CHEMBL3768649,Antibacterial activity against ESBL negative Klebsiella pneumoniae 09-8 after 18 hrs by agar dilution assay,F,BAO_0002146,BAO_0000218,organism-based format,C[C@H]1[C@H](NC(=O)/C(=N\OC(C)(C)C(=O)O)c2csc(N)n2)C(=O)N1S(=O)(=O)O,CHEMBL3763031,Eur J Med Chem,2016.0,CHEMBL158,AZTREONAM,CHEMBL158,0,http://www.openphacts.org/units/MicrogramPerMilliliter,2757737,=,1,1,=,MIC,ug.mL-1,16.0,CHEMBL350,Klebsiella pneumoniae,Klebsiella pneumoniae,573.0,,MIC,ug ml-1,UO_0000274,16.0,CHEMBL158,C[C@H]1[C@H](NC(=O)/C(=N\OC(C)(C)C(=O)O)c2csc(N)n2)C(=O)N1S(=O)(=O)O,12.562141912320484,12.562141912320484,0.0349535856009066,-4.756268639419342,0.174788224513646,20.5,435.44000000000017,418.30400000000014,435.051854504,154,0,0.3620751467724121,-0.4782270320177159,0.4782270320177159,0.3620751467724121,1.4642857142857142,2.071428571428572,2.5,32.24529764273617,10.00401161573638,2.513331128805475,-2.416338874010568,2.230948535260857,-2.707807208919476,7.836563836647012,-0.1608446168429468,2.971847309732629,2.2592762983237704,953.8851353067348,21.43879310982592,14.8114553779692,16.444448539824652,12.752743308167698,7.578995896792942,9.855612118054724,6.221230582074894,8.399971119282888,3.730567932227123,5.414072402778615,2.1128455580549623,3.54351374163482,-2.78,690205.5939907836,21.519292322605008,7.325918985638601,4.204134383579708,162.59031069995737,20.994572059745856,11.735768823996422,10.843243482610037,5.601050810983688,11.814359458703011,16.27347016397548,14.141824241834009,14.083731696315263,8.417796984328938,11.336785877934735,5.15571272675054,20.771211599071872,5.380062770465915,6.041840829147961,37.29827438881211,50.26785898322327,0.0,14.605983116249774,5.15571272675054,38.455944068351485,5.733667477162185,11.073990765314376,0.0,0.0,11.050456081168516,5.131558479839333,0.0,11.336785877934735,68.54635098380861,29.525365011975733,0.0,26.46513959392033,10.535775497216456,0.0,0.0,0.0,201.58,51.4842470947288,22.801408536544404,0.0,15.130702465984026,0.0,11.336785877934735,26.151274369537788,0.0,0.0,15.456479851704078,20.23053332942989,31.44978820569469,0.9796905422586336,44.39737831563419,16.334751159546904,3.256457088644816,-3.375611656986792,-2.3123389733980013,0.0,3.692820624691566,-4.756268639419342,0.4615384615384615,28,5,13,0,1,1,0,1,1,10,4,15,7,0,1,1,2,-1.172499999999998,95.65050000000004,1,0,0,1,0,1,0,0,1,1,3,2,0,0,0,3,1,1,0,0,0,0,0,0,0,0,0,2,0,1,0,0,0,0,0,0,0,0,0,0,0,0,0,0,0,0,0,0,0,0,0,0,0,1,0,0,0,0,0,0,0,0,0,1,0,0,0,0,0,0,0,0,0,0,0,0,0,0,0,0,1,0,0,0,0,573.0,Klebsiella pneumoniae,Bacteria
116515,,16476016,CHEMBL3768659,Antibacterial activity against ESBL positive Klebsiella pneumoniae 09-25 after 18 hrs by agar dilution assay,F,BAO_0002146,BAO_0000218,organism-based format,C[C@H]1[C@H](NC(=O)/C(=N\OC(C)(C)C(=O)O)c2csc(N)n2)C(=O)N1S(=O)(=O)O,CHEMBL3763031,Eur J Med Chem,2016.0,CHEMBL158,AZTREONAM,CHEMBL158,0,http://www.openphacts.org/units/MicrogramPerMilliliter,2757737,=,1,1,=,MIC,ug.mL-1,32.0,CHEMBL350,Klebsiella pneumoniae,Klebsiella pneumoniae,573.0,,MIC,ug ml-1,UO_0000274,32.0,CHEMBL158,C[C@H]1[C@H](NC(=O)/C(=N\OC(C)(C)C(=O)O)c2csc(N)n2)C(=O)N1S(=O)(=O)O,12.562141912320484,12.562141912320484,0.0349535856009066,-4.756268639419342,0.174788224513646,20.5,435.44000000000017,418.30400000000014,435.051854504,154,0,0.3620751467724121,-0.4782270320177159,0.4782270320177159,0.3620751467724121,1.4642857142857142,2.071428571428572,2.5,32.24529764273617,10.00401161573638,2.513331128805475,-2.416338874010568,2.230948535260857,-2.707807208919476,7.836563836647012,-0.1608446168429468,2.971847309732629,2.2592762983237704,953.8851353067348,21.43879310982592,14.8114553779692,16.444448539824652,12.752743308167698,7.578995896792942,9.855612118054724,6.221230582074894,8.399971119282888,3.730567932227123,5.414072402778615,2.1128455580549623,3.54351374163482,-2.78,690205.5939907836,21.519292322605008,7.325918985638601,4.204134383579708,162.59031069995737,20.994572059745856,11.735768823996422,10.843243482610037,5.601050810983688,11.814359458703011,16.27347016397548,14.141824241834009,14.083731696315263,8.417796984328938,11.336785877934735,5.15571272675054,20.771211599071872,5.380062770465915,6.041840829147961,37.29827438881211,50.26785898322327,0.0,14.605983116249774,5.15571272675054,38.455944068351485,5.733667477162185,11.073990765314376,0.0,0.0,11.050456081168516,5.131558479839333,0.0,11.336785877934735,68.54635098380861,29.525365011975733,0.0,26.46513959392033,10.535775497216456,0.0,0.0,0.0,201.58,51.4842470947288,22.801408536544404,0.0,15.130702465984026,0.0,11.336785877934735,26.151274369537788,0.0,0.0,15.456479851704078,20.23053332942989,31.44978820569469,0.9796905422586336,44.39737831563419,16.334751159546904,3.256457088644816,-3.375611656986792,-2.3123389733980013,0.0,3.692820624691566,-4.756268639419342,0.4615384615384615,28,5,13,0,1,1,0,1,1,10,4,15,7,0,1,1,2,-1.172499999999998,95.65050000000004,1,0,0,1,0,1,0,0,1,1,3,2,0,0,0,3,1,1,0,0,0,0,0,0,0,0,0,2,0,1,0,0,0,0,0,0,0,0,0,0,0,0,0,0,0,0,0,0,0,0,0,0,0,1,0,0,0,0,0,0,0,0,0,1,0,0,0,0,0,0,0,0,0,0,0,0,0,0,0,0,1,0,0,0,0,573.0,Klebsiella pneumoniae,Bacteria
116515,,16476016,CHEMBL3768659,Antibacterial activity against ESBL positive Klebsiella pneumoniae 09-25 after 18 hrs by agar dilution assay,F,BAO_0002146,BAO_0000218,organism-based format,C[C@H]1[C@H](NC(=O)/C(=N\OC(C)(C)C(=O)O)c2csc(N)n2)C(=O)N1S(=O)(=O)O,CHEMBL3763031,Eur J Med Chem,2016.0,CHEMBL158,AZTREONAM,CHEMBL158,0,http://www.openphacts.org/units/MicrogramPerMilliliter,2757737,=,1,1,=,MIC,ug.mL-1,32.0,CHEMBL350,Klebsiella pneumoniae,Klebsiella pneumoniae,573.0,,MIC,ug ml-1,UO_0000274,32.0,CHEMBL158,C[C@H]1[C@H](NC(=O)/C(=N\OC(C)(C)C(=O)O)c2csc(N)n2)C(=O)N1S(=O)(=O)O,12.562141912320484,12.562141912320484,0.0349535856009066,-4.756268639419342,0.174788224513646,20.5,435.44000000000017,418.30400000000014,435.051854504,154,0,0.3620751467724121,-0.4782270320177159,0.4782270320177159,0.3620751467724121,1.4642857142857142,2.071428571428572,2.5,32.24529764273617,10.00401161573638,2.513331128805475,-2.416338874010568,2.230948535260857,-2.707807208919476,7.836563836647012,-0.1608446168429468,2.971847309732629,2.2592762983237704,953.8851353067348,21.43879310982592,14.8114553779692,16.444448539824652,12.752743308167698,7.578995896792942,9.855612118054724,6.221230582074894,8.399971119282888,3.730567932227123,5.414072402778615,2.1128455580549623,3.54351374163482,-2.78,690205.5939907836,21.519292322605008,7.325918985638601,4.204134383579708,162.59031069995737,20.994572059745856,11.735768823996422,10.843243482610037,5.601050810983688,11.814359458703011,16.27347016397548,14.141824241834009,14.083731696315263,8.417796984328938,11.336785877934735,5.15571272675054,20.771211599071872,5.380062770465915,6.041840829147961,37.29827438881211,50.26785898322327,0.0,14.605983116249774,5.15571272675054,38.455944068351485,5.733667477162185,11.073990765314376,0.0,0.0,11.050456081168516,5.131558479839333,0.0,11.336785877934735,68.54635098380861,29.525365011975733,0.0,26.46513959392033,10.535775497216456,0.0,0.0,0.0,201.58,51.4842470947288,22.801408536544404,0.0,15.130702465984026,0.0,11.336785877934735,26.151274369537788,0.0,0.0,15.456479851704078,20.23053332942989,31.44978820569469,0.9796905422586336,44.39737831563419,16.334751159546904,3.256457088644816,-3.375611656986792,-2.3123389733980013,0.0,3.692820624691566,-4.756268639419342,0.4615384615384615,28,5,13,0,1,1,0,1,1,10,4,15,7,0,1,1,2,-1.172499999999998,95.65050000000004,1,0,0,1,0,1,0,0,1,1,3,2,0,0,0,3,1,1,0,0,0,0,0,0,0,0,0,2,0,1,0,0,0,0,0,0,0,0,0,0,0,0,0,0,0,0,0,0,0,0,0,0,0,1,0,0,0,0,0,0,0,0,0,1,0,0,0,0,0,0,0,0,0,0,0,0,0,0,0,0,1,0,0,0,0,573.0,Klebsiella pneumoniae,Bacteria
116516,,16476032,CHEMBL3768658,Antibacterial activity against BL positive Pseudomonas aeruginosa 27853 after 18 hrs by agar dilution assay,F,BAO_0002146,BAO_0000218,organism-based format,C[C@H]1[C@H](NC(=O)/C(=N\OC(C)(C)C(=O)O)c2csc(N)n2)C(=O)N1S(=O)(=O)O,CHEMBL3763031,Eur J Med Chem,2016.0,CHEMBL158,AZTREONAM,CHEMBL158,0,http://www.openphacts.org/units/MicrogramPerMilliliter,2757737,=,1,1,=,MIC,ug.mL-1,2.0,CHEMBL348,Pseudomonas aeruginosa,Pseudomonas aeruginosa,287.0,,MIC,ug ml-1,UO_0000274,2.0,CHEMBL158,C[C@H]1[C@H](NC(=O)/C(=N\OC(C)(C)C(=O)O)c2csc(N)n2)C(=O)N1S(=O)(=O)O,12.562141912320484,12.562141912320484,0.0349535856009066,-4.756268639419342,0.174788224513646,20.5,435.44000000000017,418.30400000000014,435.051854504,154,0,0.3620751467724121,-0.4782270320177159,0.4782270320177159,0.3620751467724121,1.4642857142857142,2.071428571428572,2.5,32.24529764273617,10.00401161573638,2.513331128805475,-2.416338874010568,2.230948535260857,-2.707807208919476,7.836563836647012,-0.1608446168429468,2.971847309732629,2.2592762983237704,953.8851353067348,21.43879310982592,14.8114553779692,16.444448539824652,12.752743308167698,7.578995896792942,9.855612118054724,6.221230582074894,8.399971119282888,3.730567932227123,5.414072402778615,2.1128455580549623,3.54351374163482,-2.78,690205.5939907836,21.519292322605008,7.325918985638601,4.204134383579708,162.59031069995737,20.994572059745856,11.735768823996422,10.843243482610037,5.601050810983688,11.814359458703011,16.27347016397548,14.141824241834009,14.083731696315263,8.417796984328938,11.336785877934735,5.15571272675054,20.771211599071872,5.380062770465915,6.041840829147961,37.29827438881211,50.26785898322327,0.0,14.605983116249774,5.15571272675054,38.455944068351485,5.733667477162185,11.073990765314376,0.0,0.0,11.050456081168516,5.131558479839333,0.0,11.336785877934735,68.54635098380861,29.525365011975733,0.0,26.46513959392033,10.535775497216456,0.0,0.0,0.0,201.58,51.4842470947288,22.801408536544404,0.0,15.130702465984026,0.0,11.336785877934735,26.151274369537788,0.0,0.0,15.456479851704078,20.23053332942989,31.44978820569469,0.9796905422586336,44.39737831563419,16.334751159546904,3.256457088644816,-3.375611656986792,-2.3123389733980013,0.0,3.692820624691566,-4.756268639419342,0.4615384615384615,28,5,13,0,1,1,0,1,1,10,4,15,7,0,1,1,2,-1.172499999999998,95.65050000000004,1,0,0,1,0,1,0,0,1,1,3,2,0,0,0,3,1,1,0,0,0,0,0,0,0,0,0,2,0,1,0,0,0,0,0,0,0,0,0,0,0,0,0,0,0,0,0,0,0,0,0,0,0,1,0,0,0,0,0,0,0,0,0,1,0,0,0,0,0,0,0,0,0,0,0,0,0,0,0,0,1,0,0,0,0,287.0,Pseudomonas aeruginosa,Bacteria
116516,,16476032,CHEMBL3768658,Antibacterial activity against BL positive Pseudomonas aeruginosa 27853 after 18 hrs by agar dilution assay,F,BAO_0002146,BAO_0000218,organism-based format,C[C@H]1[C@H](NC(=O)/C(=N\OC(C)(C)C(=O)O)c2csc(N)n2)C(=O)N1S(=O)(=O)O,CHEMBL3763031,Eur J Med Chem,2016.0,CHEMBL158,AZTREONAM,CHEMBL158,0,http://www.openphacts.org/units/MicrogramPerMilliliter,2757737,=,1,1,=,MIC,ug.mL-1,2.0,CHEMBL348,Pseudomonas aeruginosa,Pseudomonas aeruginosa,287.0,,MIC,ug ml-1,UO_0000274,2.0,CHEMBL158,C[C@H]1[C@H](NC(=O)/C(=N\OC(C)(C)C(=O)O)c2csc(N)n2)C(=O)N1S(=O)(=O)O,12.562141912320484,12.562141912320484,0.0349535856009066,-4.756268639419342,0.174788224513646,20.5,435.44000000000017,418.30400000000014,435.051854504,154,0,0.3620751467724121,-0.4782270320177159,0.4782270320177159,0.3620751467724121,1.4642857142857142,2.071428571428572,2.5,32.24529764273617,10.00401161573638,2.513331128805475,-2.416338874010568,2.230948535260857,-2.707807208919476,7.836563836647012,-0.1608446168429468,2.971847309732629,2.2592762983237704,953.8851353067348,21.43879310982592,14.8114553779692,16.444448539824652,12.752743308167698,7.578995896792942,9.855612118054724,6.221230582074894,8.399971119282888,3.730567932227123,5.414072402778615,2.1128455580549623,3.54351374163482,-2.78,690205.5939907836,21.519292322605008,7.325918985638601,4.204134383579708,162.59031069995737,20.994572059745856,11.735768823996422,10.843243482610037,5.601050810983688,11.814359458703011,16.27347016397548,14.141824241834009,14.083731696315263,8.417796984328938,11.336785877934735,5.15571272675054,20.771211599071872,5.380062770465915,6.041840829147961,37.29827438881211,50.26785898322327,0.0,14.605983116249774,5.15571272675054,38.455944068351485,5.733667477162185,11.073990765314376,0.0,0.0,11.050456081168516,5.131558479839333,0.0,11.336785877934735,68.54635098380861,29.525365011975733,0.0,26.46513959392033,10.535775497216456,0.0,0.0,0.0,201.58,51.4842470947288,22.801408536544404,0.0,15.130702465984026,0.0,11.336785877934735,26.151274369537788,0.0,0.0,15.456479851704078,20.23053332942989,31.44978820569469,0.9796905422586336,44.39737831563419,16.334751159546904,3.256457088644816,-3.375611656986792,-2.3123389733980013,0.0,3.692820624691566,-4.756268639419342,0.4615384615384615,28,5,13,0,1,1,0,1,1,10,4,15,7,0,1,1,2,-1.172499999999998,95.65050000000004,1,0,0,1,0,1,0,0,1,1,3,2,0,0,0,3,1,1,0,0,0,0,0,0,0,0,0,2,0,1,0,0,0,0,0,0,0,0,0,0,0,0,0,0,0,0,0,0,0,0,0,0,0,1,0,0,0,0,0,0,0,0,0,1,0,0,0,0,0,0,0,0,0,0,0,0,0,0,0,0,1,0,0,0,0,287.0,Pseudomonas aeruginosa,Bacteria
116516,,16476032,CHEMBL3768658,Antibacterial activity against BL positive Pseudomonas aeruginosa 27853 after 18 hrs by agar dilution assay,F,BAO_0002146,BAO_0000218,organism-based format,C[C@H]1[C@H](NC(=O)/C(=N\OC(C)(C)C(=O)O)c2csc(N)n2)C(=O)N1S(=O)(=O)O,CHEMBL3763031,Eur J Med Chem,2016.0,CHEMBL158,AZTREONAM,CHEMBL158,0,http://www.openphacts.org/units/MicrogramPerMilliliter,2757737,=,1,1,=,MIC,ug.mL-1,2.0,CHEMBL348,Pseudomonas aeruginosa,Pseudomonas aeruginosa,287.0,,MIC,ug ml-1,UO_0000274,2.0,CHEMBL158,C[C@H]1[C@H](NC(=O)/C(=N\OC(C)(C)C(=O)O)c2csc(N)n2)C(=O)N1S(=O)(=O)O,12.562141912320484,12.562141912320484,0.0349535856009066,-4.756268639419342,0.174788224513646,20.5,435.44000000000017,418.30400000000014,435.051854504,154,0,0.3620751467724121,-0.4782270320177159,0.4782270320177159,0.3620751467724121,1.4642857142857142,2.071428571428572,2.5,32.24529764273617,10.00401161573638,2.513331128805475,-2.416338874010568,2.230948535260857,-2.707807208919476,7.836563836647012,-0.1608446168429468,2.971847309732629,2.2592762983237704,953.8851353067348,21.43879310982592,14.8114553779692,16.444448539824652,12.752743308167698,7.578995896792942,9.855612118054724,6.221230582074894,8.399971119282888,3.730567932227123,5.414072402778615,2.1128455580549623,3.54351374163482,-2.78,690205.5939907836,21.519292322605008,7.325918985638601,4.204134383579708,162.59031069995737,20.994572059745856,11.735768823996422,10.843243482610037,5.601050810983688,11.814359458703011,16.27347016397548,14.141824241834009,14.083731696315263,8.417796984328938,11.336785877934735,5.15571272675054,20.771211599071872,5.380062770465915,6.041840829147961,37.29827438881211,50.26785898322327,0.0,14.605983116249774,5.15571272675054,38.455944068351485,5.733667477162185,11.073990765314376,0.0,0.0,11.050456081168516,5.131558479839333,0.0,11.336785877934735,68.54635098380861,29.525365011975733,0.0,26.46513959392033,10.535775497216456,0.0,0.0,0.0,201.58,51.4842470947288,22.801408536544404,0.0,15.130702465984026,0.0,11.336785877934735,26.151274369537788,0.0,0.0,15.456479851704078,20.23053332942989,31.44978820569469,0.9796905422586336,44.39737831563419,16.334751159546904,3.256457088644816,-3.375611656986792,-2.3123389733980013,0.0,3.692820624691566,-4.756268639419342,0.4615384615384615,28,5,13,0,1,1,0,1,1,10,4,15,7,0,1,1,2,-1.172499999999998,95.65050000000004,1,0,0,1,0,1,0,0,1,1,3,2,0,0,0,3,1,1,0,0,0,0,0,0,0,0,0,2,0,1,0,0,0,0,0,0,0,0,0,0,0,0,0,0,0,0,0,0,0,0,0,0,0,1,0,0,0,0,0,0,0,0,0,1,0,0,0,0,0,0,0,0,0,0,0,0,0,0,0,0,1,0,0,0,0,287.0,Pseudomonas aeruginosa,Bacteria
116517,,16476048,CHEMBL3768657,Antibacterial activity against BL positive Pseudomonas aeruginosa PAO1 after 18 hrs by agar dilution assay,F,BAO_0002146,BAO_0000218,organism-based format,C[C@H]1[C@H](NC(=O)/C(=N\OC(C)(C)C(=O)O)c2csc(N)n2)C(=O)N1S(=O)(=O)O,CHEMBL3763031,Eur J Med Chem,2016.0,CHEMBL158,AZTREONAM,CHEMBL158,0,http://www.openphacts.org/units/MicrogramPerMilliliter,2757737,=,1,1,=,MIC,ug.mL-1,0.5,CHEMBL348,Pseudomonas aeruginosa,Pseudomonas aeruginosa,287.0,,MIC,ug ml-1,UO_0000274,0.5,CHEMBL158,C[C@H]1[C@H](NC(=O)/C(=N\OC(C)(C)C(=O)O)c2csc(N)n2)C(=O)N1S(=O)(=O)O,12.562141912320484,12.562141912320484,0.0349535856009066,-4.756268639419342,0.174788224513646,20.5,435.44000000000017,418.30400000000014,435.051854504,154,0,0.3620751467724121,-0.4782270320177159,0.4782270320177159,0.3620751467724121,1.4642857142857142,2.071428571428572,2.5,32.24529764273617,10.00401161573638,2.513331128805475,-2.416338874010568,2.230948535260857,-2.707807208919476,7.836563836647012,-0.1608446168429468,2.971847309732629,2.2592762983237704,953.8851353067348,21.43879310982592,14.8114553779692,16.444448539824652,12.752743308167698,7.578995896792942,9.855612118054724,6.221230582074894,8.399971119282888,3.730567932227123,5.414072402778615,2.1128455580549623,3.54351374163482,-2.78,690205.5939907836,21.519292322605008,7.325918985638601,4.204134383579708,162.59031069995737,20.994572059745856,11.735768823996422,10.843243482610037,5.601050810983688,11.814359458703011,16.27347016397548,14.141824241834009,14.083731696315263,8.417796984328938,11.336785877934735,5.15571272675054,20.771211599071872,5.380062770465915,6.041840829147961,37.29827438881211,50.26785898322327,0.0,14.605983116249774,5.15571272675054,38.455944068351485,5.733667477162185,11.073990765314376,0.0,0.0,11.050456081168516,5.131558479839333,0.0,11.336785877934735,68.54635098380861,29.525365011975733,0.0,26.46513959392033,10.535775497216456,0.0,0.0,0.0,201.58,51.4842470947288,22.801408536544404,0.0,15.130702465984026,0.0,11.336785877934735,26.151274369537788,0.0,0.0,15.456479851704078,20.23053332942989,31.44978820569469,0.9796905422586336,44.39737831563419,16.334751159546904,3.256457088644816,-3.375611656986792,-2.3123389733980013,0.0,3.692820624691566,-4.756268639419342,0.4615384615384615,28,5,13,0,1,1,0,1,1,10,4,15,7,0,1,1,2,-1.172499999999998,95.65050000000004,1,0,0,1,0,1,0,0,1,1,3,2,0,0,0,3,1,1,0,0,0,0,0,0,0,0,0,2,0,1,0,0,0,0,0,0,0,0,0,0,0,0,0,0,0,0,0,0,0,0,0,0,0,1,0,0,0,0,0,0,0,0,0,1,0,0,0,0,0,0,0,0,0,0,0,0,0,0,0,0,1,0,0,0,0,287.0,Pseudomonas aeruginosa,Bacteria
116517,,16476048,CHEMBL3768657,Antibacterial activity against BL positive Pseudomonas aeruginosa PAO1 after 18 hrs by agar dilution assay,F,BAO_0002146,BAO_0000218,organism-based format,C[C@H]1[C@H](NC(=O)/C(=N\OC(C)(C)C(=O)O)c2csc(N)n2)C(=O)N1S(=O)(=O)O,CHEMBL3763031,Eur J Med Chem,2016.0,CHEMBL158,AZTREONAM,CHEMBL158,0,http://www.openphacts.org/units/MicrogramPerMilliliter,2757737,=,1,1,=,MIC,ug.mL-1,0.5,CHEMBL348,Pseudomonas aeruginosa,Pseudomonas aeruginosa,287.0,,MIC,ug ml-1,UO_0000274,0.5,CHEMBL158,C[C@H]1[C@H](NC(=O)/C(=N\OC(C)(C)C(=O)O)c2csc(N)n2)C(=O)N1S(=O)(=O)O,12.562141912320484,12.562141912320484,0.0349535856009066,-4.756268639419342,0.174788224513646,20.5,435.44000000000017,418.30400000000014,435.051854504,154,0,0.3620751467724121,-0.4782270320177159,0.4782270320177159,0.3620751467724121,1.4642857142857142,2.071428571428572,2.5,32.24529764273617,10.00401161573638,2.513331128805475,-2.416338874010568,2.230948535260857,-2.707807208919476,7.836563836647012,-0.1608446168429468,2.971847309732629,2.2592762983237704,953.8851353067348,21.43879310982592,14.8114553779692,16.444448539824652,12.752743308167698,7.578995896792942,9.855612118054724,6.221230582074894,8.399971119282888,3.730567932227123,5.414072402778615,2.1128455580549623,3.54351374163482,-2.78,690205.5939907836,21.519292322605008,7.325918985638601,4.204134383579708,162.59031069995737,20.994572059745856,11.735768823996422,10.843243482610037,5.601050810983688,11.814359458703011,16.27347016397548,14.141824241834009,14.083731696315263,8.417796984328938,11.336785877934735,5.15571272675054,20.771211599071872,5.380062770465915,6.041840829147961,37.29827438881211,50.26785898322327,0.0,14.605983116249774,5.15571272675054,38.455944068351485,5.733667477162185,11.073990765314376,0.0,0.0,11.050456081168516,5.131558479839333,0.0,11.336785877934735,68.54635098380861,29.525365011975733,0.0,26.46513959392033,10.535775497216456,0.0,0.0,0.0,201.58,51.4842470947288,22.801408536544404,0.0,15.130702465984026,0.0,11.336785877934735,26.151274369537788,0.0,0.0,15.456479851704078,20.23053332942989,31.44978820569469,0.9796905422586336,44.39737831563419,16.334751159546904,3.256457088644816,-3.375611656986792,-2.3123389733980013,0.0,3.692820624691566,-4.756268639419342,0.4615384615384615,28,5,13,0,1,1,0,1,1,10,4,15,7,0,1,1,2,-1.172499999999998,95.65050000000004,1,0,0,1,0,1,0,0,1,1,3,2,0,0,0,3,1,1,0,0,0,0,0,0,0,0,0,2,0,1,0,0,0,0,0,0,0,0,0,0,0,0,0,0,0,0,0,0,0,0,0,0,0,1,0,0,0,0,0,0,0,0,0,1,0,0,0,0,0,0,0,0,0,0,0,0,0,0,0,0,1,0,0,0,0,287.0,Pseudomonas aeruginosa,Bacteria
116517,,16476048,CHEMBL3768657,Antibacterial activity against BL positive Pseudomonas aeruginosa PAO1 after 18 hrs by agar dilution assay,F,BAO_0002146,BAO_0000218,organism-based format,C[C@H]1[C@H](NC(=O)/C(=N\OC(C)(C)C(=O)O)c2csc(N)n2)C(=O)N1S(=O)(=O)O,CHEMBL3763031,Eur J Med Chem,2016.0,CHEMBL158,AZTREONAM,CHEMBL158,0,http://www.openphacts.org/units/MicrogramPerMilliliter,2757737,=,1,1,=,MIC,ug.mL-1,0.5,CHEMBL348,Pseudomonas aeruginosa,Pseudomonas aeruginosa,287.0,,MIC,ug ml-1,UO_0000274,0.5,CHEMBL158,C[C@H]1[C@H](NC(=O)/C(=N\OC(C)(C)C(=O)O)c2csc(N)n2)C(=O)N1S(=O)(=O)O,12.562141912320484,12.562141912320484,0.0349535856009066,-4.756268639419342,0.174788224513646,20.5,435.44000000000017,418.30400000000014,435.051854504,154,0,0.3620751467724121,-0.4782270320177159,0.4782270320177159,0.3620751467724121,1.4642857142857142,2.071428571428572,2.5,32.24529764273617,10.00401161573638,2.513331128805475,-2.416338874010568,2.230948535260857,-2.707807208919476,7.836563836647012,-0.1608446168429468,2.971847309732629,2.2592762983237704,953.8851353067348,21.43879310982592,14.8114553779692,16.444448539824652,12.752743308167698,7.578995896792942,9.855612118054724,6.221230582074894,8.399971119282888,3.730567932227123,5.414072402778615,2.1128455580549623,3.54351374163482,-2.78,690205.5939907836,21.519292322605008,7.325918985638601,4.204134383579708,162.59031069995737,20.994572059745856,11.735768823996422,10.843243482610037,5.601050810983688,11.814359458703011,16.27347016397548,14.141824241834009,14.083731696315263,8.417796984328938,11.336785877934735,5.15571272675054,20.771211599071872,5.380062770465915,6.041840829147961,37.29827438881211,50.26785898322327,0.0,14.605983116249774,5.15571272675054,38.455944068351485,5.733667477162185,11.073990765314376,0.0,0.0,11.050456081168516,5.131558479839333,0.0,11.336785877934735,68.54635098380861,29.525365011975733,0.0,26.46513959392033,10.535775497216456,0.0,0.0,0.0,201.58,51.4842470947288,22.801408536544404,0.0,15.130702465984026,0.0,11.336785877934735,26.151274369537788,0.0,0.0,15.456479851704078,20.23053332942989,31.44978820569469,0.9796905422586336,44.39737831563419,16.334751159546904,3.256457088644816,-3.375611656986792,-2.3123389733980013,0.0,3.692820624691566,-4.756268639419342,0.4615384615384615,28,5,13,0,1,1,0,1,1,10,4,15,7,0,1,1,2,-1.172499999999998,95.65050000000004,1,0,0,1,0,1,0,0,1,1,3,2,0,0,0,3,1,1,0,0,0,0,0,0,0,0,0,2,0,1,0,0,0,0,0,0,0,0,0,0,0,0,0,0,0,0,0,0,0,0,0,0,0,1,0,0,0,0,0,0,0,0,0,1,0,0,0,0,0,0,0,0,0,0,0,0,0,0,0,0,1,0,0,0,0,287.0,Pseudomonas aeruginosa,Bacteria
116518,,16476064,CHEMBL3768656,Antibacterial activity against BL positive Pseudomonas aeruginosa 09-14 after 18 hrs by agar dilution assay,F,BAO_0002146,BAO_0000218,organism-based format,C[C@H]1[C@H](NC(=O)/C(=N\OC(C)(C)C(=O)O)c2csc(N)n2)C(=O)N1S(=O)(=O)O,CHEMBL3763031,Eur J Med Chem,2016.0,CHEMBL158,AZTREONAM,CHEMBL158,0,http://www.openphacts.org/units/MicrogramPerMilliliter,2757737,=,1,1,=,MIC,ug.mL-1,4.0,CHEMBL348,Pseudomonas aeruginosa,Pseudomonas aeruginosa,287.0,,MIC,ug ml-1,UO_0000274,4.0,CHEMBL158,C[C@H]1[C@H](NC(=O)/C(=N\OC(C)(C)C(=O)O)c2csc(N)n2)C(=O)N1S(=O)(=O)O,12.562141912320484,12.562141912320484,0.0349535856009066,-4.756268639419342,0.174788224513646,20.5,435.44000000000017,418.30400000000014,435.051854504,154,0,0.3620751467724121,-0.4782270320177159,0.4782270320177159,0.3620751467724121,1.4642857142857142,2.071428571428572,2.5,32.24529764273617,10.00401161573638,2.513331128805475,-2.416338874010568,2.230948535260857,-2.707807208919476,7.836563836647012,-0.1608446168429468,2.971847309732629,2.2592762983237704,953.8851353067348,21.43879310982592,14.8114553779692,16.444448539824652,12.752743308167698,7.578995896792942,9.855612118054724,6.221230582074894,8.399971119282888,3.730567932227123,5.414072402778615,2.1128455580549623,3.54351374163482,-2.78,690205.5939907836,21.519292322605008,7.325918985638601,4.204134383579708,162.59031069995737,20.994572059745856,11.735768823996422,10.843243482610037,5.601050810983688,11.814359458703011,16.27347016397548,14.141824241834009,14.083731696315263,8.417796984328938,11.336785877934735,5.15571272675054,20.771211599071872,5.380062770465915,6.041840829147961,37.29827438881211,50.26785898322327,0.0,14.605983116249774,5.15571272675054,38.455944068351485,5.733667477162185,11.073990765314376,0.0,0.0,11.050456081168516,5.131558479839333,0.0,11.336785877934735,68.54635098380861,29.525365011975733,0.0,26.46513959392033,10.535775497216456,0.0,0.0,0.0,201.58,51.4842470947288,22.801408536544404,0.0,15.130702465984026,0.0,11.336785877934735,26.151274369537788,0.0,0.0,15.456479851704078,20.23053332942989,31.44978820569469,0.9796905422586336,44.39737831563419,16.334751159546904,3.256457088644816,-3.375611656986792,-2.3123389733980013,0.0,3.692820624691566,-4.756268639419342,0.4615384615384615,28,5,13,0,1,1,0,1,1,10,4,15,7,0,1,1,2,-1.172499999999998,95.65050000000004,1,0,0,1,0,1,0,0,1,1,3,2,0,0,0,3,1,1,0,0,0,0,0,0,0,0,0,2,0,1,0,0,0,0,0,0,0,0,0,0,0,0,0,0,0,0,0,0,0,0,0,0,0,1,0,0,0,0,0,0,0,0,0,1,0,0,0,0,0,0,0,0,0,0,0,0,0,0,0,0,1,0,0,0,0,287.0,Pseudomonas aeruginosa,Bacteria
116518,,16476064,CHEMBL3768656,Antibacterial activity against BL positive Pseudomonas aeruginosa 09-14 after 18 hrs by agar dilution assay,F,BAO_0002146,BAO_0000218,organism-based format,C[C@H]1[C@H](NC(=O)/C(=N\OC(C)(C)C(=O)O)c2csc(N)n2)C(=O)N1S(=O)(=O)O,CHEMBL3763031,Eur J Med Chem,2016.0,CHEMBL158,AZTREONAM,CHEMBL158,0,http://www.openphacts.org/units/MicrogramPerMilliliter,2757737,=,1,1,=,MIC,ug.mL-1,4.0,CHEMBL348,Pseudomonas aeruginosa,Pseudomonas aeruginosa,287.0,,MIC,ug ml-1,UO_0000274,4.0,CHEMBL158,C[C@H]1[C@H](NC(=O)/C(=N\OC(C)(C)C(=O)O)c2csc(N)n2)C(=O)N1S(=O)(=O)O,12.562141912320484,12.562141912320484,0.0349535856009066,-4.756268639419342,0.174788224513646,20.5,435.44000000000017,418.30400000000014,435.051854504,154,0,0.3620751467724121,-0.4782270320177159,0.4782270320177159,0.3620751467724121,1.4642857142857142,2.071428571428572,2.5,32.24529764273617,10.00401161573638,2.513331128805475,-2.416338874010568,2.230948535260857,-2.707807208919476,7.836563836647012,-0.1608446168429468,2.971847309732629,2.2592762983237704,953.8851353067348,21.43879310982592,14.8114553779692,16.444448539824652,12.752743308167698,7.578995896792942,9.855612118054724,6.221230582074894,8.399971119282888,3.730567932227123,5.414072402778615,2.1128455580549623,3.54351374163482,-2.78,690205.5939907836,21.519292322605008,7.325918985638601,4.204134383579708,162.59031069995737,20.994572059745856,11.735768823996422,10.843243482610037,5.601050810983688,11.814359458703011,16.27347016397548,14.141824241834009,14.083731696315263,8.417796984328938,11.336785877934735,5.15571272675054,20.771211599071872,5.380062770465915,6.041840829147961,37.29827438881211,50.26785898322327,0.0,14.605983116249774,5.15571272675054,38.455944068351485,5.733667477162185,11.073990765314376,0.0,0.0,11.050456081168516,5.131558479839333,0.0,11.336785877934735,68.54635098380861,29.525365011975733,0.0,26.46513959392033,10.535775497216456,0.0,0.0,0.0,201.58,51.4842470947288,22.801408536544404,0.0,15.130702465984026,0.0,11.336785877934735,26.151274369537788,0.0,0.0,15.456479851704078,20.23053332942989,31.44978820569469,0.9796905422586336,44.39737831563419,16.334751159546904,3.256457088644816,-3.375611656986792,-2.3123389733980013,0.0,3.692820624691566,-4.756268639419342,0.4615384615384615,28,5,13,0,1,1,0,1,1,10,4,15,7,0,1,1,2,-1.172499999999998,95.65050000000004,1,0,0,1,0,1,0,0,1,1,3,2,0,0,0,3,1,1,0,0,0,0,0,0,0,0,0,2,0,1,0,0,0,0,0,0,0,0,0,0,0,0,0,0,0,0,0,0,0,0,0,0,0,1,0,0,0,0,0,0,0,0,0,1,0,0,0,0,0,0,0,0,0,0,0,0,0,0,0,0,1,0,0,0,0,287.0,Pseudomonas aeruginosa,Bacteria
116518,,16476064,CHEMBL3768656,Antibacterial activity against BL positive Pseudomonas aeruginosa 09-14 after 18 hrs by agar dilution assay,F,BAO_0002146,BAO_0000218,organism-based format,C[C@H]1[C@H](NC(=O)/C(=N\OC(C)(C)C(=O)O)c2csc(N)n2)C(=O)N1S(=O)(=O)O,CHEMBL3763031,Eur J Med Chem,2016.0,CHEMBL158,AZTREONAM,CHEMBL158,0,http://www.openphacts.org/units/MicrogramPerMilliliter,2757737,=,1,1,=,MIC,ug.mL-1,4.0,CHEMBL348,Pseudomonas aeruginosa,Pseudomonas aeruginosa,287.0,,MIC,ug ml-1,UO_0000274,4.0,CHEMBL158,C[C@H]1[C@H](NC(=O)/C(=N\OC(C)(C)C(=O)O)c2csc(N)n2)C(=O)N1S(=O)(=O)O,12.562141912320484,12.562141912320484,0.0349535856009066,-4.756268639419342,0.174788224513646,20.5,435.44000000000017,418.30400000000014,435.051854504,154,0,0.3620751467724121,-0.4782270320177159,0.4782270320177159,0.3620751467724121,1.4642857142857142,2.071428571428572,2.5,32.24529764273617,10.00401161573638,2.513331128805475,-2.416338874010568,2.230948535260857,-2.707807208919476,7.836563836647012,-0.1608446168429468,2.971847309732629,2.2592762983237704,953.8851353067348,21.43879310982592,14.8114553779692,16.444448539824652,12.752743308167698,7.578995896792942,9.855612118054724,6.221230582074894,8.399971119282888,3.730567932227123,5.414072402778615,2.1128455580549623,3.54351374163482,-2.78,690205.5939907836,21.519292322605008,7.325918985638601,4.204134383579708,162.59031069995737,20.994572059745856,11.735768823996422,10.843243482610037,5.601050810983688,11.814359458703011,16.27347016397548,14.141824241834009,14.083731696315263,8.417796984328938,11.336785877934735,5.15571272675054,20.771211599071872,5.380062770465915,6.041840829147961,37.29827438881211,50.26785898322327,0.0,14.605983116249774,5.15571272675054,38.455944068351485,5.733667477162185,11.073990765314376,0.0,0.0,11.050456081168516,5.131558479839333,0.0,11.336785877934735,68.54635098380861,29.525365011975733,0.0,26.46513959392033,10.535775497216456,0.0,0.0,0.0,201.58,51.4842470947288,22.801408536544404,0.0,15.130702465984026,0.0,11.336785877934735,26.151274369537788,0.0,0.0,15.456479851704078,20.23053332942989,31.44978820569469,0.9796905422586336,44.39737831563419,16.334751159546904,3.256457088644816,-3.375611656986792,-2.3123389733980013,0.0,3.692820624691566,-4.756268639419342,0.4615384615384615,28,5,13,0,1,1,0,1,1,10,4,15,7,0,1,1,2,-1.172499999999998,95.65050000000004,1,0,0,1,0,1,0,0,1,1,3,2,0,0,0,3,1,1,0,0,0,0,0,0,0,0,0,2,0,1,0,0,0,0,0,0,0,0,0,0,0,0,0,0,0,0,0,0,0,0,0,0,0,1,0,0,0,0,0,0,0,0,0,1,0,0,0,0,0,0,0,0,0,0,0,0,0,0,0,0,1,0,0,0,0,287.0,Pseudomonas aeruginosa,Bacteria
116519,,16480685,CHEMBL3766245,Antibacterial activity against Proteus sp. at 30 ug/ml by disc diffusion method,F,BAO_0003039,BAO_0000218,organism-based format,C[C@H]1[C@H](NC(=O)/C(=N\OC(C)(C)C(=O)O)c2csc(N)n2)C(=O)N1S(=O)(=O)O,CHEMBL3763119,Bioorg Med Chem,2016.0,CHEMBL158,AZTREONAM,CHEMBL158,0,http://qudt.org/vocab/unit#Millimeter,2756094,=,1,1,=,IZ,mm,24.0,CHEMBL613019,Proteus sp.,Proteus sp.,229037.0,,DIZ,mm,UO_0000016,24.0,CHEMBL158,C[C@H]1[C@H](NC(=O)/C(=N\OC(C)(C)C(=O)O)c2csc(N)n2)C(=O)N1S(=O)(=O)O,12.562141912320484,12.562141912320484,0.0349535856009066,-4.756268639419342,0.174788224513646,20.5,435.44000000000017,418.30400000000014,435.051854504,154,0,0.3620751467724121,-0.4782270320177159,0.4782270320177159,0.3620751467724121,1.4642857142857142,2.071428571428572,2.5,32.24529764273617,10.00401161573638,2.513331128805475,-2.416338874010568,2.230948535260857,-2.707807208919476,7.836563836647012,-0.1608446168429468,2.971847309732629,2.2592762983237704,953.8851353067348,21.43879310982592,14.8114553779692,16.444448539824652,12.752743308167698,7.578995896792942,9.855612118054724,6.221230582074894,8.399971119282888,3.730567932227123,5.414072402778615,2.1128455580549623,3.54351374163482,-2.78,690205.5939907836,21.519292322605008,7.325918985638601,4.204134383579708,162.59031069995737,20.994572059745856,11.735768823996422,10.843243482610037,5.601050810983688,11.814359458703011,16.27347016397548,14.141824241834009,14.083731696315263,8.417796984328938,11.336785877934735,5.15571272675054,20.771211599071872,5.380062770465915,6.041840829147961,37.29827438881211,50.26785898322327,0.0,14.605983116249774,5.15571272675054,38.455944068351485,5.733667477162185,11.073990765314376,0.0,0.0,11.050456081168516,5.131558479839333,0.0,11.336785877934735,68.54635098380861,29.525365011975733,0.0,26.46513959392033,10.535775497216456,0.0,0.0,0.0,201.58,51.4842470947288,22.801408536544404,0.0,15.130702465984026,0.0,11.336785877934735,26.151274369537788,0.0,0.0,15.456479851704078,20.23053332942989,31.44978820569469,0.9796905422586336,44.39737831563419,16.334751159546904,3.256457088644816,-3.375611656986792,-2.3123389733980013,0.0,3.692820624691566,-4.756268639419342,0.4615384615384615,28,5,13,0,1,1,0,1,1,10,4,15,7,0,1,1,2,-1.172499999999998,95.65050000000004,1,0,0,1,0,1,0,0,1,1,3,2,0,0,0,3,1,1,0,0,0,0,0,0,0,0,0,2,0,1,0,0,0,0,0,0,0,0,0,0,0,0,0,0,0,0,0,0,0,0,0,0,0,1,0,0,0,0,0,0,0,0,0,1,0,0,0,0,0,0,0,0,0,0,0,0,0,0,0,0,1,0,0,0,0,229037.0,Proteus sp.,Bacteria
116520,,18047197,CHEMBL4011007,Antibacterial activity against extended spectrum beta-lactamases producing Escherichia coli clinical isolates after 18 hrs by broth microdilution method,F,BAO_0002146,BAO_0000019,assay format,C[C@H]1[C@H](NC(=O)/C(=N\OC(C)(C)C(=O)O)c2csc(N)n2)C(=O)N1S(=O)(=O)O,CHEMBL4007487,J Med Chem,2017.0,CHEMBL158,AZTREONAM,CHEMBL158,0,http://www.openphacts.org/units/MicrogramPerMilliliter,2990834,=,1,1,=,MIC,ug.mL-1,0.5,CHEMBL354,Escherichia coli,Escherichia coli,562.0,,MIC,ug ml-1,UO_0000274,0.5,CHEMBL158,C[C@H]1[C@H](NC(=O)/C(=N\OC(C)(C)C(=O)O)c2csc(N)n2)C(=O)N1S(=O)(=O)O,12.562141912320484,12.562141912320484,0.0349535856009066,-4.756268639419342,0.174788224513646,20.5,435.44000000000017,418.30400000000014,435.051854504,154,0,0.3620751467724121,-0.4782270320177159,0.4782270320177159,0.3620751467724121,1.4642857142857142,2.071428571428572,2.5,32.24529764273617,10.00401161573638,2.513331128805475,-2.416338874010568,2.230948535260857,-2.707807208919476,7.836563836647012,-0.1608446168429468,2.971847309732629,2.2592762983237704,953.8851353067348,21.43879310982592,14.8114553779692,16.444448539824652,12.752743308167698,7.578995896792942,9.855612118054724,6.221230582074894,8.399971119282888,3.730567932227123,5.414072402778615,2.1128455580549623,3.54351374163482,-2.78,690205.5939907836,21.519292322605008,7.325918985638601,4.204134383579708,162.59031069995737,20.994572059745856,11.735768823996422,10.843243482610037,5.601050810983688,11.814359458703011,16.27347016397548,14.141824241834009,14.083731696315263,8.417796984328938,11.336785877934735,5.15571272675054,20.771211599071872,5.380062770465915,6.041840829147961,37.29827438881211,50.26785898322327,0.0,14.605983116249774,5.15571272675054,38.455944068351485,5.733667477162185,11.073990765314376,0.0,0.0,11.050456081168516,5.131558479839333,0.0,11.336785877934735,68.54635098380861,29.525365011975733,0.0,26.46513959392033,10.535775497216456,0.0,0.0,0.0,201.58,51.4842470947288,22.801408536544404,0.0,15.130702465984026,0.0,11.336785877934735,26.151274369537788,0.0,0.0,15.456479851704078,20.23053332942989,31.44978820569469,0.9796905422586336,44.39737831563419,16.334751159546904,3.256457088644816,-3.375611656986792,-2.3123389733980013,0.0,3.692820624691566,-4.756268639419342,0.4615384615384615,28,5,13,0,1,1,0,1,1,10,4,15,7,0,1,1,2,-1.172499999999998,95.65050000000004,1,0,0,1,0,1,0,0,1,1,3,2,0,0,0,3,1,1,0,0,0,0,0,0,0,0,0,2,0,1,0,0,0,0,0,0,0,0,0,0,0,0,0,0,0,0,0,0,0,0,0,0,0,1,0,0,0,0,0,0,0,0,0,1,0,0,0,0,0,0,0,0,0,0,0,0,0,0,0,0,1,0,0,0,0,562.0,Escherichia coli,Bacteria
116520,,18047197,CHEMBL4011007,Antibacterial activity against extended spectrum beta-lactamases producing Escherichia coli clinical isolates after 18 hrs by broth microdilution method,F,BAO_0002146,BAO_0000019,assay format,C[C@H]1[C@H](NC(=O)/C(=N\OC(C)(C)C(=O)O)c2csc(N)n2)C(=O)N1S(=O)(=O)O,CHEMBL4007487,J Med Chem,2017.0,CHEMBL158,AZTREONAM,CHEMBL158,0,http://www.openphacts.org/units/MicrogramPerMilliliter,2990834,=,1,1,=,MIC,ug.mL-1,0.5,CHEMBL354,Escherichia coli,Escherichia coli,562.0,,MIC,ug ml-1,UO_0000274,0.5,CHEMBL158,C[C@H]1[C@H](NC(=O)/C(=N\OC(C)(C)C(=O)O)c2csc(N)n2)C(=O)N1S(=O)(=O)O,12.562141912320484,12.562141912320484,0.0349535856009066,-4.756268639419342,0.174788224513646,20.5,435.44000000000017,418.30400000000014,435.051854504,154,0,0.3620751467724121,-0.4782270320177159,0.4782270320177159,0.3620751467724121,1.4642857142857142,2.071428571428572,2.5,32.24529764273617,10.00401161573638,2.513331128805475,-2.416338874010568,2.230948535260857,-2.707807208919476,7.836563836647012,-0.1608446168429468,2.971847309732629,2.2592762983237704,953.8851353067348,21.43879310982592,14.8114553779692,16.444448539824652,12.752743308167698,7.578995896792942,9.855612118054724,6.221230582074894,8.399971119282888,3.730567932227123,5.414072402778615,2.1128455580549623,3.54351374163482,-2.78,690205.5939907836,21.519292322605008,7.325918985638601,4.204134383579708,162.59031069995737,20.994572059745856,11.735768823996422,10.843243482610037,5.601050810983688,11.814359458703011,16.27347016397548,14.141824241834009,14.083731696315263,8.417796984328938,11.336785877934735,5.15571272675054,20.771211599071872,5.380062770465915,6.041840829147961,37.29827438881211,50.26785898322327,0.0,14.605983116249774,5.15571272675054,38.455944068351485,5.733667477162185,11.073990765314376,0.0,0.0,11.050456081168516,5.131558479839333,0.0,11.336785877934735,68.54635098380861,29.525365011975733,0.0,26.46513959392033,10.535775497216456,0.0,0.0,0.0,201.58,51.4842470947288,22.801408536544404,0.0,15.130702465984026,0.0,11.336785877934735,26.151274369537788,0.0,0.0,15.456479851704078,20.23053332942989,31.44978820569469,0.9796905422586336,44.39737831563419,16.334751159546904,3.256457088644816,-3.375611656986792,-2.3123389733980013,0.0,3.692820624691566,-4.756268639419342,0.4615384615384615,28,5,13,0,1,1,0,1,1,10,4,15,7,0,1,1,2,-1.172499999999998,95.65050000000004,1,0,0,1,0,1,0,0,1,1,3,2,0,0,0,3,1,1,0,0,0,0,0,0,0,0,0,2,0,1,0,0,0,0,0,0,0,0,0,0,0,0,0,0,0,0,0,0,0,0,0,0,0,1,0,0,0,0,0,0,0,0,0,1,0,0,0,0,0,0,0,0,0,0,0,0,0,0,0,0,1,0,0,0,0,562.0,Escherichia coli,Bacteria
116520,,18047197,CHEMBL4011007,Antibacterial activity against extended spectrum beta-lactamases producing Escherichia coli clinical isolates after 18 hrs by broth microdilution method,F,BAO_0002146,BAO_0000019,assay format,C[C@H]1[C@H](NC(=O)/C(=N\OC(C)(C)C(=O)O)c2csc(N)n2)C(=O)N1S(=O)(=O)O,CHEMBL4007487,J Med Chem,2017.0,CHEMBL158,AZTREONAM,CHEMBL158,0,http://www.openphacts.org/units/MicrogramPerMilliliter,2990834,=,1,1,=,MIC,ug.mL-1,0.5,CHEMBL354,Escherichia coli,Escherichia coli,562.0,,MIC,ug ml-1,UO_0000274,0.5,CHEMBL158,C[C@H]1[C@H](NC(=O)/C(=N\OC(C)(C)C(=O)O)c2csc(N)n2)C(=O)N1S(=O)(=O)O,12.562141912320484,12.562141912320484,0.0349535856009066,-4.756268639419342,0.174788224513646,20.5,435.44000000000017,418.30400000000014,435.051854504,154,0,0.3620751467724121,-0.4782270320177159,0.4782270320177159,0.3620751467724121,1.4642857142857142,2.071428571428572,2.5,32.24529764273617,10.00401161573638,2.513331128805475,-2.416338874010568,2.230948535260857,-2.707807208919476,7.836563836647012,-0.1608446168429468,2.971847309732629,2.2592762983237704,953.8851353067348,21.43879310982592,14.8114553779692,16.444448539824652,12.752743308167698,7.578995896792942,9.855612118054724,6.221230582074894,8.399971119282888,3.730567932227123,5.414072402778615,2.1128455580549623,3.54351374163482,-2.78,690205.5939907836,21.519292322605008,7.325918985638601,4.204134383579708,162.59031069995737,20.994572059745856,11.735768823996422,10.843243482610037,5.601050810983688,11.814359458703011,16.27347016397548,14.141824241834009,14.083731696315263,8.417796984328938,11.336785877934735,5.15571272675054,20.771211599071872,5.380062770465915,6.041840829147961,37.29827438881211,50.26785898322327,0.0,14.605983116249774,5.15571272675054,38.455944068351485,5.733667477162185,11.073990765314376,0.0,0.0,11.050456081168516,5.131558479839333,0.0,11.336785877934735,68.54635098380861,29.525365011975733,0.0,26.46513959392033,10.535775497216456,0.0,0.0,0.0,201.58,51.4842470947288,22.801408536544404,0.0,15.130702465984026,0.0,11.336785877934735,26.151274369537788,0.0,0.0,15.456479851704078,20.23053332942989,31.44978820569469,0.9796905422586336,44.39737831563419,16.334751159546904,3.256457088644816,-3.375611656986792,-2.3123389733980013,0.0,3.692820624691566,-4.756268639419342,0.4615384615384615,28,5,13,0,1,1,0,1,1,10,4,15,7,0,1,1,2,-1.172499999999998,95.65050000000004,1,0,0,1,0,1,0,0,1,1,3,2,0,0,0,3,1,1,0,0,0,0,0,0,0,0,0,2,0,1,0,0,0,0,0,0,0,0,0,0,0,0,0,0,0,0,0,0,0,0,0,0,0,1,0,0,0,0,0,0,0,0,0,1,0,0,0,0,0,0,0,0,0,0,0,0,0,0,0,0,1,0,0,0,0,562.0,Escherichia coli,Bacteria
116520,,18047197,CHEMBL4011007,Antibacterial activity against extended spectrum beta-lactamases producing Escherichia coli clinical isolates after 18 hrs by broth microdilution method,F,BAO_0002146,BAO_0000019,assay format,C[C@H]1[C@H](NC(=O)/C(=N\OC(C)(C)C(=O)O)c2csc(N)n2)C(=O)N1S(=O)(=O)O,CHEMBL4007487,J Med Chem,2017.0,CHEMBL158,AZTREONAM,CHEMBL158,0,http://www.openphacts.org/units/MicrogramPerMilliliter,2990834,=,1,1,=,MIC,ug.mL-1,0.5,CHEMBL354,Escherichia coli,Escherichia coli,562.0,,MIC,ug ml-1,UO_0000274,0.5,CHEMBL158,C[C@H]1[C@H](NC(=O)/C(=N\OC(C)(C)C(=O)O)c2csc(N)n2)C(=O)N1S(=O)(=O)O,12.562141912320484,12.562141912320484,0.0349535856009066,-4.756268639419342,0.174788224513646,20.5,435.44000000000017,418.30400000000014,435.051854504,154,0,0.3620751467724121,-0.4782270320177159,0.4782270320177159,0.3620751467724121,1.4642857142857142,2.071428571428572,2.5,32.24529764273617,10.00401161573638,2.513331128805475,-2.416338874010568,2.230948535260857,-2.707807208919476,7.836563836647012,-0.1608446168429468,2.971847309732629,2.2592762983237704,953.8851353067348,21.43879310982592,14.8114553779692,16.444448539824652,12.752743308167698,7.578995896792942,9.855612118054724,6.221230582074894,8.399971119282888,3.730567932227123,5.414072402778615,2.1128455580549623,3.54351374163482,-2.78,690205.5939907836,21.519292322605008,7.325918985638601,4.204134383579708,162.59031069995737,20.994572059745856,11.735768823996422,10.843243482610037,5.601050810983688,11.814359458703011,16.27347016397548,14.141824241834009,14.083731696315263,8.417796984328938,11.336785877934735,5.15571272675054,20.771211599071872,5.380062770465915,6.041840829147961,37.29827438881211,50.26785898322327,0.0,14.605983116249774,5.15571272675054,38.455944068351485,5.733667477162185,11.073990765314376,0.0,0.0,11.050456081168516,5.131558479839333,0.0,11.336785877934735,68.54635098380861,29.525365011975733,0.0,26.46513959392033,10.535775497216456,0.0,0.0,0.0,201.58,51.4842470947288,22.801408536544404,0.0,15.130702465984026,0.0,11.336785877934735,26.151274369537788,0.0,0.0,15.456479851704078,20.23053332942989,31.44978820569469,0.9796905422586336,44.39737831563419,16.334751159546904,3.256457088644816,-3.375611656986792,-2.3123389733980013,0.0,3.692820624691566,-4.756268639419342,0.4615384615384615,28,5,13,0,1,1,0,1,1,10,4,15,7,0,1,1,2,-1.172499999999998,95.65050000000004,1,0,0,1,0,1,0,0,1,1,3,2,0,0,0,3,1,1,0,0,0,0,0,0,0,0,0,2,0,1,0,0,0,0,0,0,0,0,0,0,0,0,0,0,0,0,0,0,0,0,0,0,0,1,0,0,0,0,0,0,0,0,0,1,0,0,0,0,0,0,0,0,0,0,0,0,0,0,0,0,1,0,0,0,0,562.0,Escherichia coli,Bacteria
116521,,18047234,CHEMBL4011004,Antibacterial activity against extended spectrum beta-lactamase KPC-2 producing multidrug resistant Klebsiella pneumoniae clinical isolates after 18 hrs by broth microdilution method,F,BAO_0002146,BAO_0000019,assay format,C[C@H]1[C@H](NC(=O)/C(=N\OC(C)(C)C(=O)O)c2csc(N)n2)C(=O)N1S(=O)(=O)O,CHEMBL4007487,J Med Chem,2017.0,CHEMBL158,AZTREONAM,CHEMBL158,0,http://www.openphacts.org/units/MicrogramPerMilliliter,2990834,>,1,1,>,MIC,ug.mL-1,64.0,CHEMBL350,Klebsiella pneumoniae,Klebsiella pneumoniae,573.0,,MIC,ug ml-1,UO_0000274,64.0,CHEMBL158,C[C@H]1[C@H](NC(=O)/C(=N\OC(C)(C)C(=O)O)c2csc(N)n2)C(=O)N1S(=O)(=O)O,12.562141912320484,12.562141912320484,0.0349535856009066,-4.756268639419342,0.174788224513646,20.5,435.44000000000017,418.30400000000014,435.051854504,154,0,0.3620751467724121,-0.4782270320177159,0.4782270320177159,0.3620751467724121,1.4642857142857142,2.071428571428572,2.5,32.24529764273617,10.00401161573638,2.513331128805475,-2.416338874010568,2.230948535260857,-2.707807208919476,7.836563836647012,-0.1608446168429468,2.971847309732629,2.2592762983237704,953.8851353067348,21.43879310982592,14.8114553779692,16.444448539824652,12.752743308167698,7.578995896792942,9.855612118054724,6.221230582074894,8.399971119282888,3.730567932227123,5.414072402778615,2.1128455580549623,3.54351374163482,-2.78,690205.5939907836,21.519292322605008,7.325918985638601,4.204134383579708,162.59031069995737,20.994572059745856,11.735768823996422,10.843243482610037,5.601050810983688,11.814359458703011,16.27347016397548,14.141824241834009,14.083731696315263,8.417796984328938,11.336785877934735,5.15571272675054,20.771211599071872,5.380062770465915,6.041840829147961,37.29827438881211,50.26785898322327,0.0,14.605983116249774,5.15571272675054,38.455944068351485,5.733667477162185,11.073990765314376,0.0,0.0,11.050456081168516,5.131558479839333,0.0,11.336785877934735,68.54635098380861,29.525365011975733,0.0,26.46513959392033,10.535775497216456,0.0,0.0,0.0,201.58,51.4842470947288,22.801408536544404,0.0,15.130702465984026,0.0,11.336785877934735,26.151274369537788,0.0,0.0,15.456479851704078,20.23053332942989,31.44978820569469,0.9796905422586336,44.39737831563419,16.334751159546904,3.256457088644816,-3.375611656986792,-2.3123389733980013,0.0,3.692820624691566,-4.756268639419342,0.4615384615384615,28,5,13,0,1,1,0,1,1,10,4,15,7,0,1,1,2,-1.172499999999998,95.65050000000004,1,0,0,1,0,1,0,0,1,1,3,2,0,0,0,3,1,1,0,0,0,0,0,0,0,0,0,2,0,1,0,0,0,0,0,0,0,0,0,0,0,0,0,0,0,0,0,0,0,0,0,0,0,1,0,0,0,0,0,0,0,0,0,1,0,0,0,0,0,0,0,0,0,0,0,0,0,0,0,0,1,0,0,0,0,573.0,Klebsiella pneumoniae,Bacteria
116521,,18047234,CHEMBL4011004,Antibacterial activity against extended spectrum beta-lactamase KPC-2 producing multidrug resistant Klebsiella pneumoniae clinical isolates after 18 hrs by broth microdilution method,F,BAO_0002146,BAO_0000019,assay format,C[C@H]1[C@H](NC(=O)/C(=N\OC(C)(C)C(=O)O)c2csc(N)n2)C(=O)N1S(=O)(=O)O,CHEMBL4007487,J Med Chem,2017.0,CHEMBL158,AZTREONAM,CHEMBL158,0,http://www.openphacts.org/units/MicrogramPerMilliliter,2990834,>,1,1,>,MIC,ug.mL-1,64.0,CHEMBL350,Klebsiella pneumoniae,Klebsiella pneumoniae,573.0,,MIC,ug ml-1,UO_0000274,64.0,CHEMBL158,C[C@H]1[C@H](NC(=O)/C(=N\OC(C)(C)C(=O)O)c2csc(N)n2)C(=O)N1S(=O)(=O)O,12.562141912320484,12.562141912320484,0.0349535856009066,-4.756268639419342,0.174788224513646,20.5,435.44000000000017,418.30400000000014,435.051854504,154,0,0.3620751467724121,-0.4782270320177159,0.4782270320177159,0.3620751467724121,1.4642857142857142,2.071428571428572,2.5,32.24529764273617,10.00401161573638,2.513331128805475,-2.416338874010568,2.230948535260857,-2.707807208919476,7.836563836647012,-0.1608446168429468,2.971847309732629,2.2592762983237704,953.8851353067348,21.43879310982592,14.8114553779692,16.444448539824652,12.752743308167698,7.578995896792942,9.855612118054724,6.221230582074894,8.399971119282888,3.730567932227123,5.414072402778615,2.1128455580549623,3.54351374163482,-2.78,690205.5939907836,21.519292322605008,7.325918985638601,4.204134383579708,162.59031069995737,20.994572059745856,11.735768823996422,10.843243482610037,5.601050810983688,11.814359458703011,16.27347016397548,14.141824241834009,14.083731696315263,8.417796984328938,11.336785877934735,5.15571272675054,20.771211599071872,5.380062770465915,6.041840829147961,37.29827438881211,50.26785898322327,0.0,14.605983116249774,5.15571272675054,38.455944068351485,5.733667477162185,11.073990765314376,0.0,0.0,11.050456081168516,5.131558479839333,0.0,11.336785877934735,68.54635098380861,29.525365011975733,0.0,26.46513959392033,10.535775497216456,0.0,0.0,0.0,201.58,51.4842470947288,22.801408536544404,0.0,15.130702465984026,0.0,11.336785877934735,26.151274369537788,0.0,0.0,15.456479851704078,20.23053332942989,31.44978820569469,0.9796905422586336,44.39737831563419,16.334751159546904,3.256457088644816,-3.375611656986792,-2.3123389733980013,0.0,3.692820624691566,-4.756268639419342,0.4615384615384615,28,5,13,0,1,1,0,1,1,10,4,15,7,0,1,1,2,-1.172499999999998,95.65050000000004,1,0,0,1,0,1,0,0,1,1,3,2,0,0,0,3,1,1,0,0,0,0,0,0,0,0,0,2,0,1,0,0,0,0,0,0,0,0,0,0,0,0,0,0,0,0,0,0,0,0,0,0,0,1,0,0,0,0,0,0,0,0,0,1,0,0,0,0,0,0,0,0,0,0,0,0,0,0,0,0,1,0,0,0,0,573.0,Klebsiella pneumoniae,Bacteria
116522,,18047336,CHEMBL4011005,Antibacterial activity against extended spectrum beta-lactamase OXA-23 producing multidrug resistant Acinetobacter baumannii clinical isolates after 18 hrs by broth microdilution method,F,BAO_0002146,BAO_0000019,assay format,C[C@H]1[C@H](NC(=O)/C(=N\OC(C)(C)C(=O)O)c2csc(N)n2)C(=O)N1S(=O)(=O)O,CHEMBL4007487,J Med Chem,2017.0,CHEMBL158,AZTREONAM,CHEMBL158,0,http://www.openphacts.org/units/MicrogramPerMilliliter,2990834,>=,1,1,>=,MIC,ug.mL-1,64.0,CHEMBL614425,Acinetobacter baumannii,Acinetobacter baumannii,470.0,,MIC,ug ml-1,UO_0000274,64.0,CHEMBL158,C[C@H]1[C@H](NC(=O)/C(=N\OC(C)(C)C(=O)O)c2csc(N)n2)C(=O)N1S(=O)(=O)O,12.562141912320484,12.562141912320484,0.0349535856009066,-4.756268639419342,0.174788224513646,20.5,435.44000000000017,418.30400000000014,435.051854504,154,0,0.3620751467724121,-0.4782270320177159,0.4782270320177159,0.3620751467724121,1.4642857142857142,2.071428571428572,2.5,32.24529764273617,10.00401161573638,2.513331128805475,-2.416338874010568,2.230948535260857,-2.707807208919476,7.836563836647012,-0.1608446168429468,2.971847309732629,2.2592762983237704,953.8851353067348,21.43879310982592,14.8114553779692,16.444448539824652,12.752743308167698,7.578995896792942,9.855612118054724,6.221230582074894,8.399971119282888,3.730567932227123,5.414072402778615,2.1128455580549623,3.54351374163482,-2.78,690205.5939907836,21.519292322605008,7.325918985638601,4.204134383579708,162.59031069995737,20.994572059745856,11.735768823996422,10.843243482610037,5.601050810983688,11.814359458703011,16.27347016397548,14.141824241834009,14.083731696315263,8.417796984328938,11.336785877934735,5.15571272675054,20.771211599071872,5.380062770465915,6.041840829147961,37.29827438881211,50.26785898322327,0.0,14.605983116249774,5.15571272675054,38.455944068351485,5.733667477162185,11.073990765314376,0.0,0.0,11.050456081168516,5.131558479839333,0.0,11.336785877934735,68.54635098380861,29.525365011975733,0.0,26.46513959392033,10.535775497216456,0.0,0.0,0.0,201.58,51.4842470947288,22.801408536544404,0.0,15.130702465984026,0.0,11.336785877934735,26.151274369537788,0.0,0.0,15.456479851704078,20.23053332942989,31.44978820569469,0.9796905422586336,44.39737831563419,16.334751159546904,3.256457088644816,-3.375611656986792,-2.3123389733980013,0.0,3.692820624691566,-4.756268639419342,0.4615384615384615,28,5,13,0,1,1,0,1,1,10,4,15,7,0,1,1,2,-1.172499999999998,95.65050000000004,1,0,0,1,0,1,0,0,1,1,3,2,0,0,0,3,1,1,0,0,0,0,0,0,0,0,0,2,0,1,0,0,0,0,0,0,0,0,0,0,0,0,0,0,0,0,0,0,0,0,0,0,0,1,0,0,0,0,0,0,0,0,0,1,0,0,0,0,0,0,0,0,0,0,0,0,0,0,0,0,1,0,0,0,0,470.0,Acinetobacter baumannii,Bacteria
116523,,18047389,CHEMBL4010996,Antibacterial activity against extended spectrum beta-lactamase IMP-4 producing multidrug resistant Pseudomonas aeruginosa clinical isolates after 18 hrs by broth microdilution method,F,BAO_0002146,BAO_0000019,assay format,C[C@H]1[C@H](NC(=O)/C(=N\OC(C)(C)C(=O)O)c2csc(N)n2)C(=O)N1S(=O)(=O)O,CHEMBL4007487,J Med Chem,2017.0,CHEMBL158,AZTREONAM,CHEMBL158,0,http://www.openphacts.org/units/MicrogramPerMilliliter,2990834,=,1,1,=,MIC,ug.mL-1,4.0,CHEMBL348,Pseudomonas aeruginosa,Pseudomonas aeruginosa,287.0,,MIC,ug ml-1,UO_0000274,4.0,CHEMBL158,C[C@H]1[C@H](NC(=O)/C(=N\OC(C)(C)C(=O)O)c2csc(N)n2)C(=O)N1S(=O)(=O)O,12.562141912320484,12.562141912320484,0.0349535856009066,-4.756268639419342,0.174788224513646,20.5,435.44000000000017,418.30400000000014,435.051854504,154,0,0.3620751467724121,-0.4782270320177159,0.4782270320177159,0.3620751467724121,1.4642857142857142,2.071428571428572,2.5,32.24529764273617,10.00401161573638,2.513331128805475,-2.416338874010568,2.230948535260857,-2.707807208919476,7.836563836647012,-0.1608446168429468,2.971847309732629,2.2592762983237704,953.8851353067348,21.43879310982592,14.8114553779692,16.444448539824652,12.752743308167698,7.578995896792942,9.855612118054724,6.221230582074894,8.399971119282888,3.730567932227123,5.414072402778615,2.1128455580549623,3.54351374163482,-2.78,690205.5939907836,21.519292322605008,7.325918985638601,4.204134383579708,162.59031069995737,20.994572059745856,11.735768823996422,10.843243482610037,5.601050810983688,11.814359458703011,16.27347016397548,14.141824241834009,14.083731696315263,8.417796984328938,11.336785877934735,5.15571272675054,20.771211599071872,5.380062770465915,6.041840829147961,37.29827438881211,50.26785898322327,0.0,14.605983116249774,5.15571272675054,38.455944068351485,5.733667477162185,11.073990765314376,0.0,0.0,11.050456081168516,5.131558479839333,0.0,11.336785877934735,68.54635098380861,29.525365011975733,0.0,26.46513959392033,10.535775497216456,0.0,0.0,0.0,201.58,51.4842470947288,22.801408536544404,0.0,15.130702465984026,0.0,11.336785877934735,26.151274369537788,0.0,0.0,15.456479851704078,20.23053332942989,31.44978820569469,0.9796905422586336,44.39737831563419,16.334751159546904,3.256457088644816,-3.375611656986792,-2.3123389733980013,0.0,3.692820624691566,-4.756268639419342,0.4615384615384615,28,5,13,0,1,1,0,1,1,10,4,15,7,0,1,1,2,-1.172499999999998,95.65050000000004,1,0,0,1,0,1,0,0,1,1,3,2,0,0,0,3,1,1,0,0,0,0,0,0,0,0,0,2,0,1,0,0,0,0,0,0,0,0,0,0,0,0,0,0,0,0,0,0,0,0,0,0,0,1,0,0,0,0,0,0,0,0,0,1,0,0,0,0,0,0,0,0,0,0,0,0,0,0,0,0,1,0,0,0,0,287.0,Pseudomonas aeruginosa,Bacteria
116523,,18047389,CHEMBL4010996,Antibacterial activity against extended spectrum beta-lactamase IMP-4 producing multidrug resistant Pseudomonas aeruginosa clinical isolates after 18 hrs by broth microdilution method,F,BAO_0002146,BAO_0000019,assay format,C[C@H]1[C@H](NC(=O)/C(=N\OC(C)(C)C(=O)O)c2csc(N)n2)C(=O)N1S(=O)(=O)O,CHEMBL4007487,J Med Chem,2017.0,CHEMBL158,AZTREONAM,CHEMBL158,0,http://www.openphacts.org/units/MicrogramPerMilliliter,2990834,=,1,1,=,MIC,ug.mL-1,4.0,CHEMBL348,Pseudomonas aeruginosa,Pseudomonas aeruginosa,287.0,,MIC,ug ml-1,UO_0000274,4.0,CHEMBL158,C[C@H]1[C@H](NC(=O)/C(=N\OC(C)(C)C(=O)O)c2csc(N)n2)C(=O)N1S(=O)(=O)O,12.562141912320484,12.562141912320484,0.0349535856009066,-4.756268639419342,0.174788224513646,20.5,435.44000000000017,418.30400000000014,435.051854504,154,0,0.3620751467724121,-0.4782270320177159,0.4782270320177159,0.3620751467724121,1.4642857142857142,2.071428571428572,2.5,32.24529764273617,10.00401161573638,2.513331128805475,-2.416338874010568,2.230948535260857,-2.707807208919476,7.836563836647012,-0.1608446168429468,2.971847309732629,2.2592762983237704,953.8851353067348,21.43879310982592,14.8114553779692,16.444448539824652,12.752743308167698,7.578995896792942,9.855612118054724,6.221230582074894,8.399971119282888,3.730567932227123,5.414072402778615,2.1128455580549623,3.54351374163482,-2.78,690205.5939907836,21.519292322605008,7.325918985638601,4.204134383579708,162.59031069995737,20.994572059745856,11.735768823996422,10.843243482610037,5.601050810983688,11.814359458703011,16.27347016397548,14.141824241834009,14.083731696315263,8.417796984328938,11.336785877934735,5.15571272675054,20.771211599071872,5.380062770465915,6.041840829147961,37.29827438881211,50.26785898322327,0.0,14.605983116249774,5.15571272675054,38.455944068351485,5.733667477162185,11.073990765314376,0.0,0.0,11.050456081168516,5.131558479839333,0.0,11.336785877934735,68.54635098380861,29.525365011975733,0.0,26.46513959392033,10.535775497216456,0.0,0.0,0.0,201.58,51.4842470947288,22.801408536544404,0.0,15.130702465984026,0.0,11.336785877934735,26.151274369537788,0.0,0.0,15.456479851704078,20.23053332942989,31.44978820569469,0.9796905422586336,44.39737831563419,16.334751159546904,3.256457088644816,-3.375611656986792,-2.3123389733980013,0.0,3.692820624691566,-4.756268639419342,0.4615384615384615,28,5,13,0,1,1,0,1,1,10,4,15,7,0,1,1,2,-1.172499999999998,95.65050000000004,1,0,0,1,0,1,0,0,1,1,3,2,0,0,0,3,1,1,0,0,0,0,0,0,0,0,0,2,0,1,0,0,0,0,0,0,0,0,0,0,0,0,0,0,0,0,0,0,0,0,0,0,0,1,0,0,0,0,0,0,0,0,0,1,0,0,0,0,0,0,0,0,0,0,0,0,0,0,0,0,1,0,0,0,0,287.0,Pseudomonas aeruginosa,Bacteria
116523,,18047389,CHEMBL4010996,Antibacterial activity against extended spectrum beta-lactamase IMP-4 producing multidrug resistant Pseudomonas aeruginosa clinical isolates after 18 hrs by broth microdilution method,F,BAO_0002146,BAO_0000019,assay format,C[C@H]1[C@H](NC(=O)/C(=N\OC(C)(C)C(=O)O)c2csc(N)n2)C(=O)N1S(=O)(=O)O,CHEMBL4007487,J Med Chem,2017.0,CHEMBL158,AZTREONAM,CHEMBL158,0,http://www.openphacts.org/units/MicrogramPerMilliliter,2990834,=,1,1,=,MIC,ug.mL-1,4.0,CHEMBL348,Pseudomonas aeruginosa,Pseudomonas aeruginosa,287.0,,MIC,ug ml-1,UO_0000274,4.0,CHEMBL158,C[C@H]1[C@H](NC(=O)/C(=N\OC(C)(C)C(=O)O)c2csc(N)n2)C(=O)N1S(=O)(=O)O,12.562141912320484,12.562141912320484,0.0349535856009066,-4.756268639419342,0.174788224513646,20.5,435.44000000000017,418.30400000000014,435.051854504,154,0,0.3620751467724121,-0.4782270320177159,0.4782270320177159,0.3620751467724121,1.4642857142857142,2.071428571428572,2.5,32.24529764273617,10.00401161573638,2.513331128805475,-2.416338874010568,2.230948535260857,-2.707807208919476,7.836563836647012,-0.1608446168429468,2.971847309732629,2.2592762983237704,953.8851353067348,21.43879310982592,14.8114553779692,16.444448539824652,12.752743308167698,7.578995896792942,9.855612118054724,6.221230582074894,8.399971119282888,3.730567932227123,5.414072402778615,2.1128455580549623,3.54351374163482,-2.78,690205.5939907836,21.519292322605008,7.325918985638601,4.204134383579708,162.59031069995737,20.994572059745856,11.735768823996422,10.843243482610037,5.601050810983688,11.814359458703011,16.27347016397548,14.141824241834009,14.083731696315263,8.417796984328938,11.336785877934735,5.15571272675054,20.771211599071872,5.380062770465915,6.041840829147961,37.29827438881211,50.26785898322327,0.0,14.605983116249774,5.15571272675054,38.455944068351485,5.733667477162185,11.073990765314376,0.0,0.0,11.050456081168516,5.131558479839333,0.0,11.336785877934735,68.54635098380861,29.525365011975733,0.0,26.46513959392033,10.535775497216456,0.0,0.0,0.0,201.58,51.4842470947288,22.801408536544404,0.0,15.130702465984026,0.0,11.336785877934735,26.151274369537788,0.0,0.0,15.456479851704078,20.23053332942989,31.44978820569469,0.9796905422586336,44.39737831563419,16.334751159546904,3.256457088644816,-3.375611656986792,-2.3123389733980013,0.0,3.692820624691566,-4.756268639419342,0.4615384615384615,28,5,13,0,1,1,0,1,1,10,4,15,7,0,1,1,2,-1.172499999999998,95.65050000000004,1,0,0,1,0,1,0,0,1,1,3,2,0,0,0,3,1,1,0,0,0,0,0,0,0,0,0,2,0,1,0,0,0,0,0,0,0,0,0,0,0,0,0,0,0,0,0,0,0,0,0,0,0,1,0,0,0,0,0,0,0,0,0,1,0,0,0,0,0,0,0,0,0,0,0,0,0,0,0,0,1,0,0,0,0,287.0,Pseudomonas aeruginosa,Bacteria
116524,,18143552,CHEMBL4031789,Antibacterial activity against Staphylococcus aureus SG 511 after 18 hrs by broth microdilution method,F,BAO_0002146,BAO_0000019,assay format,C[C@H]1[C@H](NC(=O)/C(=N\OC(C)(C)C(=O)O)c2csc(N)n2)C(=O)N1S(=O)(=O)O,CHEMBL4028874,J Med Chem,2017.0,CHEMBL158,AZTREONAM,CHEMBL158,0,http://www.openphacts.org/units/Nanomolar,3009676,>,1,1,>,MIC,nM,50000.0,CHEMBL352,Staphylococcus aureus,Staphylococcus aureus,1280.0,,MIC,uM,UO_0000065,50.0,CHEMBL158,C[C@H]1[C@H](NC(=O)/C(=N\OC(C)(C)C(=O)O)c2csc(N)n2)C(=O)N1S(=O)(=O)O,12.562141912320484,12.562141912320484,0.0349535856009066,-4.756268639419342,0.174788224513646,20.5,435.44000000000017,418.30400000000014,435.051854504,154,0,0.3620751467724121,-0.4782270320177159,0.4782270320177159,0.3620751467724121,1.4642857142857142,2.071428571428572,2.5,32.24529764273617,10.00401161573638,2.513331128805475,-2.416338874010568,2.230948535260857,-2.707807208919476,7.836563836647012,-0.1608446168429468,2.971847309732629,2.2592762983237704,953.8851353067348,21.43879310982592,14.8114553779692,16.444448539824652,12.752743308167698,7.578995896792942,9.855612118054724,6.221230582074894,8.399971119282888,3.730567932227123,5.414072402778615,2.1128455580549623,3.54351374163482,-2.78,690205.5939907836,21.519292322605008,7.325918985638601,4.204134383579708,162.59031069995737,20.994572059745856,11.735768823996422,10.843243482610037,5.601050810983688,11.814359458703011,16.27347016397548,14.141824241834009,14.083731696315263,8.417796984328938,11.336785877934735,5.15571272675054,20.771211599071872,5.380062770465915,6.041840829147961,37.29827438881211,50.26785898322327,0.0,14.605983116249774,5.15571272675054,38.455944068351485,5.733667477162185,11.073990765314376,0.0,0.0,11.050456081168516,5.131558479839333,0.0,11.336785877934735,68.54635098380861,29.525365011975733,0.0,26.46513959392033,10.535775497216456,0.0,0.0,0.0,201.58,51.4842470947288,22.801408536544404,0.0,15.130702465984026,0.0,11.336785877934735,26.151274369537788,0.0,0.0,15.456479851704078,20.23053332942989,31.44978820569469,0.9796905422586336,44.39737831563419,16.334751159546904,3.256457088644816,-3.375611656986792,-2.3123389733980013,0.0,3.692820624691566,-4.756268639419342,0.4615384615384615,28,5,13,0,1,1,0,1,1,10,4,15,7,0,1,1,2,-1.172499999999998,95.65050000000004,1,0,0,1,0,1,0,0,1,1,3,2,0,0,0,3,1,1,0,0,0,0,0,0,0,0,0,2,0,1,0,0,0,0,0,0,0,0,0,0,0,0,0,0,0,0,0,0,0,0,0,0,0,1,0,0,0,0,0,0,0,0,0,1,0,0,0,0,0,0,0,0,0,0,0,0,0,0,0,0,1,0,0,0,0,1280.0,Staphylococcus aureus,Bacteria
116524,,18143552,CHEMBL4031789,Antibacterial activity against Staphylococcus aureus SG 511 after 18 hrs by broth microdilution method,F,BAO_0002146,BAO_0000019,assay format,C[C@H]1[C@H](NC(=O)/C(=N\OC(C)(C)C(=O)O)c2csc(N)n2)C(=O)N1S(=O)(=O)O,CHEMBL4028874,J Med Chem,2017.0,CHEMBL158,AZTREONAM,CHEMBL158,0,http://www.openphacts.org/units/Nanomolar,3009676,>,1,1,>,MIC,nM,50000.0,CHEMBL352,Staphylococcus aureus,Staphylococcus aureus,1280.0,,MIC,uM,UO_0000065,50.0,CHEMBL158,C[C@H]1[C@H](NC(=O)/C(=N\OC(C)(C)C(=O)O)c2csc(N)n2)C(=O)N1S(=O)(=O)O,12.562141912320484,12.562141912320484,0.0349535856009066,-4.756268639419342,0.174788224513646,20.5,435.44000000000017,418.30400000000014,435.051854504,154,0,0.3620751467724121,-0.4782270320177159,0.4782270320177159,0.3620751467724121,1.4642857142857142,2.071428571428572,2.5,32.24529764273617,10.00401161573638,2.513331128805475,-2.416338874010568,2.230948535260857,-2.707807208919476,7.836563836647012,-0.1608446168429468,2.971847309732629,2.2592762983237704,953.8851353067348,21.43879310982592,14.8114553779692,16.444448539824652,12.752743308167698,7.578995896792942,9.855612118054724,6.221230582074894,8.399971119282888,3.730567932227123,5.414072402778615,2.1128455580549623,3.54351374163482,-2.78,690205.5939907836,21.519292322605008,7.325918985638601,4.204134383579708,162.59031069995737,20.994572059745856,11.735768823996422,10.843243482610037,5.601050810983688,11.814359458703011,16.27347016397548,14.141824241834009,14.083731696315263,8.417796984328938,11.336785877934735,5.15571272675054,20.771211599071872,5.380062770465915,6.041840829147961,37.29827438881211,50.26785898322327,0.0,14.605983116249774,5.15571272675054,38.455944068351485,5.733667477162185,11.073990765314376,0.0,0.0,11.050456081168516,5.131558479839333,0.0,11.336785877934735,68.54635098380861,29.525365011975733,0.0,26.46513959392033,10.535775497216456,0.0,0.0,0.0,201.58,51.4842470947288,22.801408536544404,0.0,15.130702465984026,0.0,11.336785877934735,26.151274369537788,0.0,0.0,15.456479851704078,20.23053332942989,31.44978820569469,0.9796905422586336,44.39737831563419,16.334751159546904,3.256457088644816,-3.375611656986792,-2.3123389733980013,0.0,3.692820624691566,-4.756268639419342,0.4615384615384615,28,5,13,0,1,1,0,1,1,10,4,15,7,0,1,1,2,-1.172499999999998,95.65050000000004,1,0,0,1,0,1,0,0,1,1,3,2,0,0,0,3,1,1,0,0,0,0,0,0,0,0,0,2,0,1,0,0,0,0,0,0,0,0,0,0,0,0,0,0,0,0,0,0,0,0,0,0,0,1,0,0,0,0,0,0,0,0,0,1,0,0,0,0,0,0,0,0,0,0,0,0,0,0,0,0,1,0,0,0,0,1280.0,Staphylococcus aureus,Bacteria
116525,,18143553,CHEMBL4031790,Antibacterial activity against Pseudomonas aeruginosa 01 after 18 hrs by broth microdilution method,F,BAO_0002146,BAO_0000019,assay format,C[C@H]1[C@H](NC(=O)/C(=N\OC(C)(C)C(=O)O)c2csc(N)n2)C(=O)N1S(=O)(=O)O,CHEMBL4028874,J Med Chem,2017.0,CHEMBL158,AZTREONAM,CHEMBL158,0,http://www.openphacts.org/units/Nanomolar,3009676,=,1,1,=,MIC,nM,3000.0,CHEMBL348,Pseudomonas aeruginosa,Pseudomonas aeruginosa,287.0,,MIC,uM,UO_0000065,3.0,CHEMBL158,C[C@H]1[C@H](NC(=O)/C(=N\OC(C)(C)C(=O)O)c2csc(N)n2)C(=O)N1S(=O)(=O)O,12.562141912320484,12.562141912320484,0.0349535856009066,-4.756268639419342,0.174788224513646,20.5,435.44000000000017,418.30400000000014,435.051854504,154,0,0.3620751467724121,-0.4782270320177159,0.4782270320177159,0.3620751467724121,1.4642857142857142,2.071428571428572,2.5,32.24529764273617,10.00401161573638,2.513331128805475,-2.416338874010568,2.230948535260857,-2.707807208919476,7.836563836647012,-0.1608446168429468,2.971847309732629,2.2592762983237704,953.8851353067348,21.43879310982592,14.8114553779692,16.444448539824652,12.752743308167698,7.578995896792942,9.855612118054724,6.221230582074894,8.399971119282888,3.730567932227123,5.414072402778615,2.1128455580549623,3.54351374163482,-2.78,690205.5939907836,21.519292322605008,7.325918985638601,4.204134383579708,162.59031069995737,20.994572059745856,11.735768823996422,10.843243482610037,5.601050810983688,11.814359458703011,16.27347016397548,14.141824241834009,14.083731696315263,8.417796984328938,11.336785877934735,5.15571272675054,20.771211599071872,5.380062770465915,6.041840829147961,37.29827438881211,50.26785898322327,0.0,14.605983116249774,5.15571272675054,38.455944068351485,5.733667477162185,11.073990765314376,0.0,0.0,11.050456081168516,5.131558479839333,0.0,11.336785877934735,68.54635098380861,29.525365011975733,0.0,26.46513959392033,10.535775497216456,0.0,0.0,0.0,201.58,51.4842470947288,22.801408536544404,0.0,15.130702465984026,0.0,11.336785877934735,26.151274369537788,0.0,0.0,15.456479851704078,20.23053332942989,31.44978820569469,0.9796905422586336,44.39737831563419,16.334751159546904,3.256457088644816,-3.375611656986792,-2.3123389733980013,0.0,3.692820624691566,-4.756268639419342,0.4615384615384615,28,5,13,0,1,1,0,1,1,10,4,15,7,0,1,1,2,-1.172499999999998,95.65050000000004,1,0,0,1,0,1,0,0,1,1,3,2,0,0,0,3,1,1,0,0,0,0,0,0,0,0,0,2,0,1,0,0,0,0,0,0,0,0,0,0,0,0,0,0,0,0,0,0,0,0,0,0,0,1,0,0,0,0,0,0,0,0,0,1,0,0,0,0,0,0,0,0,0,0,0,0,0,0,0,0,1,0,0,0,0,287.0,Pseudomonas aeruginosa,Bacteria
116525,,18143553,CHEMBL4031790,Antibacterial activity against Pseudomonas aeruginosa 01 after 18 hrs by broth microdilution method,F,BAO_0002146,BAO_0000019,assay format,C[C@H]1[C@H](NC(=O)/C(=N\OC(C)(C)C(=O)O)c2csc(N)n2)C(=O)N1S(=O)(=O)O,CHEMBL4028874,J Med Chem,2017.0,CHEMBL158,AZTREONAM,CHEMBL158,0,http://www.openphacts.org/units/Nanomolar,3009676,=,1,1,=,MIC,nM,3000.0,CHEMBL348,Pseudomonas aeruginosa,Pseudomonas aeruginosa,287.0,,MIC,uM,UO_0000065,3.0,CHEMBL158,C[C@H]1[C@H](NC(=O)/C(=N\OC(C)(C)C(=O)O)c2csc(N)n2)C(=O)N1S(=O)(=O)O,12.562141912320484,12.562141912320484,0.0349535856009066,-4.756268639419342,0.174788224513646,20.5,435.44000000000017,418.30400000000014,435.051854504,154,0,0.3620751467724121,-0.4782270320177159,0.4782270320177159,0.3620751467724121,1.4642857142857142,2.071428571428572,2.5,32.24529764273617,10.00401161573638,2.513331128805475,-2.416338874010568,2.230948535260857,-2.707807208919476,7.836563836647012,-0.1608446168429468,2.971847309732629,2.2592762983237704,953.8851353067348,21.43879310982592,14.8114553779692,16.444448539824652,12.752743308167698,7.578995896792942,9.855612118054724,6.221230582074894,8.399971119282888,3.730567932227123,5.414072402778615,2.1128455580549623,3.54351374163482,-2.78,690205.5939907836,21.519292322605008,7.325918985638601,4.204134383579708,162.59031069995737,20.994572059745856,11.735768823996422,10.843243482610037,5.601050810983688,11.814359458703011,16.27347016397548,14.141824241834009,14.083731696315263,8.417796984328938,11.336785877934735,5.15571272675054,20.771211599071872,5.380062770465915,6.041840829147961,37.29827438881211,50.26785898322327,0.0,14.605983116249774,5.15571272675054,38.455944068351485,5.733667477162185,11.073990765314376,0.0,0.0,11.050456081168516,5.131558479839333,0.0,11.336785877934735,68.54635098380861,29.525365011975733,0.0,26.46513959392033,10.535775497216456,0.0,0.0,0.0,201.58,51.4842470947288,22.801408536544404,0.0,15.130702465984026,0.0,11.336785877934735,26.151274369537788,0.0,0.0,15.456479851704078,20.23053332942989,31.44978820569469,0.9796905422586336,44.39737831563419,16.334751159546904,3.256457088644816,-3.375611656986792,-2.3123389733980013,0.0,3.692820624691566,-4.756268639419342,0.4615384615384615,28,5,13,0,1,1,0,1,1,10,4,15,7,0,1,1,2,-1.172499999999998,95.65050000000004,1,0,0,1,0,1,0,0,1,1,3,2,0,0,0,3,1,1,0,0,0,0,0,0,0,0,0,2,0,1,0,0,0,0,0,0,0,0,0,0,0,0,0,0,0,0,0,0,0,0,0,0,0,1,0,0,0,0,0,0,0,0,0,1,0,0,0,0,0,0,0,0,0,0,0,0,0,0,0,0,1,0,0,0,0,287.0,Pseudomonas aeruginosa,Bacteria
116525,,18143553,CHEMBL4031790,Antibacterial activity against Pseudomonas aeruginosa 01 after 18 hrs by broth microdilution method,F,BAO_0002146,BAO_0000019,assay format,C[C@H]1[C@H](NC(=O)/C(=N\OC(C)(C)C(=O)O)c2csc(N)n2)C(=O)N1S(=O)(=O)O,CHEMBL4028874,J Med Chem,2017.0,CHEMBL158,AZTREONAM,CHEMBL158,0,http://www.openphacts.org/units/Nanomolar,3009676,=,1,1,=,MIC,nM,3000.0,CHEMBL348,Pseudomonas aeruginosa,Pseudomonas aeruginosa,287.0,,MIC,uM,UO_0000065,3.0,CHEMBL158,C[C@H]1[C@H](NC(=O)/C(=N\OC(C)(C)C(=O)O)c2csc(N)n2)C(=O)N1S(=O)(=O)O,12.562141912320484,12.562141912320484,0.0349535856009066,-4.756268639419342,0.174788224513646,20.5,435.44000000000017,418.30400000000014,435.051854504,154,0,0.3620751467724121,-0.4782270320177159,0.4782270320177159,0.3620751467724121,1.4642857142857142,2.071428571428572,2.5,32.24529764273617,10.00401161573638,2.513331128805475,-2.416338874010568,2.230948535260857,-2.707807208919476,7.836563836647012,-0.1608446168429468,2.971847309732629,2.2592762983237704,953.8851353067348,21.43879310982592,14.8114553779692,16.444448539824652,12.752743308167698,7.578995896792942,9.855612118054724,6.221230582074894,8.399971119282888,3.730567932227123,5.414072402778615,2.1128455580549623,3.54351374163482,-2.78,690205.5939907836,21.519292322605008,7.325918985638601,4.204134383579708,162.59031069995737,20.994572059745856,11.735768823996422,10.843243482610037,5.601050810983688,11.814359458703011,16.27347016397548,14.141824241834009,14.083731696315263,8.417796984328938,11.336785877934735,5.15571272675054,20.771211599071872,5.380062770465915,6.041840829147961,37.29827438881211,50.26785898322327,0.0,14.605983116249774,5.15571272675054,38.455944068351485,5.733667477162185,11.073990765314376,0.0,0.0,11.050456081168516,5.131558479839333,0.0,11.336785877934735,68.54635098380861,29.525365011975733,0.0,26.46513959392033,10.535775497216456,0.0,0.0,0.0,201.58,51.4842470947288,22.801408536544404,0.0,15.130702465984026,0.0,11.336785877934735,26.151274369537788,0.0,0.0,15.456479851704078,20.23053332942989,31.44978820569469,0.9796905422586336,44.39737831563419,16.334751159546904,3.256457088644816,-3.375611656986792,-2.3123389733980013,0.0,3.692820624691566,-4.756268639419342,0.4615384615384615,28,5,13,0,1,1,0,1,1,10,4,15,7,0,1,1,2,-1.172499999999998,95.65050000000004,1,0,0,1,0,1,0,0,1,1,3,2,0,0,0,3,1,1,0,0,0,0,0,0,0,0,0,2,0,1,0,0,0,0,0,0,0,0,0,0,0,0,0,0,0,0,0,0,0,0,0,0,0,1,0,0,0,0,0,0,0,0,0,1,0,0,0,0,0,0,0,0,0,0,0,0,0,0,0,0,1,0,0,0,0,287.0,Pseudomonas aeruginosa,Bacteria
116526,,18143554,CHEMBL4031791,Antibacterial activity against Pseudomonas aeruginosa KW799/wt after 18 hrs by broth microdilution method,F,BAO_0002146,BAO_0000019,assay format,C[C@H]1[C@H](NC(=O)/C(=N\OC(C)(C)C(=O)O)c2csc(N)n2)C(=O)N1S(=O)(=O)O,CHEMBL4028874,J Med Chem,2017.0,CHEMBL158,AZTREONAM,CHEMBL158,0,http://www.openphacts.org/units/Nanomolar,3009676,=,1,1,=,MIC,nM,1600.0,CHEMBL348,Pseudomonas aeruginosa,Pseudomonas aeruginosa,287.0,,MIC,uM,UO_0000065,1.6,CHEMBL158,C[C@H]1[C@H](NC(=O)/C(=N\OC(C)(C)C(=O)O)c2csc(N)n2)C(=O)N1S(=O)(=O)O,12.562141912320484,12.562141912320484,0.0349535856009066,-4.756268639419342,0.174788224513646,20.5,435.44000000000017,418.30400000000014,435.051854504,154,0,0.3620751467724121,-0.4782270320177159,0.4782270320177159,0.3620751467724121,1.4642857142857142,2.071428571428572,2.5,32.24529764273617,10.00401161573638,2.513331128805475,-2.416338874010568,2.230948535260857,-2.707807208919476,7.836563836647012,-0.1608446168429468,2.971847309732629,2.2592762983237704,953.8851353067348,21.43879310982592,14.8114553779692,16.444448539824652,12.752743308167698,7.578995896792942,9.855612118054724,6.221230582074894,8.399971119282888,3.730567932227123,5.414072402778615,2.1128455580549623,3.54351374163482,-2.78,690205.5939907836,21.519292322605008,7.325918985638601,4.204134383579708,162.59031069995737,20.994572059745856,11.735768823996422,10.843243482610037,5.601050810983688,11.814359458703011,16.27347016397548,14.141824241834009,14.083731696315263,8.417796984328938,11.336785877934735,5.15571272675054,20.771211599071872,5.380062770465915,6.041840829147961,37.29827438881211,50.26785898322327,0.0,14.605983116249774,5.15571272675054,38.455944068351485,5.733667477162185,11.073990765314376,0.0,0.0,11.050456081168516,5.131558479839333,0.0,11.336785877934735,68.54635098380861,29.525365011975733,0.0,26.46513959392033,10.535775497216456,0.0,0.0,0.0,201.58,51.4842470947288,22.801408536544404,0.0,15.130702465984026,0.0,11.336785877934735,26.151274369537788,0.0,0.0,15.456479851704078,20.23053332942989,31.44978820569469,0.9796905422586336,44.39737831563419,16.334751159546904,3.256457088644816,-3.375611656986792,-2.3123389733980013,0.0,3.692820624691566,-4.756268639419342,0.4615384615384615,28,5,13,0,1,1,0,1,1,10,4,15,7,0,1,1,2,-1.172499999999998,95.65050000000004,1,0,0,1,0,1,0,0,1,1,3,2,0,0,0,3,1,1,0,0,0,0,0,0,0,0,0,2,0,1,0,0,0,0,0,0,0,0,0,0,0,0,0,0,0,0,0,0,0,0,0,0,0,1,0,0,0,0,0,0,0,0,0,1,0,0,0,0,0,0,0,0,0,0,0,0,0,0,0,0,1,0,0,0,0,287.0,Pseudomonas aeruginosa,Bacteria
116526,,18143554,CHEMBL4031791,Antibacterial activity against Pseudomonas aeruginosa KW799/wt after 18 hrs by broth microdilution method,F,BAO_0002146,BAO_0000019,assay format,C[C@H]1[C@H](NC(=O)/C(=N\OC(C)(C)C(=O)O)c2csc(N)n2)C(=O)N1S(=O)(=O)O,CHEMBL4028874,J Med Chem,2017.0,CHEMBL158,AZTREONAM,CHEMBL158,0,http://www.openphacts.org/units/Nanomolar,3009676,=,1,1,=,MIC,nM,1600.0,CHEMBL348,Pseudomonas aeruginosa,Pseudomonas aeruginosa,287.0,,MIC,uM,UO_0000065,1.6,CHEMBL158,C[C@H]1[C@H](NC(=O)/C(=N\OC(C)(C)C(=O)O)c2csc(N)n2)C(=O)N1S(=O)(=O)O,12.562141912320484,12.562141912320484,0.0349535856009066,-4.756268639419342,0.174788224513646,20.5,435.44000000000017,418.30400000000014,435.051854504,154,0,0.3620751467724121,-0.4782270320177159,0.4782270320177159,0.3620751467724121,1.4642857142857142,2.071428571428572,2.5,32.24529764273617,10.00401161573638,2.513331128805475,-2.416338874010568,2.230948535260857,-2.707807208919476,7.836563836647012,-0.1608446168429468,2.971847309732629,2.2592762983237704,953.8851353067348,21.43879310982592,14.8114553779692,16.444448539824652,12.752743308167698,7.578995896792942,9.855612118054724,6.221230582074894,8.399971119282888,3.730567932227123,5.414072402778615,2.1128455580549623,3.54351374163482,-2.78,690205.5939907836,21.519292322605008,7.325918985638601,4.204134383579708,162.59031069995737,20.994572059745856,11.735768823996422,10.843243482610037,5.601050810983688,11.814359458703011,16.27347016397548,14.141824241834009,14.083731696315263,8.417796984328938,11.336785877934735,5.15571272675054,20.771211599071872,5.380062770465915,6.041840829147961,37.29827438881211,50.26785898322327,0.0,14.605983116249774,5.15571272675054,38.455944068351485,5.733667477162185,11.073990765314376,0.0,0.0,11.050456081168516,5.131558479839333,0.0,11.336785877934735,68.54635098380861,29.525365011975733,0.0,26.46513959392033,10.535775497216456,0.0,0.0,0.0,201.58,51.4842470947288,22.801408536544404,0.0,15.130702465984026,0.0,11.336785877934735,26.151274369537788,0.0,0.0,15.456479851704078,20.23053332942989,31.44978820569469,0.9796905422586336,44.39737831563419,16.334751159546904,3.256457088644816,-3.375611656986792,-2.3123389733980013,0.0,3.692820624691566,-4.756268639419342,0.4615384615384615,28,5,13,0,1,1,0,1,1,10,4,15,7,0,1,1,2,-1.172499999999998,95.65050000000004,1,0,0,1,0,1,0,0,1,1,3,2,0,0,0,3,1,1,0,0,0,0,0,0,0,0,0,2,0,1,0,0,0,0,0,0,0,0,0,0,0,0,0,0,0,0,0,0,0,0,0,0,0,1,0,0,0,0,0,0,0,0,0,1,0,0,0,0,0,0,0,0,0,0,0,0,0,0,0,0,1,0,0,0,0,287.0,Pseudomonas aeruginosa,Bacteria
116526,,18143554,CHEMBL4031791,Antibacterial activity against Pseudomonas aeruginosa KW799/wt after 18 hrs by broth microdilution method,F,BAO_0002146,BAO_0000019,assay format,C[C@H]1[C@H](NC(=O)/C(=N\OC(C)(C)C(=O)O)c2csc(N)n2)C(=O)N1S(=O)(=O)O,CHEMBL4028874,J Med Chem,2017.0,CHEMBL158,AZTREONAM,CHEMBL158,0,http://www.openphacts.org/units/Nanomolar,3009676,=,1,1,=,MIC,nM,1600.0,CHEMBL348,Pseudomonas aeruginosa,Pseudomonas aeruginosa,287.0,,MIC,uM,UO_0000065,1.6,CHEMBL158,C[C@H]1[C@H](NC(=O)/C(=N\OC(C)(C)C(=O)O)c2csc(N)n2)C(=O)N1S(=O)(=O)O,12.562141912320484,12.562141912320484,0.0349535856009066,-4.756268639419342,0.174788224513646,20.5,435.44000000000017,418.30400000000014,435.051854504,154,0,0.3620751467724121,-0.4782270320177159,0.4782270320177159,0.3620751467724121,1.4642857142857142,2.071428571428572,2.5,32.24529764273617,10.00401161573638,2.513331128805475,-2.416338874010568,2.230948535260857,-2.707807208919476,7.836563836647012,-0.1608446168429468,2.971847309732629,2.2592762983237704,953.8851353067348,21.43879310982592,14.8114553779692,16.444448539824652,12.752743308167698,7.578995896792942,9.855612118054724,6.221230582074894,8.399971119282888,3.730567932227123,5.414072402778615,2.1128455580549623,3.54351374163482,-2.78,690205.5939907836,21.519292322605008,7.325918985638601,4.204134383579708,162.59031069995737,20.994572059745856,11.735768823996422,10.843243482610037,5.601050810983688,11.814359458703011,16.27347016397548,14.141824241834009,14.083731696315263,8.417796984328938,11.336785877934735,5.15571272675054,20.771211599071872,5.380062770465915,6.041840829147961,37.29827438881211,50.26785898322327,0.0,14.605983116249774,5.15571272675054,38.455944068351485,5.733667477162185,11.073990765314376,0.0,0.0,11.050456081168516,5.131558479839333,0.0,11.336785877934735,68.54635098380861,29.525365011975733,0.0,26.46513959392033,10.535775497216456,0.0,0.0,0.0,201.58,51.4842470947288,22.801408536544404,0.0,15.130702465984026,0.0,11.336785877934735,26.151274369537788,0.0,0.0,15.456479851704078,20.23053332942989,31.44978820569469,0.9796905422586336,44.39737831563419,16.334751159546904,3.256457088644816,-3.375611656986792,-2.3123389733980013,0.0,3.692820624691566,-4.756268639419342,0.4615384615384615,28,5,13,0,1,1,0,1,1,10,4,15,7,0,1,1,2,-1.172499999999998,95.65050000000004,1,0,0,1,0,1,0,0,1,1,3,2,0,0,0,3,1,1,0,0,0,0,0,0,0,0,0,2,0,1,0,0,0,0,0,0,0,0,0,0,0,0,0,0,0,0,0,0,0,0,0,0,0,1,0,0,0,0,0,0,0,0,0,1,0,0,0,0,0,0,0,0,0,0,0,0,0,0,0,0,1,0,0,0,0,287.0,Pseudomonas aeruginosa,Bacteria
116527,,18143555,CHEMBL4031792,Antibacterial activity against Pseudomonas aeruginosa ARC 3502 after 18 hrs by broth microdilution method,F,BAO_0002146,BAO_0000019,assay format,C[C@H]1[C@H](NC(=O)/C(=N\OC(C)(C)C(=O)O)c2csc(N)n2)C(=O)N1S(=O)(=O)O,CHEMBL4028874,J Med Chem,2017.0,CHEMBL158,AZTREONAM,CHEMBL158,0,http://www.openphacts.org/units/Nanomolar,3009676,>=,1,1,>=,MIC,nM,50000.0,CHEMBL348,Pseudomonas aeruginosa,Pseudomonas aeruginosa,287.0,,MIC,uM,UO_0000065,50.0,CHEMBL158,C[C@H]1[C@H](NC(=O)/C(=N\OC(C)(C)C(=O)O)c2csc(N)n2)C(=O)N1S(=O)(=O)O,12.562141912320484,12.562141912320484,0.0349535856009066,-4.756268639419342,0.174788224513646,20.5,435.44000000000017,418.30400000000014,435.051854504,154,0,0.3620751467724121,-0.4782270320177159,0.4782270320177159,0.3620751467724121,1.4642857142857142,2.071428571428572,2.5,32.24529764273617,10.00401161573638,2.513331128805475,-2.416338874010568,2.230948535260857,-2.707807208919476,7.836563836647012,-0.1608446168429468,2.971847309732629,2.2592762983237704,953.8851353067348,21.43879310982592,14.8114553779692,16.444448539824652,12.752743308167698,7.578995896792942,9.855612118054724,6.221230582074894,8.399971119282888,3.730567932227123,5.414072402778615,2.1128455580549623,3.54351374163482,-2.78,690205.5939907836,21.519292322605008,7.325918985638601,4.204134383579708,162.59031069995737,20.994572059745856,11.735768823996422,10.843243482610037,5.601050810983688,11.814359458703011,16.27347016397548,14.141824241834009,14.083731696315263,8.417796984328938,11.336785877934735,5.15571272675054,20.771211599071872,5.380062770465915,6.041840829147961,37.29827438881211,50.26785898322327,0.0,14.605983116249774,5.15571272675054,38.455944068351485,5.733667477162185,11.073990765314376,0.0,0.0,11.050456081168516,5.131558479839333,0.0,11.336785877934735,68.54635098380861,29.525365011975733,0.0,26.46513959392033,10.535775497216456,0.0,0.0,0.0,201.58,51.4842470947288,22.801408536544404,0.0,15.130702465984026,0.0,11.336785877934735,26.151274369537788,0.0,0.0,15.456479851704078,20.23053332942989,31.44978820569469,0.9796905422586336,44.39737831563419,16.334751159546904,3.256457088644816,-3.375611656986792,-2.3123389733980013,0.0,3.692820624691566,-4.756268639419342,0.4615384615384615,28,5,13,0,1,1,0,1,1,10,4,15,7,0,1,1,2,-1.172499999999998,95.65050000000004,1,0,0,1,0,1,0,0,1,1,3,2,0,0,0,3,1,1,0,0,0,0,0,0,0,0,0,2,0,1,0,0,0,0,0,0,0,0,0,0,0,0,0,0,0,0,0,0,0,0,0,0,0,1,0,0,0,0,0,0,0,0,0,1,0,0,0,0,0,0,0,0,0,0,0,0,0,0,0,0,1,0,0,0,0,287.0,Pseudomonas aeruginosa,Bacteria
116527,,18143555,CHEMBL4031792,Antibacterial activity against Pseudomonas aeruginosa ARC 3502 after 18 hrs by broth microdilution method,F,BAO_0002146,BAO_0000019,assay format,C[C@H]1[C@H](NC(=O)/C(=N\OC(C)(C)C(=O)O)c2csc(N)n2)C(=O)N1S(=O)(=O)O,CHEMBL4028874,J Med Chem,2017.0,CHEMBL158,AZTREONAM,CHEMBL158,0,http://www.openphacts.org/units/Nanomolar,3009676,>=,1,1,>=,MIC,nM,50000.0,CHEMBL348,Pseudomonas aeruginosa,Pseudomonas aeruginosa,287.0,,MIC,uM,UO_0000065,50.0,CHEMBL158,C[C@H]1[C@H](NC(=O)/C(=N\OC(C)(C)C(=O)O)c2csc(N)n2)C(=O)N1S(=O)(=O)O,12.562141912320484,12.562141912320484,0.0349535856009066,-4.756268639419342,0.174788224513646,20.5,435.44000000000017,418.30400000000014,435.051854504,154,0,0.3620751467724121,-0.4782270320177159,0.4782270320177159,0.3620751467724121,1.4642857142857142,2.071428571428572,2.5,32.24529764273617,10.00401161573638,2.513331128805475,-2.416338874010568,2.230948535260857,-2.707807208919476,7.836563836647012,-0.1608446168429468,2.971847309732629,2.2592762983237704,953.8851353067348,21.43879310982592,14.8114553779692,16.444448539824652,12.752743308167698,7.578995896792942,9.855612118054724,6.221230582074894,8.399971119282888,3.730567932227123,5.414072402778615,2.1128455580549623,3.54351374163482,-2.78,690205.5939907836,21.519292322605008,7.325918985638601,4.204134383579708,162.59031069995737,20.994572059745856,11.735768823996422,10.843243482610037,5.601050810983688,11.814359458703011,16.27347016397548,14.141824241834009,14.083731696315263,8.417796984328938,11.336785877934735,5.15571272675054,20.771211599071872,5.380062770465915,6.041840829147961,37.29827438881211,50.26785898322327,0.0,14.605983116249774,5.15571272675054,38.455944068351485,5.733667477162185,11.073990765314376,0.0,0.0,11.050456081168516,5.131558479839333,0.0,11.336785877934735,68.54635098380861,29.525365011975733,0.0,26.46513959392033,10.535775497216456,0.0,0.0,0.0,201.58,51.4842470947288,22.801408536544404,0.0,15.130702465984026,0.0,11.336785877934735,26.151274369537788,0.0,0.0,15.456479851704078,20.23053332942989,31.44978820569469,0.9796905422586336,44.39737831563419,16.334751159546904,3.256457088644816,-3.375611656986792,-2.3123389733980013,0.0,3.692820624691566,-4.756268639419342,0.4615384615384615,28,5,13,0,1,1,0,1,1,10,4,15,7,0,1,1,2,-1.172499999999998,95.65050000000004,1,0,0,1,0,1,0,0,1,1,3,2,0,0,0,3,1,1,0,0,0,0,0,0,0,0,0,2,0,1,0,0,0,0,0,0,0,0,0,0,0,0,0,0,0,0,0,0,0,0,0,0,0,1,0,0,0,0,0,0,0,0,0,1,0,0,0,0,0,0,0,0,0,0,0,0,0,0,0,0,1,0,0,0,0,287.0,Pseudomonas aeruginosa,Bacteria
116527,,18143555,CHEMBL4031792,Antibacterial activity against Pseudomonas aeruginosa ARC 3502 after 18 hrs by broth microdilution method,F,BAO_0002146,BAO_0000019,assay format,C[C@H]1[C@H](NC(=O)/C(=N\OC(C)(C)C(=O)O)c2csc(N)n2)C(=O)N1S(=O)(=O)O,CHEMBL4028874,J Med Chem,2017.0,CHEMBL158,AZTREONAM,CHEMBL158,0,http://www.openphacts.org/units/Nanomolar,3009676,>=,1,1,>=,MIC,nM,50000.0,CHEMBL348,Pseudomonas aeruginosa,Pseudomonas aeruginosa,287.0,,MIC,uM,UO_0000065,50.0,CHEMBL158,C[C@H]1[C@H](NC(=O)/C(=N\OC(C)(C)C(=O)O)c2csc(N)n2)C(=O)N1S(=O)(=O)O,12.562141912320484,12.562141912320484,0.0349535856009066,-4.756268639419342,0.174788224513646,20.5,435.44000000000017,418.30400000000014,435.051854504,154,0,0.3620751467724121,-0.4782270320177159,0.4782270320177159,0.3620751467724121,1.4642857142857142,2.071428571428572,2.5,32.24529764273617,10.00401161573638,2.513331128805475,-2.416338874010568,2.230948535260857,-2.707807208919476,7.836563836647012,-0.1608446168429468,2.971847309732629,2.2592762983237704,953.8851353067348,21.43879310982592,14.8114553779692,16.444448539824652,12.752743308167698,7.578995896792942,9.855612118054724,6.221230582074894,8.399971119282888,3.730567932227123,5.414072402778615,2.1128455580549623,3.54351374163482,-2.78,690205.5939907836,21.519292322605008,7.325918985638601,4.204134383579708,162.59031069995737,20.994572059745856,11.735768823996422,10.843243482610037,5.601050810983688,11.814359458703011,16.27347016397548,14.141824241834009,14.083731696315263,8.417796984328938,11.336785877934735,5.15571272675054,20.771211599071872,5.380062770465915,6.041840829147961,37.29827438881211,50.26785898322327,0.0,14.605983116249774,5.15571272675054,38.455944068351485,5.733667477162185,11.073990765314376,0.0,0.0,11.050456081168516,5.131558479839333,0.0,11.336785877934735,68.54635098380861,29.525365011975733,0.0,26.46513959392033,10.535775497216456,0.0,0.0,0.0,201.58,51.4842470947288,22.801408536544404,0.0,15.130702465984026,0.0,11.336785877934735,26.151274369537788,0.0,0.0,15.456479851704078,20.23053332942989,31.44978820569469,0.9796905422586336,44.39737831563419,16.334751159546904,3.256457088644816,-3.375611656986792,-2.3123389733980013,0.0,3.692820624691566,-4.756268639419342,0.4615384615384615,28,5,13,0,1,1,0,1,1,10,4,15,7,0,1,1,2,-1.172499999999998,95.65050000000004,1,0,0,1,0,1,0,0,1,1,3,2,0,0,0,3,1,1,0,0,0,0,0,0,0,0,0,2,0,1,0,0,0,0,0,0,0,0,0,0,0,0,0,0,0,0,0,0,0,0,0,0,0,1,0,0,0,0,0,0,0,0,0,1,0,0,0,0,0,0,0,0,0,0,0,0,0,0,0,0,1,0,0,0,0,287.0,Pseudomonas aeruginosa,Bacteria
116528,,18143556,CHEMBL4031793,Antibacterial activity against Pseudomonas aeruginosa ARC 3506 after 18 hrs by broth microdilution method,F,BAO_0002146,BAO_0000019,assay format,C[C@H]1[C@H](NC(=O)/C(=N\OC(C)(C)C(=O)O)c2csc(N)n2)C(=O)N1S(=O)(=O)O,CHEMBL4028874,J Med Chem,2017.0,CHEMBL158,AZTREONAM,CHEMBL158,0,http://www.openphacts.org/units/Nanomolar,3009676,>=,1,1,>=,MIC,nM,12500.0,CHEMBL348,Pseudomonas aeruginosa,Pseudomonas aeruginosa,287.0,,MIC,uM,UO_0000065,12.5,CHEMBL158,C[C@H]1[C@H](NC(=O)/C(=N\OC(C)(C)C(=O)O)c2csc(N)n2)C(=O)N1S(=O)(=O)O,12.562141912320484,12.562141912320484,0.0349535856009066,-4.756268639419342,0.174788224513646,20.5,435.44000000000017,418.30400000000014,435.051854504,154,0,0.3620751467724121,-0.4782270320177159,0.4782270320177159,0.3620751467724121,1.4642857142857142,2.071428571428572,2.5,32.24529764273617,10.00401161573638,2.513331128805475,-2.416338874010568,2.230948535260857,-2.707807208919476,7.836563836647012,-0.1608446168429468,2.971847309732629,2.2592762983237704,953.8851353067348,21.43879310982592,14.8114553779692,16.444448539824652,12.752743308167698,7.578995896792942,9.855612118054724,6.221230582074894,8.399971119282888,3.730567932227123,5.414072402778615,2.1128455580549623,3.54351374163482,-2.78,690205.5939907836,21.519292322605008,7.325918985638601,4.204134383579708,162.59031069995737,20.994572059745856,11.735768823996422,10.843243482610037,5.601050810983688,11.814359458703011,16.27347016397548,14.141824241834009,14.083731696315263,8.417796984328938,11.336785877934735,5.15571272675054,20.771211599071872,5.380062770465915,6.041840829147961,37.29827438881211,50.26785898322327,0.0,14.605983116249774,5.15571272675054,38.455944068351485,5.733667477162185,11.073990765314376,0.0,0.0,11.050456081168516,5.131558479839333,0.0,11.336785877934735,68.54635098380861,29.525365011975733,0.0,26.46513959392033,10.535775497216456,0.0,0.0,0.0,201.58,51.4842470947288,22.801408536544404,0.0,15.130702465984026,0.0,11.336785877934735,26.151274369537788,0.0,0.0,15.456479851704078,20.23053332942989,31.44978820569469,0.9796905422586336,44.39737831563419,16.334751159546904,3.256457088644816,-3.375611656986792,-2.3123389733980013,0.0,3.692820624691566,-4.756268639419342,0.4615384615384615,28,5,13,0,1,1,0,1,1,10,4,15,7,0,1,1,2,-1.172499999999998,95.65050000000004,1,0,0,1,0,1,0,0,1,1,3,2,0,0,0,3,1,1,0,0,0,0,0,0,0,0,0,2,0,1,0,0,0,0,0,0,0,0,0,0,0,0,0,0,0,0,0,0,0,0,0,0,0,1,0,0,0,0,0,0,0,0,0,1,0,0,0,0,0,0,0,0,0,0,0,0,0,0,0,0,1,0,0,0,0,287.0,Pseudomonas aeruginosa,Bacteria
116528,,18143556,CHEMBL4031793,Antibacterial activity against Pseudomonas aeruginosa ARC 3506 after 18 hrs by broth microdilution method,F,BAO_0002146,BAO_0000019,assay format,C[C@H]1[C@H](NC(=O)/C(=N\OC(C)(C)C(=O)O)c2csc(N)n2)C(=O)N1S(=O)(=O)O,CHEMBL4028874,J Med Chem,2017.0,CHEMBL158,AZTREONAM,CHEMBL158,0,http://www.openphacts.org/units/Nanomolar,3009676,>=,1,1,>=,MIC,nM,12500.0,CHEMBL348,Pseudomonas aeruginosa,Pseudomonas aeruginosa,287.0,,MIC,uM,UO_0000065,12.5,CHEMBL158,C[C@H]1[C@H](NC(=O)/C(=N\OC(C)(C)C(=O)O)c2csc(N)n2)C(=O)N1S(=O)(=O)O,12.562141912320484,12.562141912320484,0.0349535856009066,-4.756268639419342,0.174788224513646,20.5,435.44000000000017,418.30400000000014,435.051854504,154,0,0.3620751467724121,-0.4782270320177159,0.4782270320177159,0.3620751467724121,1.4642857142857142,2.071428571428572,2.5,32.24529764273617,10.00401161573638,2.513331128805475,-2.416338874010568,2.230948535260857,-2.707807208919476,7.836563836647012,-0.1608446168429468,2.971847309732629,2.2592762983237704,953.8851353067348,21.43879310982592,14.8114553779692,16.444448539824652,12.752743308167698,7.578995896792942,9.855612118054724,6.221230582074894,8.399971119282888,3.730567932227123,5.414072402778615,2.1128455580549623,3.54351374163482,-2.78,690205.5939907836,21.519292322605008,7.325918985638601,4.204134383579708,162.59031069995737,20.994572059745856,11.735768823996422,10.843243482610037,5.601050810983688,11.814359458703011,16.27347016397548,14.141824241834009,14.083731696315263,8.417796984328938,11.336785877934735,5.15571272675054,20.771211599071872,5.380062770465915,6.041840829147961,37.29827438881211,50.26785898322327,0.0,14.605983116249774,5.15571272675054,38.455944068351485,5.733667477162185,11.073990765314376,0.0,0.0,11.050456081168516,5.131558479839333,0.0,11.336785877934735,68.54635098380861,29.525365011975733,0.0,26.46513959392033,10.535775497216456,0.0,0.0,0.0,201.58,51.4842470947288,22.801408536544404,0.0,15.130702465984026,0.0,11.336785877934735,26.151274369537788,0.0,0.0,15.456479851704078,20.23053332942989,31.44978820569469,0.9796905422586336,44.39737831563419,16.334751159546904,3.256457088644816,-3.375611656986792,-2.3123389733980013,0.0,3.692820624691566,-4.756268639419342,0.4615384615384615,28,5,13,0,1,1,0,1,1,10,4,15,7,0,1,1,2,-1.172499999999998,95.65050000000004,1,0,0,1,0,1,0,0,1,1,3,2,0,0,0,3,1,1,0,0,0,0,0,0,0,0,0,2,0,1,0,0,0,0,0,0,0,0,0,0,0,0,0,0,0,0,0,0,0,0,0,0,0,1,0,0,0,0,0,0,0,0,0,1,0,0,0,0,0,0,0,0,0,0,0,0,0,0,0,0,1,0,0,0,0,287.0,Pseudomonas aeruginosa,Bacteria
116528,,18143556,CHEMBL4031793,Antibacterial activity against Pseudomonas aeruginosa ARC 3506 after 18 hrs by broth microdilution method,F,BAO_0002146,BAO_0000019,assay format,C[C@H]1[C@H](NC(=O)/C(=N\OC(C)(C)C(=O)O)c2csc(N)n2)C(=O)N1S(=O)(=O)O,CHEMBL4028874,J Med Chem,2017.0,CHEMBL158,AZTREONAM,CHEMBL158,0,http://www.openphacts.org/units/Nanomolar,3009676,>=,1,1,>=,MIC,nM,12500.0,CHEMBL348,Pseudomonas aeruginosa,Pseudomonas aeruginosa,287.0,,MIC,uM,UO_0000065,12.5,CHEMBL158,C[C@H]1[C@H](NC(=O)/C(=N\OC(C)(C)C(=O)O)c2csc(N)n2)C(=O)N1S(=O)(=O)O,12.562141912320484,12.562141912320484,0.0349535856009066,-4.756268639419342,0.174788224513646,20.5,435.44000000000017,418.30400000000014,435.051854504,154,0,0.3620751467724121,-0.4782270320177159,0.4782270320177159,0.3620751467724121,1.4642857142857142,2.071428571428572,2.5,32.24529764273617,10.00401161573638,2.513331128805475,-2.416338874010568,2.230948535260857,-2.707807208919476,7.836563836647012,-0.1608446168429468,2.971847309732629,2.2592762983237704,953.8851353067348,21.43879310982592,14.8114553779692,16.444448539824652,12.752743308167698,7.578995896792942,9.855612118054724,6.221230582074894,8.399971119282888,3.730567932227123,5.414072402778615,2.1128455580549623,3.54351374163482,-2.78,690205.5939907836,21.519292322605008,7.325918985638601,4.204134383579708,162.59031069995737,20.994572059745856,11.735768823996422,10.843243482610037,5.601050810983688,11.814359458703011,16.27347016397548,14.141824241834009,14.083731696315263,8.417796984328938,11.336785877934735,5.15571272675054,20.771211599071872,5.380062770465915,6.041840829147961,37.29827438881211,50.26785898322327,0.0,14.605983116249774,5.15571272675054,38.455944068351485,5.733667477162185,11.073990765314376,0.0,0.0,11.050456081168516,5.131558479839333,0.0,11.336785877934735,68.54635098380861,29.525365011975733,0.0,26.46513959392033,10.535775497216456,0.0,0.0,0.0,201.58,51.4842470947288,22.801408536544404,0.0,15.130702465984026,0.0,11.336785877934735,26.151274369537788,0.0,0.0,15.456479851704078,20.23053332942989,31.44978820569469,0.9796905422586336,44.39737831563419,16.334751159546904,3.256457088644816,-3.375611656986792,-2.3123389733980013,0.0,3.692820624691566,-4.756268639419342,0.4615384615384615,28,5,13,0,1,1,0,1,1,10,4,15,7,0,1,1,2,-1.172499999999998,95.65050000000004,1,0,0,1,0,1,0,0,1,1,3,2,0,0,0,3,1,1,0,0,0,0,0,0,0,0,0,2,0,1,0,0,0,0,0,0,0,0,0,0,0,0,0,0,0,0,0,0,0,0,0,0,0,1,0,0,0,0,0,0,0,0,0,1,0,0,0,0,0,0,0,0,0,0,0,0,0,0,0,0,1,0,0,0,0,287.0,Pseudomonas aeruginosa,Bacteria
116529,,18143557,CHEMBL4031794,Antibacterial activity against clinical isolates of Pseudomonas aeruginosa ISR-14-003 after 18 hrs by broth microdilution method,F,BAO_0002146,BAO_0000019,assay format,C[C@H]1[C@H](NC(=O)/C(=N\OC(C)(C)C(=O)O)c2csc(N)n2)C(=O)N1S(=O)(=O)O,CHEMBL4028874,J Med Chem,2017.0,CHEMBL158,AZTREONAM,CHEMBL158,0,http://www.openphacts.org/units/Nanomolar,3009676,=,1,1,=,MIC,nM,6000.0,CHEMBL348,Pseudomonas aeruginosa,Pseudomonas aeruginosa,287.0,,MIC,uM,UO_0000065,6.0,CHEMBL158,C[C@H]1[C@H](NC(=O)/C(=N\OC(C)(C)C(=O)O)c2csc(N)n2)C(=O)N1S(=O)(=O)O,12.562141912320484,12.562141912320484,0.0349535856009066,-4.756268639419342,0.174788224513646,20.5,435.44000000000017,418.30400000000014,435.051854504,154,0,0.3620751467724121,-0.4782270320177159,0.4782270320177159,0.3620751467724121,1.4642857142857142,2.071428571428572,2.5,32.24529764273617,10.00401161573638,2.513331128805475,-2.416338874010568,2.230948535260857,-2.707807208919476,7.836563836647012,-0.1608446168429468,2.971847309732629,2.2592762983237704,953.8851353067348,21.43879310982592,14.8114553779692,16.444448539824652,12.752743308167698,7.578995896792942,9.855612118054724,6.221230582074894,8.399971119282888,3.730567932227123,5.414072402778615,2.1128455580549623,3.54351374163482,-2.78,690205.5939907836,21.519292322605008,7.325918985638601,4.204134383579708,162.59031069995737,20.994572059745856,11.735768823996422,10.843243482610037,5.601050810983688,11.814359458703011,16.27347016397548,14.141824241834009,14.083731696315263,8.417796984328938,11.336785877934735,5.15571272675054,20.771211599071872,5.380062770465915,6.041840829147961,37.29827438881211,50.26785898322327,0.0,14.605983116249774,5.15571272675054,38.455944068351485,5.733667477162185,11.073990765314376,0.0,0.0,11.050456081168516,5.131558479839333,0.0,11.336785877934735,68.54635098380861,29.525365011975733,0.0,26.46513959392033,10.535775497216456,0.0,0.0,0.0,201.58,51.4842470947288,22.801408536544404,0.0,15.130702465984026,0.0,11.336785877934735,26.151274369537788,0.0,0.0,15.456479851704078,20.23053332942989,31.44978820569469,0.9796905422586336,44.39737831563419,16.334751159546904,3.256457088644816,-3.375611656986792,-2.3123389733980013,0.0,3.692820624691566,-4.756268639419342,0.4615384615384615,28,5,13,0,1,1,0,1,1,10,4,15,7,0,1,1,2,-1.172499999999998,95.65050000000004,1,0,0,1,0,1,0,0,1,1,3,2,0,0,0,3,1,1,0,0,0,0,0,0,0,0,0,2,0,1,0,0,0,0,0,0,0,0,0,0,0,0,0,0,0,0,0,0,0,0,0,0,0,1,0,0,0,0,0,0,0,0,0,1,0,0,0,0,0,0,0,0,0,0,0,0,0,0,0,0,1,0,0,0,0,287.0,Pseudomonas aeruginosa,Bacteria
116529,,18143557,CHEMBL4031794,Antibacterial activity against clinical isolates of Pseudomonas aeruginosa ISR-14-003 after 18 hrs by broth microdilution method,F,BAO_0002146,BAO_0000019,assay format,C[C@H]1[C@H](NC(=O)/C(=N\OC(C)(C)C(=O)O)c2csc(N)n2)C(=O)N1S(=O)(=O)O,CHEMBL4028874,J Med Chem,2017.0,CHEMBL158,AZTREONAM,CHEMBL158,0,http://www.openphacts.org/units/Nanomolar,3009676,=,1,1,=,MIC,nM,6000.0,CHEMBL348,Pseudomonas aeruginosa,Pseudomonas aeruginosa,287.0,,MIC,uM,UO_0000065,6.0,CHEMBL158,C[C@H]1[C@H](NC(=O)/C(=N\OC(C)(C)C(=O)O)c2csc(N)n2)C(=O)N1S(=O)(=O)O,12.562141912320484,12.562141912320484,0.0349535856009066,-4.756268639419342,0.174788224513646,20.5,435.44000000000017,418.30400000000014,435.051854504,154,0,0.3620751467724121,-0.4782270320177159,0.4782270320177159,0.3620751467724121,1.4642857142857142,2.071428571428572,2.5,32.24529764273617,10.00401161573638,2.513331128805475,-2.416338874010568,2.230948535260857,-2.707807208919476,7.836563836647012,-0.1608446168429468,2.971847309732629,2.2592762983237704,953.8851353067348,21.43879310982592,14.8114553779692,16.444448539824652,12.752743308167698,7.578995896792942,9.855612118054724,6.221230582074894,8.399971119282888,3.730567932227123,5.414072402778615,2.1128455580549623,3.54351374163482,-2.78,690205.5939907836,21.519292322605008,7.325918985638601,4.204134383579708,162.59031069995737,20.994572059745856,11.735768823996422,10.843243482610037,5.601050810983688,11.814359458703011,16.27347016397548,14.141824241834009,14.083731696315263,8.417796984328938,11.336785877934735,5.15571272675054,20.771211599071872,5.380062770465915,6.041840829147961,37.29827438881211,50.26785898322327,0.0,14.605983116249774,5.15571272675054,38.455944068351485,5.733667477162185,11.073990765314376,0.0,0.0,11.050456081168516,5.131558479839333,0.0,11.336785877934735,68.54635098380861,29.525365011975733,0.0,26.46513959392033,10.535775497216456,0.0,0.0,0.0,201.58,51.4842470947288,22.801408536544404,0.0,15.130702465984026,0.0,11.336785877934735,26.151274369537788,0.0,0.0,15.456479851704078,20.23053332942989,31.44978820569469,0.9796905422586336,44.39737831563419,16.334751159546904,3.256457088644816,-3.375611656986792,-2.3123389733980013,0.0,3.692820624691566,-4.756268639419342,0.4615384615384615,28,5,13,0,1,1,0,1,1,10,4,15,7,0,1,1,2,-1.172499999999998,95.65050000000004,1,0,0,1,0,1,0,0,1,1,3,2,0,0,0,3,1,1,0,0,0,0,0,0,0,0,0,2,0,1,0,0,0,0,0,0,0,0,0,0,0,0,0,0,0,0,0,0,0,0,0,0,0,1,0,0,0,0,0,0,0,0,0,1,0,0,0,0,0,0,0,0,0,0,0,0,0,0,0,0,1,0,0,0,0,287.0,Pseudomonas aeruginosa,Bacteria
116529,,18143557,CHEMBL4031794,Antibacterial activity against clinical isolates of Pseudomonas aeruginosa ISR-14-003 after 18 hrs by broth microdilution method,F,BAO_0002146,BAO_0000019,assay format,C[C@H]1[C@H](NC(=O)/C(=N\OC(C)(C)C(=O)O)c2csc(N)n2)C(=O)N1S(=O)(=O)O,CHEMBL4028874,J Med Chem,2017.0,CHEMBL158,AZTREONAM,CHEMBL158,0,http://www.openphacts.org/units/Nanomolar,3009676,=,1,1,=,MIC,nM,6000.0,CHEMBL348,Pseudomonas aeruginosa,Pseudomonas aeruginosa,287.0,,MIC,uM,UO_0000065,6.0,CHEMBL158,C[C@H]1[C@H](NC(=O)/C(=N\OC(C)(C)C(=O)O)c2csc(N)n2)C(=O)N1S(=O)(=O)O,12.562141912320484,12.562141912320484,0.0349535856009066,-4.756268639419342,0.174788224513646,20.5,435.44000000000017,418.30400000000014,435.051854504,154,0,0.3620751467724121,-0.4782270320177159,0.4782270320177159,0.3620751467724121,1.4642857142857142,2.071428571428572,2.5,32.24529764273617,10.00401161573638,2.513331128805475,-2.416338874010568,2.230948535260857,-2.707807208919476,7.836563836647012,-0.1608446168429468,2.971847309732629,2.2592762983237704,953.8851353067348,21.43879310982592,14.8114553779692,16.444448539824652,12.752743308167698,7.578995896792942,9.855612118054724,6.221230582074894,8.399971119282888,3.730567932227123,5.414072402778615,2.1128455580549623,3.54351374163482,-2.78,690205.5939907836,21.519292322605008,7.325918985638601,4.204134383579708,162.59031069995737,20.994572059745856,11.735768823996422,10.843243482610037,5.601050810983688,11.814359458703011,16.27347016397548,14.141824241834009,14.083731696315263,8.417796984328938,11.336785877934735,5.15571272675054,20.771211599071872,5.380062770465915,6.041840829147961,37.29827438881211,50.26785898322327,0.0,14.605983116249774,5.15571272675054,38.455944068351485,5.733667477162185,11.073990765314376,0.0,0.0,11.050456081168516,5.131558479839333,0.0,11.336785877934735,68.54635098380861,29.525365011975733,0.0,26.46513959392033,10.535775497216456,0.0,0.0,0.0,201.58,51.4842470947288,22.801408536544404,0.0,15.130702465984026,0.0,11.336785877934735,26.151274369537788,0.0,0.0,15.456479851704078,20.23053332942989,31.44978820569469,0.9796905422586336,44.39737831563419,16.334751159546904,3.256457088644816,-3.375611656986792,-2.3123389733980013,0.0,3.692820624691566,-4.756268639419342,0.4615384615384615,28,5,13,0,1,1,0,1,1,10,4,15,7,0,1,1,2,-1.172499999999998,95.65050000000004,1,0,0,1,0,1,0,0,1,1,3,2,0,0,0,3,1,1,0,0,0,0,0,0,0,0,0,2,0,1,0,0,0,0,0,0,0,0,0,0,0,0,0,0,0,0,0,0,0,0,0,0,0,1,0,0,0,0,0,0,0,0,0,1,0,0,0,0,0,0,0,0,0,0,0,0,0,0,0,0,1,0,0,0,0,287.0,Pseudomonas aeruginosa,Bacteria
116530,,18143558,CHEMBL4031795,Antibacterial activity against clinical isolates of Pseudomonas aeruginosa ISR-14-004 after 18 hrs by broth microdilution method,F,BAO_0002146,BAO_0000019,assay format,C[C@H]1[C@H](NC(=O)/C(=N\OC(C)(C)C(=O)O)c2csc(N)n2)C(=O)N1S(=O)(=O)O,CHEMBL4028874,J Med Chem,2017.0,CHEMBL158,AZTREONAM,CHEMBL158,0,http://www.openphacts.org/units/Nanomolar,3009676,=,1,1,=,MIC,nM,50000.0,CHEMBL348,Pseudomonas aeruginosa,Pseudomonas aeruginosa,287.0,,MIC,uM,UO_0000065,50.0,CHEMBL158,C[C@H]1[C@H](NC(=O)/C(=N\OC(C)(C)C(=O)O)c2csc(N)n2)C(=O)N1S(=O)(=O)O,12.562141912320484,12.562141912320484,0.0349535856009066,-4.756268639419342,0.174788224513646,20.5,435.44000000000017,418.30400000000014,435.051854504,154,0,0.3620751467724121,-0.4782270320177159,0.4782270320177159,0.3620751467724121,1.4642857142857142,2.071428571428572,2.5,32.24529764273617,10.00401161573638,2.513331128805475,-2.416338874010568,2.230948535260857,-2.707807208919476,7.836563836647012,-0.1608446168429468,2.971847309732629,2.2592762983237704,953.8851353067348,21.43879310982592,14.8114553779692,16.444448539824652,12.752743308167698,7.578995896792942,9.855612118054724,6.221230582074894,8.399971119282888,3.730567932227123,5.414072402778615,2.1128455580549623,3.54351374163482,-2.78,690205.5939907836,21.519292322605008,7.325918985638601,4.204134383579708,162.59031069995737,20.994572059745856,11.735768823996422,10.843243482610037,5.601050810983688,11.814359458703011,16.27347016397548,14.141824241834009,14.083731696315263,8.417796984328938,11.336785877934735,5.15571272675054,20.771211599071872,5.380062770465915,6.041840829147961,37.29827438881211,50.26785898322327,0.0,14.605983116249774,5.15571272675054,38.455944068351485,5.733667477162185,11.073990765314376,0.0,0.0,11.050456081168516,5.131558479839333,0.0,11.336785877934735,68.54635098380861,29.525365011975733,0.0,26.46513959392033,10.535775497216456,0.0,0.0,0.0,201.58,51.4842470947288,22.801408536544404,0.0,15.130702465984026,0.0,11.336785877934735,26.151274369537788,0.0,0.0,15.456479851704078,20.23053332942989,31.44978820569469,0.9796905422586336,44.39737831563419,16.334751159546904,3.256457088644816,-3.375611656986792,-2.3123389733980013,0.0,3.692820624691566,-4.756268639419342,0.4615384615384615,28,5,13,0,1,1,0,1,1,10,4,15,7,0,1,1,2,-1.172499999999998,95.65050000000004,1,0,0,1,0,1,0,0,1,1,3,2,0,0,0,3,1,1,0,0,0,0,0,0,0,0,0,2,0,1,0,0,0,0,0,0,0,0,0,0,0,0,0,0,0,0,0,0,0,0,0,0,0,1,0,0,0,0,0,0,0,0,0,1,0,0,0,0,0,0,0,0,0,0,0,0,0,0,0,0,1,0,0,0,0,287.0,Pseudomonas aeruginosa,Bacteria
116530,,18143558,CHEMBL4031795,Antibacterial activity against clinical isolates of Pseudomonas aeruginosa ISR-14-004 after 18 hrs by broth microdilution method,F,BAO_0002146,BAO_0000019,assay format,C[C@H]1[C@H](NC(=O)/C(=N\OC(C)(C)C(=O)O)c2csc(N)n2)C(=O)N1S(=O)(=O)O,CHEMBL4028874,J Med Chem,2017.0,CHEMBL158,AZTREONAM,CHEMBL158,0,http://www.openphacts.org/units/Nanomolar,3009676,=,1,1,=,MIC,nM,50000.0,CHEMBL348,Pseudomonas aeruginosa,Pseudomonas aeruginosa,287.0,,MIC,uM,UO_0000065,50.0,CHEMBL158,C[C@H]1[C@H](NC(=O)/C(=N\OC(C)(C)C(=O)O)c2csc(N)n2)C(=O)N1S(=O)(=O)O,12.562141912320484,12.562141912320484,0.0349535856009066,-4.756268639419342,0.174788224513646,20.5,435.44000000000017,418.30400000000014,435.051854504,154,0,0.3620751467724121,-0.4782270320177159,0.4782270320177159,0.3620751467724121,1.4642857142857142,2.071428571428572,2.5,32.24529764273617,10.00401161573638,2.513331128805475,-2.416338874010568,2.230948535260857,-2.707807208919476,7.836563836647012,-0.1608446168429468,2.971847309732629,2.2592762983237704,953.8851353067348,21.43879310982592,14.8114553779692,16.444448539824652,12.752743308167698,7.578995896792942,9.855612118054724,6.221230582074894,8.399971119282888,3.730567932227123,5.414072402778615,2.1128455580549623,3.54351374163482,-2.78,690205.5939907836,21.519292322605008,7.325918985638601,4.204134383579708,162.59031069995737,20.994572059745856,11.735768823996422,10.843243482610037,5.601050810983688,11.814359458703011,16.27347016397548,14.141824241834009,14.083731696315263,8.417796984328938,11.336785877934735,5.15571272675054,20.771211599071872,5.380062770465915,6.041840829147961,37.29827438881211,50.26785898322327,0.0,14.605983116249774,5.15571272675054,38.455944068351485,5.733667477162185,11.073990765314376,0.0,0.0,11.050456081168516,5.131558479839333,0.0,11.336785877934735,68.54635098380861,29.525365011975733,0.0,26.46513959392033,10.535775497216456,0.0,0.0,0.0,201.58,51.4842470947288,22.801408536544404,0.0,15.130702465984026,0.0,11.336785877934735,26.151274369537788,0.0,0.0,15.456479851704078,20.23053332942989,31.44978820569469,0.9796905422586336,44.39737831563419,16.334751159546904,3.256457088644816,-3.375611656986792,-2.3123389733980013,0.0,3.692820624691566,-4.756268639419342,0.4615384615384615,28,5,13,0,1,1,0,1,1,10,4,15,7,0,1,1,2,-1.172499999999998,95.65050000000004,1,0,0,1,0,1,0,0,1,1,3,2,0,0,0,3,1,1,0,0,0,0,0,0,0,0,0,2,0,1,0,0,0,0,0,0,0,0,0,0,0,0,0,0,0,0,0,0,0,0,0,0,0,1,0,0,0,0,0,0,0,0,0,1,0,0,0,0,0,0,0,0,0,0,0,0,0,0,0,0,1,0,0,0,0,287.0,Pseudomonas aeruginosa,Bacteria
116530,,18143558,CHEMBL4031795,Antibacterial activity against clinical isolates of Pseudomonas aeruginosa ISR-14-004 after 18 hrs by broth microdilution method,F,BAO_0002146,BAO_0000019,assay format,C[C@H]1[C@H](NC(=O)/C(=N\OC(C)(C)C(=O)O)c2csc(N)n2)C(=O)N1S(=O)(=O)O,CHEMBL4028874,J Med Chem,2017.0,CHEMBL158,AZTREONAM,CHEMBL158,0,http://www.openphacts.org/units/Nanomolar,3009676,=,1,1,=,MIC,nM,50000.0,CHEMBL348,Pseudomonas aeruginosa,Pseudomonas aeruginosa,287.0,,MIC,uM,UO_0000065,50.0,CHEMBL158,C[C@H]1[C@H](NC(=O)/C(=N\OC(C)(C)C(=O)O)c2csc(N)n2)C(=O)N1S(=O)(=O)O,12.562141912320484,12.562141912320484,0.0349535856009066,-4.756268639419342,0.174788224513646,20.5,435.44000000000017,418.30400000000014,435.051854504,154,0,0.3620751467724121,-0.4782270320177159,0.4782270320177159,0.3620751467724121,1.4642857142857142,2.071428571428572,2.5,32.24529764273617,10.00401161573638,2.513331128805475,-2.416338874010568,2.230948535260857,-2.707807208919476,7.836563836647012,-0.1608446168429468,2.971847309732629,2.2592762983237704,953.8851353067348,21.43879310982592,14.8114553779692,16.444448539824652,12.752743308167698,7.578995896792942,9.855612118054724,6.221230582074894,8.399971119282888,3.730567932227123,5.414072402778615,2.1128455580549623,3.54351374163482,-2.78,690205.5939907836,21.519292322605008,7.325918985638601,4.204134383579708,162.59031069995737,20.994572059745856,11.735768823996422,10.843243482610037,5.601050810983688,11.814359458703011,16.27347016397548,14.141824241834009,14.083731696315263,8.417796984328938,11.336785877934735,5.15571272675054,20.771211599071872,5.380062770465915,6.041840829147961,37.29827438881211,50.26785898322327,0.0,14.605983116249774,5.15571272675054,38.455944068351485,5.733667477162185,11.073990765314376,0.0,0.0,11.050456081168516,5.131558479839333,0.0,11.336785877934735,68.54635098380861,29.525365011975733,0.0,26.46513959392033,10.535775497216456,0.0,0.0,0.0,201.58,51.4842470947288,22.801408536544404,0.0,15.130702465984026,0.0,11.336785877934735,26.151274369537788,0.0,0.0,15.456479851704078,20.23053332942989,31.44978820569469,0.9796905422586336,44.39737831563419,16.334751159546904,3.256457088644816,-3.375611656986792,-2.3123389733980013,0.0,3.692820624691566,-4.756268639419342,0.4615384615384615,28,5,13,0,1,1,0,1,1,10,4,15,7,0,1,1,2,-1.172499999999998,95.65050000000004,1,0,0,1,0,1,0,0,1,1,3,2,0,0,0,3,1,1,0,0,0,0,0,0,0,0,0,2,0,1,0,0,0,0,0,0,0,0,0,0,0,0,0,0,0,0,0,0,0,0,0,0,0,1,0,0,0,0,0,0,0,0,0,1,0,0,0,0,0,0,0,0,0,0,0,0,0,0,0,0,1,0,0,0,0,287.0,Pseudomonas aeruginosa,Bacteria
116531,,18143559,CHEMBL4031796,Antibacterial activity against Escherichia coli DC0 after 18 hrs by broth microdilution method,F,BAO_0002146,BAO_0000019,assay format,C[C@H]1[C@H](NC(=O)/C(=N\OC(C)(C)C(=O)O)c2csc(N)n2)C(=O)N1S(=O)(=O)O,CHEMBL4028874,J Med Chem,2017.0,CHEMBL158,AZTREONAM,CHEMBL158,0,http://www.openphacts.org/units/Nanomolar,3009676,=,1,1,=,MIC,nM,100.0,CHEMBL354,Escherichia coli,Escherichia coli,562.0,,MIC,uM,UO_0000065,0.1,CHEMBL158,C[C@H]1[C@H](NC(=O)/C(=N\OC(C)(C)C(=O)O)c2csc(N)n2)C(=O)N1S(=O)(=O)O,12.562141912320484,12.562141912320484,0.0349535856009066,-4.756268639419342,0.174788224513646,20.5,435.44000000000017,418.30400000000014,435.051854504,154,0,0.3620751467724121,-0.4782270320177159,0.4782270320177159,0.3620751467724121,1.4642857142857142,2.071428571428572,2.5,32.24529764273617,10.00401161573638,2.513331128805475,-2.416338874010568,2.230948535260857,-2.707807208919476,7.836563836647012,-0.1608446168429468,2.971847309732629,2.2592762983237704,953.8851353067348,21.43879310982592,14.8114553779692,16.444448539824652,12.752743308167698,7.578995896792942,9.855612118054724,6.221230582074894,8.399971119282888,3.730567932227123,5.414072402778615,2.1128455580549623,3.54351374163482,-2.78,690205.5939907836,21.519292322605008,7.325918985638601,4.204134383579708,162.59031069995737,20.994572059745856,11.735768823996422,10.843243482610037,5.601050810983688,11.814359458703011,16.27347016397548,14.141824241834009,14.083731696315263,8.417796984328938,11.336785877934735,5.15571272675054,20.771211599071872,5.380062770465915,6.041840829147961,37.29827438881211,50.26785898322327,0.0,14.605983116249774,5.15571272675054,38.455944068351485,5.733667477162185,11.073990765314376,0.0,0.0,11.050456081168516,5.131558479839333,0.0,11.336785877934735,68.54635098380861,29.525365011975733,0.0,26.46513959392033,10.535775497216456,0.0,0.0,0.0,201.58,51.4842470947288,22.801408536544404,0.0,15.130702465984026,0.0,11.336785877934735,26.151274369537788,0.0,0.0,15.456479851704078,20.23053332942989,31.44978820569469,0.9796905422586336,44.39737831563419,16.334751159546904,3.256457088644816,-3.375611656986792,-2.3123389733980013,0.0,3.692820624691566,-4.756268639419342,0.4615384615384615,28,5,13,0,1,1,0,1,1,10,4,15,7,0,1,1,2,-1.172499999999998,95.65050000000004,1,0,0,1,0,1,0,0,1,1,3,2,0,0,0,3,1,1,0,0,0,0,0,0,0,0,0,2,0,1,0,0,0,0,0,0,0,0,0,0,0,0,0,0,0,0,0,0,0,0,0,0,0,1,0,0,0,0,0,0,0,0,0,1,0,0,0,0,0,0,0,0,0,0,0,0,0,0,0,0,1,0,0,0,0,562.0,Escherichia coli,Bacteria
116531,,18143559,CHEMBL4031796,Antibacterial activity against Escherichia coli DC0 after 18 hrs by broth microdilution method,F,BAO_0002146,BAO_0000019,assay format,C[C@H]1[C@H](NC(=O)/C(=N\OC(C)(C)C(=O)O)c2csc(N)n2)C(=O)N1S(=O)(=O)O,CHEMBL4028874,J Med Chem,2017.0,CHEMBL158,AZTREONAM,CHEMBL158,0,http://www.openphacts.org/units/Nanomolar,3009676,=,1,1,=,MIC,nM,100.0,CHEMBL354,Escherichia coli,Escherichia coli,562.0,,MIC,uM,UO_0000065,0.1,CHEMBL158,C[C@H]1[C@H](NC(=O)/C(=N\OC(C)(C)C(=O)O)c2csc(N)n2)C(=O)N1S(=O)(=O)O,12.562141912320484,12.562141912320484,0.0349535856009066,-4.756268639419342,0.174788224513646,20.5,435.44000000000017,418.30400000000014,435.051854504,154,0,0.3620751467724121,-0.4782270320177159,0.4782270320177159,0.3620751467724121,1.4642857142857142,2.071428571428572,2.5,32.24529764273617,10.00401161573638,2.513331128805475,-2.416338874010568,2.230948535260857,-2.707807208919476,7.836563836647012,-0.1608446168429468,2.971847309732629,2.2592762983237704,953.8851353067348,21.43879310982592,14.8114553779692,16.444448539824652,12.752743308167698,7.578995896792942,9.855612118054724,6.221230582074894,8.399971119282888,3.730567932227123,5.414072402778615,2.1128455580549623,3.54351374163482,-2.78,690205.5939907836,21.519292322605008,7.325918985638601,4.204134383579708,162.59031069995737,20.994572059745856,11.735768823996422,10.843243482610037,5.601050810983688,11.814359458703011,16.27347016397548,14.141824241834009,14.083731696315263,8.417796984328938,11.336785877934735,5.15571272675054,20.771211599071872,5.380062770465915,6.041840829147961,37.29827438881211,50.26785898322327,0.0,14.605983116249774,5.15571272675054,38.455944068351485,5.733667477162185,11.073990765314376,0.0,0.0,11.050456081168516,5.131558479839333,0.0,11.336785877934735,68.54635098380861,29.525365011975733,0.0,26.46513959392033,10.535775497216456,0.0,0.0,0.0,201.58,51.4842470947288,22.801408536544404,0.0,15.130702465984026,0.0,11.336785877934735,26.151274369537788,0.0,0.0,15.456479851704078,20.23053332942989,31.44978820569469,0.9796905422586336,44.39737831563419,16.334751159546904,3.256457088644816,-3.375611656986792,-2.3123389733980013,0.0,3.692820624691566,-4.756268639419342,0.4615384615384615,28,5,13,0,1,1,0,1,1,10,4,15,7,0,1,1,2,-1.172499999999998,95.65050000000004,1,0,0,1,0,1,0,0,1,1,3,2,0,0,0,3,1,1,0,0,0,0,0,0,0,0,0,2,0,1,0,0,0,0,0,0,0,0,0,0,0,0,0,0,0,0,0,0,0,0,0,0,0,1,0,0,0,0,0,0,0,0,0,1,0,0,0,0,0,0,0,0,0,0,0,0,0,0,0,0,1,0,0,0,0,562.0,Escherichia coli,Bacteria
116531,,18143559,CHEMBL4031796,Antibacterial activity against Escherichia coli DC0 after 18 hrs by broth microdilution method,F,BAO_0002146,BAO_0000019,assay format,C[C@H]1[C@H](NC(=O)/C(=N\OC(C)(C)C(=O)O)c2csc(N)n2)C(=O)N1S(=O)(=O)O,CHEMBL4028874,J Med Chem,2017.0,CHEMBL158,AZTREONAM,CHEMBL158,0,http://www.openphacts.org/units/Nanomolar,3009676,=,1,1,=,MIC,nM,100.0,CHEMBL354,Escherichia coli,Escherichia coli,562.0,,MIC,uM,UO_0000065,0.1,CHEMBL158,C[C@H]1[C@H](NC(=O)/C(=N\OC(C)(C)C(=O)O)c2csc(N)n2)C(=O)N1S(=O)(=O)O,12.562141912320484,12.562141912320484,0.0349535856009066,-4.756268639419342,0.174788224513646,20.5,435.44000000000017,418.30400000000014,435.051854504,154,0,0.3620751467724121,-0.4782270320177159,0.4782270320177159,0.3620751467724121,1.4642857142857142,2.071428571428572,2.5,32.24529764273617,10.00401161573638,2.513331128805475,-2.416338874010568,2.230948535260857,-2.707807208919476,7.836563836647012,-0.1608446168429468,2.971847309732629,2.2592762983237704,953.8851353067348,21.43879310982592,14.8114553779692,16.444448539824652,12.752743308167698,7.578995896792942,9.855612118054724,6.221230582074894,8.399971119282888,3.730567932227123,5.414072402778615,2.1128455580549623,3.54351374163482,-2.78,690205.5939907836,21.519292322605008,7.325918985638601,4.204134383579708,162.59031069995737,20.994572059745856,11.735768823996422,10.843243482610037,5.601050810983688,11.814359458703011,16.27347016397548,14.141824241834009,14.083731696315263,8.417796984328938,11.336785877934735,5.15571272675054,20.771211599071872,5.380062770465915,6.041840829147961,37.29827438881211,50.26785898322327,0.0,14.605983116249774,5.15571272675054,38.455944068351485,5.733667477162185,11.073990765314376,0.0,0.0,11.050456081168516,5.131558479839333,0.0,11.336785877934735,68.54635098380861,29.525365011975733,0.0,26.46513959392033,10.535775497216456,0.0,0.0,0.0,201.58,51.4842470947288,22.801408536544404,0.0,15.130702465984026,0.0,11.336785877934735,26.151274369537788,0.0,0.0,15.456479851704078,20.23053332942989,31.44978820569469,0.9796905422586336,44.39737831563419,16.334751159546904,3.256457088644816,-3.375611656986792,-2.3123389733980013,0.0,3.692820624691566,-4.756268639419342,0.4615384615384615,28,5,13,0,1,1,0,1,1,10,4,15,7,0,1,1,2,-1.172499999999998,95.65050000000004,1,0,0,1,0,1,0,0,1,1,3,2,0,0,0,3,1,1,0,0,0,0,0,0,0,0,0,2,0,1,0,0,0,0,0,0,0,0,0,0,0,0,0,0,0,0,0,0,0,0,0,0,0,1,0,0,0,0,0,0,0,0,0,1,0,0,0,0,0,0,0,0,0,0,0,0,0,0,0,0,1,0,0,0,0,562.0,Escherichia coli,Bacteria
116531,,18143559,CHEMBL4031796,Antibacterial activity against Escherichia coli DC0 after 18 hrs by broth microdilution method,F,BAO_0002146,BAO_0000019,assay format,C[C@H]1[C@H](NC(=O)/C(=N\OC(C)(C)C(=O)O)c2csc(N)n2)C(=O)N1S(=O)(=O)O,CHEMBL4028874,J Med Chem,2017.0,CHEMBL158,AZTREONAM,CHEMBL158,0,http://www.openphacts.org/units/Nanomolar,3009676,=,1,1,=,MIC,nM,100.0,CHEMBL354,Escherichia coli,Escherichia coli,562.0,,MIC,uM,UO_0000065,0.1,CHEMBL158,C[C@H]1[C@H](NC(=O)/C(=N\OC(C)(C)C(=O)O)c2csc(N)n2)C(=O)N1S(=O)(=O)O,12.562141912320484,12.562141912320484,0.0349535856009066,-4.756268639419342,0.174788224513646,20.5,435.44000000000017,418.30400000000014,435.051854504,154,0,0.3620751467724121,-0.4782270320177159,0.4782270320177159,0.3620751467724121,1.4642857142857142,2.071428571428572,2.5,32.24529764273617,10.00401161573638,2.513331128805475,-2.416338874010568,2.230948535260857,-2.707807208919476,7.836563836647012,-0.1608446168429468,2.971847309732629,2.2592762983237704,953.8851353067348,21.43879310982592,14.8114553779692,16.444448539824652,12.752743308167698,7.578995896792942,9.855612118054724,6.221230582074894,8.399971119282888,3.730567932227123,5.414072402778615,2.1128455580549623,3.54351374163482,-2.78,690205.5939907836,21.519292322605008,7.325918985638601,4.204134383579708,162.59031069995737,20.994572059745856,11.735768823996422,10.843243482610037,5.601050810983688,11.814359458703011,16.27347016397548,14.141824241834009,14.083731696315263,8.417796984328938,11.336785877934735,5.15571272675054,20.771211599071872,5.380062770465915,6.041840829147961,37.29827438881211,50.26785898322327,0.0,14.605983116249774,5.15571272675054,38.455944068351485,5.733667477162185,11.073990765314376,0.0,0.0,11.050456081168516,5.131558479839333,0.0,11.336785877934735,68.54635098380861,29.525365011975733,0.0,26.46513959392033,10.535775497216456,0.0,0.0,0.0,201.58,51.4842470947288,22.801408536544404,0.0,15.130702465984026,0.0,11.336785877934735,26.151274369537788,0.0,0.0,15.456479851704078,20.23053332942989,31.44978820569469,0.9796905422586336,44.39737831563419,16.334751159546904,3.256457088644816,-3.375611656986792,-2.3123389733980013,0.0,3.692820624691566,-4.756268639419342,0.4615384615384615,28,5,13,0,1,1,0,1,1,10,4,15,7,0,1,1,2,-1.172499999999998,95.65050000000004,1,0,0,1,0,1,0,0,1,1,3,2,0,0,0,3,1,1,0,0,0,0,0,0,0,0,0,2,0,1,0,0,0,0,0,0,0,0,0,0,0,0,0,0,0,0,0,0,0,0,0,0,0,1,0,0,0,0,0,0,0,0,0,1,0,0,0,0,0,0,0,0,0,0,0,0,0,0,0,0,1,0,0,0,0,562.0,Escherichia coli,Bacteria
116532,,18143560,CHEMBL4031797,Antibacterial activity against Proteus mirabilis X235 after 18 hrs by broth microdilution method,F,BAO_0002146,BAO_0000019,assay format,C[C@H]1[C@H](NC(=O)/C(=N\OC(C)(C)C(=O)O)c2csc(N)n2)C(=O)N1S(=O)(=O)O,CHEMBL4028874,J Med Chem,2017.0,CHEMBL158,AZTREONAM,CHEMBL158,0,http://www.openphacts.org/units/Nanomolar,3009676,=,1,1,=,MIC,nM,50.0,CHEMBL614444,Proteus mirabilis,Proteus mirabilis,584.0,,MIC,uM,UO_0000065,0.05,CHEMBL158,C[C@H]1[C@H](NC(=O)/C(=N\OC(C)(C)C(=O)O)c2csc(N)n2)C(=O)N1S(=O)(=O)O,12.562141912320484,12.562141912320484,0.0349535856009066,-4.756268639419342,0.174788224513646,20.5,435.44000000000017,418.30400000000014,435.051854504,154,0,0.3620751467724121,-0.4782270320177159,0.4782270320177159,0.3620751467724121,1.4642857142857142,2.071428571428572,2.5,32.24529764273617,10.00401161573638,2.513331128805475,-2.416338874010568,2.230948535260857,-2.707807208919476,7.836563836647012,-0.1608446168429468,2.971847309732629,2.2592762983237704,953.8851353067348,21.43879310982592,14.8114553779692,16.444448539824652,12.752743308167698,7.578995896792942,9.855612118054724,6.221230582074894,8.399971119282888,3.730567932227123,5.414072402778615,2.1128455580549623,3.54351374163482,-2.78,690205.5939907836,21.519292322605008,7.325918985638601,4.204134383579708,162.59031069995737,20.994572059745856,11.735768823996422,10.843243482610037,5.601050810983688,11.814359458703011,16.27347016397548,14.141824241834009,14.083731696315263,8.417796984328938,11.336785877934735,5.15571272675054,20.771211599071872,5.380062770465915,6.041840829147961,37.29827438881211,50.26785898322327,0.0,14.605983116249774,5.15571272675054,38.455944068351485,5.733667477162185,11.073990765314376,0.0,0.0,11.050456081168516,5.131558479839333,0.0,11.336785877934735,68.54635098380861,29.525365011975733,0.0,26.46513959392033,10.535775497216456,0.0,0.0,0.0,201.58,51.4842470947288,22.801408536544404,0.0,15.130702465984026,0.0,11.336785877934735,26.151274369537788,0.0,0.0,15.456479851704078,20.23053332942989,31.44978820569469,0.9796905422586336,44.39737831563419,16.334751159546904,3.256457088644816,-3.375611656986792,-2.3123389733980013,0.0,3.692820624691566,-4.756268639419342,0.4615384615384615,28,5,13,0,1,1,0,1,1,10,4,15,7,0,1,1,2,-1.172499999999998,95.65050000000004,1,0,0,1,0,1,0,0,1,1,3,2,0,0,0,3,1,1,0,0,0,0,0,0,0,0,0,2,0,1,0,0,0,0,0,0,0,0,0,0,0,0,0,0,0,0,0,0,0,0,0,0,0,1,0,0,0,0,0,0,0,0,0,1,0,0,0,0,0,0,0,0,0,0,0,0,0,0,0,0,1,0,0,0,0,584.0,Proteus mirabilis,Bacteria
116533,,18143561,CHEMBL4031798,Antibacterial activity against Salmonella typhimurium ATCC 13311 after 18 hrs by broth microdilution method,F,BAO_0002146,BAO_0000019,assay format,C[C@H]1[C@H](NC(=O)/C(=N\OC(C)(C)C(=O)O)c2csc(N)n2)C(=O)N1S(=O)(=O)O,CHEMBL4028874,J Med Chem,2017.0,CHEMBL158,AZTREONAM,CHEMBL158,0,http://www.openphacts.org/units/Nanomolar,3009676,=,1,1,=,MIC,nM,100.0,CHEMBL351,Salmonella enterica,Salmonella typhimurium,90371.0,,MIC,uM,UO_0000065,0.1,CHEMBL158,C[C@H]1[C@H](NC(=O)/C(=N\OC(C)(C)C(=O)O)c2csc(N)n2)C(=O)N1S(=O)(=O)O,12.562141912320484,12.562141912320484,0.0349535856009066,-4.756268639419342,0.174788224513646,20.5,435.44000000000017,418.30400000000014,435.051854504,154,0,0.3620751467724121,-0.4782270320177159,0.4782270320177159,0.3620751467724121,1.4642857142857142,2.071428571428572,2.5,32.24529764273617,10.00401161573638,2.513331128805475,-2.416338874010568,2.230948535260857,-2.707807208919476,7.836563836647012,-0.1608446168429468,2.971847309732629,2.2592762983237704,953.8851353067348,21.43879310982592,14.8114553779692,16.444448539824652,12.752743308167698,7.578995896792942,9.855612118054724,6.221230582074894,8.399971119282888,3.730567932227123,5.414072402778615,2.1128455580549623,3.54351374163482,-2.78,690205.5939907836,21.519292322605008,7.325918985638601,4.204134383579708,162.59031069995737,20.994572059745856,11.735768823996422,10.843243482610037,5.601050810983688,11.814359458703011,16.27347016397548,14.141824241834009,14.083731696315263,8.417796984328938,11.336785877934735,5.15571272675054,20.771211599071872,5.380062770465915,6.041840829147961,37.29827438881211,50.26785898322327,0.0,14.605983116249774,5.15571272675054,38.455944068351485,5.733667477162185,11.073990765314376,0.0,0.0,11.050456081168516,5.131558479839333,0.0,11.336785877934735,68.54635098380861,29.525365011975733,0.0,26.46513959392033,10.535775497216456,0.0,0.0,0.0,201.58,51.4842470947288,22.801408536544404,0.0,15.130702465984026,0.0,11.336785877934735,26.151274369537788,0.0,0.0,15.456479851704078,20.23053332942989,31.44978820569469,0.9796905422586336,44.39737831563419,16.334751159546904,3.256457088644816,-3.375611656986792,-2.3123389733980013,0.0,3.692820624691566,-4.756268639419342,0.4615384615384615,28,5,13,0,1,1,0,1,1,10,4,15,7,0,1,1,2,-1.172499999999998,95.65050000000004,1,0,0,1,0,1,0,0,1,1,3,2,0,0,0,3,1,1,0,0,0,0,0,0,0,0,0,2,0,1,0,0,0,0,0,0,0,0,0,0,0,0,0,0,0,0,0,0,0,0,0,0,0,1,0,0,0,0,0,0,0,0,0,1,0,0,0,0,0,0,0,0,0,0,0,0,0,0,0,0,1,0,0,0,0,28901.0,Salmonella enterica,Bacteria
116533,,18143561,CHEMBL4031798,Antibacterial activity against Salmonella typhimurium ATCC 13311 after 18 hrs by broth microdilution method,F,BAO_0002146,BAO_0000019,assay format,C[C@H]1[C@H](NC(=O)/C(=N\OC(C)(C)C(=O)O)c2csc(N)n2)C(=O)N1S(=O)(=O)O,CHEMBL4028874,J Med Chem,2017.0,CHEMBL158,AZTREONAM,CHEMBL158,0,http://www.openphacts.org/units/Nanomolar,3009676,=,1,1,=,MIC,nM,100.0,CHEMBL351,Salmonella enterica,Salmonella typhimurium,90371.0,,MIC,uM,UO_0000065,0.1,CHEMBL158,C[C@H]1[C@H](NC(=O)/C(=N\OC(C)(C)C(=O)O)c2csc(N)n2)C(=O)N1S(=O)(=O)O,12.562141912320484,12.562141912320484,0.0349535856009066,-4.756268639419342,0.174788224513646,20.5,435.44000000000017,418.30400000000014,435.051854504,154,0,0.3620751467724121,-0.4782270320177159,0.4782270320177159,0.3620751467724121,1.4642857142857142,2.071428571428572,2.5,32.24529764273617,10.00401161573638,2.513331128805475,-2.416338874010568,2.230948535260857,-2.707807208919476,7.836563836647012,-0.1608446168429468,2.971847309732629,2.2592762983237704,953.8851353067348,21.43879310982592,14.8114553779692,16.444448539824652,12.752743308167698,7.578995896792942,9.855612118054724,6.221230582074894,8.399971119282888,3.730567932227123,5.414072402778615,2.1128455580549623,3.54351374163482,-2.78,690205.5939907836,21.519292322605008,7.325918985638601,4.204134383579708,162.59031069995737,20.994572059745856,11.735768823996422,10.843243482610037,5.601050810983688,11.814359458703011,16.27347016397548,14.141824241834009,14.083731696315263,8.417796984328938,11.336785877934735,5.15571272675054,20.771211599071872,5.380062770465915,6.041840829147961,37.29827438881211,50.26785898322327,0.0,14.605983116249774,5.15571272675054,38.455944068351485,5.733667477162185,11.073990765314376,0.0,0.0,11.050456081168516,5.131558479839333,0.0,11.336785877934735,68.54635098380861,29.525365011975733,0.0,26.46513959392033,10.535775497216456,0.0,0.0,0.0,201.58,51.4842470947288,22.801408536544404,0.0,15.130702465984026,0.0,11.336785877934735,26.151274369537788,0.0,0.0,15.456479851704078,20.23053332942989,31.44978820569469,0.9796905422586336,44.39737831563419,16.334751159546904,3.256457088644816,-3.375611656986792,-2.3123389733980013,0.0,3.692820624691566,-4.756268639419342,0.4615384615384615,28,5,13,0,1,1,0,1,1,10,4,15,7,0,1,1,2,-1.172499999999998,95.65050000000004,1,0,0,1,0,1,0,0,1,1,3,2,0,0,0,3,1,1,0,0,0,0,0,0,0,0,0,2,0,1,0,0,0,0,0,0,0,0,0,0,0,0,0,0,0,0,0,0,0,0,0,0,0,1,0,0,0,0,0,0,0,0,0,1,0,0,0,0,0,0,0,0,0,0,0,0,0,0,0,0,1,0,0,0,0,28901.0,Salmonella enterica,Bacteria
116533,,18143561,CHEMBL4031798,Antibacterial activity against Salmonella typhimurium ATCC 13311 after 18 hrs by broth microdilution method,F,BAO_0002146,BAO_0000019,assay format,C[C@H]1[C@H](NC(=O)/C(=N\OC(C)(C)C(=O)O)c2csc(N)n2)C(=O)N1S(=O)(=O)O,CHEMBL4028874,J Med Chem,2017.0,CHEMBL158,AZTREONAM,CHEMBL158,0,http://www.openphacts.org/units/Nanomolar,3009676,=,1,1,=,MIC,nM,100.0,CHEMBL351,Salmonella enterica,Salmonella typhimurium,90371.0,,MIC,uM,UO_0000065,0.1,CHEMBL158,C[C@H]1[C@H](NC(=O)/C(=N\OC(C)(C)C(=O)O)c2csc(N)n2)C(=O)N1S(=O)(=O)O,12.562141912320484,12.562141912320484,0.0349535856009066,-4.756268639419342,0.174788224513646,20.5,435.44000000000017,418.30400000000014,435.051854504,154,0,0.3620751467724121,-0.4782270320177159,0.4782270320177159,0.3620751467724121,1.4642857142857142,2.071428571428572,2.5,32.24529764273617,10.00401161573638,2.513331128805475,-2.416338874010568,2.230948535260857,-2.707807208919476,7.836563836647012,-0.1608446168429468,2.971847309732629,2.2592762983237704,953.8851353067348,21.43879310982592,14.8114553779692,16.444448539824652,12.752743308167698,7.578995896792942,9.855612118054724,6.221230582074894,8.399971119282888,3.730567932227123,5.414072402778615,2.1128455580549623,3.54351374163482,-2.78,690205.5939907836,21.519292322605008,7.325918985638601,4.204134383579708,162.59031069995737,20.994572059745856,11.735768823996422,10.843243482610037,5.601050810983688,11.814359458703011,16.27347016397548,14.141824241834009,14.083731696315263,8.417796984328938,11.336785877934735,5.15571272675054,20.771211599071872,5.380062770465915,6.041840829147961,37.29827438881211,50.26785898322327,0.0,14.605983116249774,5.15571272675054,38.455944068351485,5.733667477162185,11.073990765314376,0.0,0.0,11.050456081168516,5.131558479839333,0.0,11.336785877934735,68.54635098380861,29.525365011975733,0.0,26.46513959392033,10.535775497216456,0.0,0.0,0.0,201.58,51.4842470947288,22.801408536544404,0.0,15.130702465984026,0.0,11.336785877934735,26.151274369537788,0.0,0.0,15.456479851704078,20.23053332942989,31.44978820569469,0.9796905422586336,44.39737831563419,16.334751159546904,3.256457088644816,-3.375611656986792,-2.3123389733980013,0.0,3.692820624691566,-4.756268639419342,0.4615384615384615,28,5,13,0,1,1,0,1,1,10,4,15,7,0,1,1,2,-1.172499999999998,95.65050000000004,1,0,0,1,0,1,0,0,1,1,3,2,0,0,0,3,1,1,0,0,0,0,0,0,0,0,0,2,0,1,0,0,0,0,0,0,0,0,0,0,0,0,0,0,0,0,0,0,0,0,0,0,0,1,0,0,0,0,0,0,0,0,0,1,0,0,0,0,0,0,0,0,0,0,0,0,0,0,0,0,1,0,0,0,0,28901.0,Salmonella enterica,Bacteria
116533,,18143561,CHEMBL4031798,Antibacterial activity against Salmonella typhimurium ATCC 13311 after 18 hrs by broth microdilution method,F,BAO_0002146,BAO_0000019,assay format,C[C@H]1[C@H](NC(=O)/C(=N\OC(C)(C)C(=O)O)c2csc(N)n2)C(=O)N1S(=O)(=O)O,CHEMBL4028874,J Med Chem,2017.0,CHEMBL158,AZTREONAM,CHEMBL158,0,http://www.openphacts.org/units/Nanomolar,3009676,=,1,1,=,MIC,nM,100.0,CHEMBL351,Salmonella enterica,Salmonella typhimurium,90371.0,,MIC,uM,UO_0000065,0.1,CHEMBL158,C[C@H]1[C@H](NC(=O)/C(=N\OC(C)(C)C(=O)O)c2csc(N)n2)C(=O)N1S(=O)(=O)O,12.562141912320484,12.562141912320484,0.0349535856009066,-4.756268639419342,0.174788224513646,20.5,435.44000000000017,418.30400000000014,435.051854504,154,0,0.3620751467724121,-0.4782270320177159,0.4782270320177159,0.3620751467724121,1.4642857142857142,2.071428571428572,2.5,32.24529764273617,10.00401161573638,2.513331128805475,-2.416338874010568,2.230948535260857,-2.707807208919476,7.836563836647012,-0.1608446168429468,2.971847309732629,2.2592762983237704,953.8851353067348,21.43879310982592,14.8114553779692,16.444448539824652,12.752743308167698,7.578995896792942,9.855612118054724,6.221230582074894,8.399971119282888,3.730567932227123,5.414072402778615,2.1128455580549623,3.54351374163482,-2.78,690205.5939907836,21.519292322605008,7.325918985638601,4.204134383579708,162.59031069995737,20.994572059745856,11.735768823996422,10.843243482610037,5.601050810983688,11.814359458703011,16.27347016397548,14.141824241834009,14.083731696315263,8.417796984328938,11.336785877934735,5.15571272675054,20.771211599071872,5.380062770465915,6.041840829147961,37.29827438881211,50.26785898322327,0.0,14.605983116249774,5.15571272675054,38.455944068351485,5.733667477162185,11.073990765314376,0.0,0.0,11.050456081168516,5.131558479839333,0.0,11.336785877934735,68.54635098380861,29.525365011975733,0.0,26.46513959392033,10.535775497216456,0.0,0.0,0.0,201.58,51.4842470947288,22.801408536544404,0.0,15.130702465984026,0.0,11.336785877934735,26.151274369537788,0.0,0.0,15.456479851704078,20.23053332942989,31.44978820569469,0.9796905422586336,44.39737831563419,16.334751159546904,3.256457088644816,-3.375611656986792,-2.3123389733980013,0.0,3.692820624691566,-4.756268639419342,0.4615384615384615,28,5,13,0,1,1,0,1,1,10,4,15,7,0,1,1,2,-1.172499999999998,95.65050000000004,1,0,0,1,0,1,0,0,1,1,3,2,0,0,0,3,1,1,0,0,0,0,0,0,0,0,0,2,0,1,0,0,0,0,0,0,0,0,0,0,0,0,0,0,0,0,0,0,0,0,0,0,0,1,0,0,0,0,0,0,0,0,0,1,0,0,0,0,0,0,0,0,0,0,0,0,0,0,0,0,1,0,0,0,0,28901.0,Salmonella enterica,Bacteria
116533,,18143561,CHEMBL4031798,Antibacterial activity against Salmonella typhimurium ATCC 13311 after 18 hrs by broth microdilution method,F,BAO_0002146,BAO_0000019,assay format,C[C@H]1[C@H](NC(=O)/C(=N\OC(C)(C)C(=O)O)c2csc(N)n2)C(=O)N1S(=O)(=O)O,CHEMBL4028874,J Med Chem,2017.0,CHEMBL158,AZTREONAM,CHEMBL158,0,http://www.openphacts.org/units/Nanomolar,3009676,=,1,1,=,MIC,nM,100.0,CHEMBL351,Salmonella enterica,Salmonella typhimurium,90371.0,,MIC,uM,UO_0000065,0.1,CHEMBL158,C[C@H]1[C@H](NC(=O)/C(=N\OC(C)(C)C(=O)O)c2csc(N)n2)C(=O)N1S(=O)(=O)O,12.562141912320484,12.562141912320484,0.0349535856009066,-4.756268639419342,0.174788224513646,20.5,435.44000000000017,418.30400000000014,435.051854504,154,0,0.3620751467724121,-0.4782270320177159,0.4782270320177159,0.3620751467724121,1.4642857142857142,2.071428571428572,2.5,32.24529764273617,10.00401161573638,2.513331128805475,-2.416338874010568,2.230948535260857,-2.707807208919476,7.836563836647012,-0.1608446168429468,2.971847309732629,2.2592762983237704,953.8851353067348,21.43879310982592,14.8114553779692,16.444448539824652,12.752743308167698,7.578995896792942,9.855612118054724,6.221230582074894,8.399971119282888,3.730567932227123,5.414072402778615,2.1128455580549623,3.54351374163482,-2.78,690205.5939907836,21.519292322605008,7.325918985638601,4.204134383579708,162.59031069995737,20.994572059745856,11.735768823996422,10.843243482610037,5.601050810983688,11.814359458703011,16.27347016397548,14.141824241834009,14.083731696315263,8.417796984328938,11.336785877934735,5.15571272675054,20.771211599071872,5.380062770465915,6.041840829147961,37.29827438881211,50.26785898322327,0.0,14.605983116249774,5.15571272675054,38.455944068351485,5.733667477162185,11.073990765314376,0.0,0.0,11.050456081168516,5.131558479839333,0.0,11.336785877934735,68.54635098380861,29.525365011975733,0.0,26.46513959392033,10.535775497216456,0.0,0.0,0.0,201.58,51.4842470947288,22.801408536544404,0.0,15.130702465984026,0.0,11.336785877934735,26.151274369537788,0.0,0.0,15.456479851704078,20.23053332942989,31.44978820569469,0.9796905422586336,44.39737831563419,16.334751159546904,3.256457088644816,-3.375611656986792,-2.3123389733980013,0.0,3.692820624691566,-4.756268639419342,0.4615384615384615,28,5,13,0,1,1,0,1,1,10,4,15,7,0,1,1,2,-1.172499999999998,95.65050000000004,1,0,0,1,0,1,0,0,1,1,3,2,0,0,0,3,1,1,0,0,0,0,0,0,0,0,0,2,0,1,0,0,0,0,0,0,0,0,0,0,0,0,0,0,0,0,0,0,0,0,0,0,0,1,0,0,0,0,0,0,0,0,0,1,0,0,0,0,0,0,0,0,0,0,0,0,0,0,0,0,1,0,0,0,0,28901.0,Salmonella enterica,Bacteria
116533,,18143561,CHEMBL4031798,Antibacterial activity against Salmonella typhimurium ATCC 13311 after 18 hrs by broth microdilution method,F,BAO_0002146,BAO_0000019,assay format,C[C@H]1[C@H](NC(=O)/C(=N\OC(C)(C)C(=O)O)c2csc(N)n2)C(=O)N1S(=O)(=O)O,CHEMBL4028874,J Med Chem,2017.0,CHEMBL158,AZTREONAM,CHEMBL158,0,http://www.openphacts.org/units/Nanomolar,3009676,=,1,1,=,MIC,nM,100.0,CHEMBL351,Salmonella enterica,Salmonella typhimurium,90371.0,,MIC,uM,UO_0000065,0.1,CHEMBL158,C[C@H]1[C@H](NC(=O)/C(=N\OC(C)(C)C(=O)O)c2csc(N)n2)C(=O)N1S(=O)(=O)O,12.562141912320484,12.562141912320484,0.0349535856009066,-4.756268639419342,0.174788224513646,20.5,435.44000000000017,418.30400000000014,435.051854504,154,0,0.3620751467724121,-0.4782270320177159,0.4782270320177159,0.3620751467724121,1.4642857142857142,2.071428571428572,2.5,32.24529764273617,10.00401161573638,2.513331128805475,-2.416338874010568,2.230948535260857,-2.707807208919476,7.836563836647012,-0.1608446168429468,2.971847309732629,2.2592762983237704,953.8851353067348,21.43879310982592,14.8114553779692,16.444448539824652,12.752743308167698,7.578995896792942,9.855612118054724,6.221230582074894,8.399971119282888,3.730567932227123,5.414072402778615,2.1128455580549623,3.54351374163482,-2.78,690205.5939907836,21.519292322605008,7.325918985638601,4.204134383579708,162.59031069995737,20.994572059745856,11.735768823996422,10.843243482610037,5.601050810983688,11.814359458703011,16.27347016397548,14.141824241834009,14.083731696315263,8.417796984328938,11.336785877934735,5.15571272675054,20.771211599071872,5.380062770465915,6.041840829147961,37.29827438881211,50.26785898322327,0.0,14.605983116249774,5.15571272675054,38.455944068351485,5.733667477162185,11.073990765314376,0.0,0.0,11.050456081168516,5.131558479839333,0.0,11.336785877934735,68.54635098380861,29.525365011975733,0.0,26.46513959392033,10.535775497216456,0.0,0.0,0.0,201.58,51.4842470947288,22.801408536544404,0.0,15.130702465984026,0.0,11.336785877934735,26.151274369537788,0.0,0.0,15.456479851704078,20.23053332942989,31.44978820569469,0.9796905422586336,44.39737831563419,16.334751159546904,3.256457088644816,-3.375611656986792,-2.3123389733980013,0.0,3.692820624691566,-4.756268639419342,0.4615384615384615,28,5,13,0,1,1,0,1,1,10,4,15,7,0,1,1,2,-1.172499999999998,95.65050000000004,1,0,0,1,0,1,0,0,1,1,3,2,0,0,0,3,1,1,0,0,0,0,0,0,0,0,0,2,0,1,0,0,0,0,0,0,0,0,0,0,0,0,0,0,0,0,0,0,0,0,0,0,0,1,0,0,0,0,0,0,0,0,0,1,0,0,0,0,0,0,0,0,0,0,0,0,0,0,0,0,1,0,0,0,0,28901.0,Salmonella enterica,Bacteria
116533,,18143561,CHEMBL4031798,Antibacterial activity against Salmonella typhimurium ATCC 13311 after 18 hrs by broth microdilution method,F,BAO_0002146,BAO_0000019,assay format,C[C@H]1[C@H](NC(=O)/C(=N\OC(C)(C)C(=O)O)c2csc(N)n2)C(=O)N1S(=O)(=O)O,CHEMBL4028874,J Med Chem,2017.0,CHEMBL158,AZTREONAM,CHEMBL158,0,http://www.openphacts.org/units/Nanomolar,3009676,=,1,1,=,MIC,nM,100.0,CHEMBL351,Salmonella enterica,Salmonella typhimurium,90371.0,,MIC,uM,UO_0000065,0.1,CHEMBL158,C[C@H]1[C@H](NC(=O)/C(=N\OC(C)(C)C(=O)O)c2csc(N)n2)C(=O)N1S(=O)(=O)O,12.562141912320484,12.562141912320484,0.0349535856009066,-4.756268639419342,0.174788224513646,20.5,435.44000000000017,418.30400000000014,435.051854504,154,0,0.3620751467724121,-0.4782270320177159,0.4782270320177159,0.3620751467724121,1.4642857142857142,2.071428571428572,2.5,32.24529764273617,10.00401161573638,2.513331128805475,-2.416338874010568,2.230948535260857,-2.707807208919476,7.836563836647012,-0.1608446168429468,2.971847309732629,2.2592762983237704,953.8851353067348,21.43879310982592,14.8114553779692,16.444448539824652,12.752743308167698,7.578995896792942,9.855612118054724,6.221230582074894,8.399971119282888,3.730567932227123,5.414072402778615,2.1128455580549623,3.54351374163482,-2.78,690205.5939907836,21.519292322605008,7.325918985638601,4.204134383579708,162.59031069995737,20.994572059745856,11.735768823996422,10.843243482610037,5.601050810983688,11.814359458703011,16.27347016397548,14.141824241834009,14.083731696315263,8.417796984328938,11.336785877934735,5.15571272675054,20.771211599071872,5.380062770465915,6.041840829147961,37.29827438881211,50.26785898322327,0.0,14.605983116249774,5.15571272675054,38.455944068351485,5.733667477162185,11.073990765314376,0.0,0.0,11.050456081168516,5.131558479839333,0.0,11.336785877934735,68.54635098380861,29.525365011975733,0.0,26.46513959392033,10.535775497216456,0.0,0.0,0.0,201.58,51.4842470947288,22.801408536544404,0.0,15.130702465984026,0.0,11.336785877934735,26.151274369537788,0.0,0.0,15.456479851704078,20.23053332942989,31.44978820569469,0.9796905422586336,44.39737831563419,16.334751159546904,3.256457088644816,-3.375611656986792,-2.3123389733980013,0.0,3.692820624691566,-4.756268639419342,0.4615384615384615,28,5,13,0,1,1,0,1,1,10,4,15,7,0,1,1,2,-1.172499999999998,95.65050000000004,1,0,0,1,0,1,0,0,1,1,3,2,0,0,0,3,1,1,0,0,0,0,0,0,0,0,0,2,0,1,0,0,0,0,0,0,0,0,0,0,0,0,0,0,0,0,0,0,0,0,0,0,0,1,0,0,0,0,0,0,0,0,0,1,0,0,0,0,0,0,0,0,0,0,0,0,0,0,0,0,1,0,0,0,0,28901.0,Salmonella enterica,Bacteria
116533,,18143561,CHEMBL4031798,Antibacterial activity against Salmonella typhimurium ATCC 13311 after 18 hrs by broth microdilution method,F,BAO_0002146,BAO_0000019,assay format,C[C@H]1[C@H](NC(=O)/C(=N\OC(C)(C)C(=O)O)c2csc(N)n2)C(=O)N1S(=O)(=O)O,CHEMBL4028874,J Med Chem,2017.0,CHEMBL158,AZTREONAM,CHEMBL158,0,http://www.openphacts.org/units/Nanomolar,3009676,=,1,1,=,MIC,nM,100.0,CHEMBL351,Salmonella enterica,Salmonella typhimurium,90371.0,,MIC,uM,UO_0000065,0.1,CHEMBL158,C[C@H]1[C@H](NC(=O)/C(=N\OC(C)(C)C(=O)O)c2csc(N)n2)C(=O)N1S(=O)(=O)O,12.562141912320484,12.562141912320484,0.0349535856009066,-4.756268639419342,0.174788224513646,20.5,435.44000000000017,418.30400000000014,435.051854504,154,0,0.3620751467724121,-0.4782270320177159,0.4782270320177159,0.3620751467724121,1.4642857142857142,2.071428571428572,2.5,32.24529764273617,10.00401161573638,2.513331128805475,-2.416338874010568,2.230948535260857,-2.707807208919476,7.836563836647012,-0.1608446168429468,2.971847309732629,2.2592762983237704,953.8851353067348,21.43879310982592,14.8114553779692,16.444448539824652,12.752743308167698,7.578995896792942,9.855612118054724,6.221230582074894,8.399971119282888,3.730567932227123,5.414072402778615,2.1128455580549623,3.54351374163482,-2.78,690205.5939907836,21.519292322605008,7.325918985638601,4.204134383579708,162.59031069995737,20.994572059745856,11.735768823996422,10.843243482610037,5.601050810983688,11.814359458703011,16.27347016397548,14.141824241834009,14.083731696315263,8.417796984328938,11.336785877934735,5.15571272675054,20.771211599071872,5.380062770465915,6.041840829147961,37.29827438881211,50.26785898322327,0.0,14.605983116249774,5.15571272675054,38.455944068351485,5.733667477162185,11.073990765314376,0.0,0.0,11.050456081168516,5.131558479839333,0.0,11.336785877934735,68.54635098380861,29.525365011975733,0.0,26.46513959392033,10.535775497216456,0.0,0.0,0.0,201.58,51.4842470947288,22.801408536544404,0.0,15.130702465984026,0.0,11.336785877934735,26.151274369537788,0.0,0.0,15.456479851704078,20.23053332942989,31.44978820569469,0.9796905422586336,44.39737831563419,16.334751159546904,3.256457088644816,-3.375611656986792,-2.3123389733980013,0.0,3.692820624691566,-4.756268639419342,0.4615384615384615,28,5,13,0,1,1,0,1,1,10,4,15,7,0,1,1,2,-1.172499999999998,95.65050000000004,1,0,0,1,0,1,0,0,1,1,3,2,0,0,0,3,1,1,0,0,0,0,0,0,0,0,0,2,0,1,0,0,0,0,0,0,0,0,0,0,0,0,0,0,0,0,0,0,0,0,0,0,0,1,0,0,0,0,0,0,0,0,0,1,0,0,0,0,0,0,0,0,0,0,0,0,0,0,0,0,1,0,0,0,0,28901.0,Salmonella enterica,Bacteria
116533,,18143561,CHEMBL4031798,Antibacterial activity against Salmonella typhimurium ATCC 13311 after 18 hrs by broth microdilution method,F,BAO_0002146,BAO_0000019,assay format,C[C@H]1[C@H](NC(=O)/C(=N\OC(C)(C)C(=O)O)c2csc(N)n2)C(=O)N1S(=O)(=O)O,CHEMBL4028874,J Med Chem,2017.0,CHEMBL158,AZTREONAM,CHEMBL158,0,http://www.openphacts.org/units/Nanomolar,3009676,=,1,1,=,MIC,nM,100.0,CHEMBL351,Salmonella enterica,Salmonella typhimurium,90371.0,,MIC,uM,UO_0000065,0.1,CHEMBL158,C[C@H]1[C@H](NC(=O)/C(=N\OC(C)(C)C(=O)O)c2csc(N)n2)C(=O)N1S(=O)(=O)O,12.562141912320484,12.562141912320484,0.0349535856009066,-4.756268639419342,0.174788224513646,20.5,435.44000000000017,418.30400000000014,435.051854504,154,0,0.3620751467724121,-0.4782270320177159,0.4782270320177159,0.3620751467724121,1.4642857142857142,2.071428571428572,2.5,32.24529764273617,10.00401161573638,2.513331128805475,-2.416338874010568,2.230948535260857,-2.707807208919476,7.836563836647012,-0.1608446168429468,2.971847309732629,2.2592762983237704,953.8851353067348,21.43879310982592,14.8114553779692,16.444448539824652,12.752743308167698,7.578995896792942,9.855612118054724,6.221230582074894,8.399971119282888,3.730567932227123,5.414072402778615,2.1128455580549623,3.54351374163482,-2.78,690205.5939907836,21.519292322605008,7.325918985638601,4.204134383579708,162.59031069995737,20.994572059745856,11.735768823996422,10.843243482610037,5.601050810983688,11.814359458703011,16.27347016397548,14.141824241834009,14.083731696315263,8.417796984328938,11.336785877934735,5.15571272675054,20.771211599071872,5.380062770465915,6.041840829147961,37.29827438881211,50.26785898322327,0.0,14.605983116249774,5.15571272675054,38.455944068351485,5.733667477162185,11.073990765314376,0.0,0.0,11.050456081168516,5.131558479839333,0.0,11.336785877934735,68.54635098380861,29.525365011975733,0.0,26.46513959392033,10.535775497216456,0.0,0.0,0.0,201.58,51.4842470947288,22.801408536544404,0.0,15.130702465984026,0.0,11.336785877934735,26.151274369537788,0.0,0.0,15.456479851704078,20.23053332942989,31.44978820569469,0.9796905422586336,44.39737831563419,16.334751159546904,3.256457088644816,-3.375611656986792,-2.3123389733980013,0.0,3.692820624691566,-4.756268639419342,0.4615384615384615,28,5,13,0,1,1,0,1,1,10,4,15,7,0,1,1,2,-1.172499999999998,95.65050000000004,1,0,0,1,0,1,0,0,1,1,3,2,0,0,0,3,1,1,0,0,0,0,0,0,0,0,0,2,0,1,0,0,0,0,0,0,0,0,0,0,0,0,0,0,0,0,0,0,0,0,0,0,0,1,0,0,0,0,0,0,0,0,0,1,0,0,0,0,0,0,0,0,0,0,0,0,0,0,0,0,1,0,0,0,0,28901.0,Salmonella enterica,Bacteria
116533,,18143561,CHEMBL4031798,Antibacterial activity against Salmonella typhimurium ATCC 13311 after 18 hrs by broth microdilution method,F,BAO_0002146,BAO_0000019,assay format,C[C@H]1[C@H](NC(=O)/C(=N\OC(C)(C)C(=O)O)c2csc(N)n2)C(=O)N1S(=O)(=O)O,CHEMBL4028874,J Med Chem,2017.0,CHEMBL158,AZTREONAM,CHEMBL158,0,http://www.openphacts.org/units/Nanomolar,3009676,=,1,1,=,MIC,nM,100.0,CHEMBL351,Salmonella enterica,Salmonella typhimurium,90371.0,,MIC,uM,UO_0000065,0.1,CHEMBL158,C[C@H]1[C@H](NC(=O)/C(=N\OC(C)(C)C(=O)O)c2csc(N)n2)C(=O)N1S(=O)(=O)O,12.562141912320484,12.562141912320484,0.0349535856009066,-4.756268639419342,0.174788224513646,20.5,435.44000000000017,418.30400000000014,435.051854504,154,0,0.3620751467724121,-0.4782270320177159,0.4782270320177159,0.3620751467724121,1.4642857142857142,2.071428571428572,2.5,32.24529764273617,10.00401161573638,2.513331128805475,-2.416338874010568,2.230948535260857,-2.707807208919476,7.836563836647012,-0.1608446168429468,2.971847309732629,2.2592762983237704,953.8851353067348,21.43879310982592,14.8114553779692,16.444448539824652,12.752743308167698,7.578995896792942,9.855612118054724,6.221230582074894,8.399971119282888,3.730567932227123,5.414072402778615,2.1128455580549623,3.54351374163482,-2.78,690205.5939907836,21.519292322605008,7.325918985638601,4.204134383579708,162.59031069995737,20.994572059745856,11.735768823996422,10.843243482610037,5.601050810983688,11.814359458703011,16.27347016397548,14.141824241834009,14.083731696315263,8.417796984328938,11.336785877934735,5.15571272675054,20.771211599071872,5.380062770465915,6.041840829147961,37.29827438881211,50.26785898322327,0.0,14.605983116249774,5.15571272675054,38.455944068351485,5.733667477162185,11.073990765314376,0.0,0.0,11.050456081168516,5.131558479839333,0.0,11.336785877934735,68.54635098380861,29.525365011975733,0.0,26.46513959392033,10.535775497216456,0.0,0.0,0.0,201.58,51.4842470947288,22.801408536544404,0.0,15.130702465984026,0.0,11.336785877934735,26.151274369537788,0.0,0.0,15.456479851704078,20.23053332942989,31.44978820569469,0.9796905422586336,44.39737831563419,16.334751159546904,3.256457088644816,-3.375611656986792,-2.3123389733980013,0.0,3.692820624691566,-4.756268639419342,0.4615384615384615,28,5,13,0,1,1,0,1,1,10,4,15,7,0,1,1,2,-1.172499999999998,95.65050000000004,1,0,0,1,0,1,0,0,1,1,3,2,0,0,0,3,1,1,0,0,0,0,0,0,0,0,0,2,0,1,0,0,0,0,0,0,0,0,0,0,0,0,0,0,0,0,0,0,0,0,0,0,0,1,0,0,0,0,0,0,0,0,0,1,0,0,0,0,0,0,0,0,0,0,0,0,0,0,0,0,1,0,0,0,0,28901.0,Salmonella enterica,Bacteria
116534,,18143562,CHEMBL4031799,Antibacterial activity against Enterobacter aerogenes X816 after 18 hrs by broth microdilution method,F,BAO_0002146,BAO_0000019,assay format,C[C@H]1[C@H](NC(=O)/C(=N\OC(C)(C)C(=O)O)c2csc(N)n2)C(=O)N1S(=O)(=O)O,CHEMBL4028874,J Med Chem,2017.0,CHEMBL158,AZTREONAM,CHEMBL158,0,http://www.openphacts.org/units/Nanomolar,3009676,=,1,1,=,MIC,nM,200.0,CHEMBL612508,Klebsiella aerogenes,Klebsiella aerogenes,548.0,,MIC,uM,UO_0000065,0.2,CHEMBL158,C[C@H]1[C@H](NC(=O)/C(=N\OC(C)(C)C(=O)O)c2csc(N)n2)C(=O)N1S(=O)(=O)O,12.562141912320484,12.562141912320484,0.0349535856009066,-4.756268639419342,0.174788224513646,20.5,435.44000000000017,418.30400000000014,435.051854504,154,0,0.3620751467724121,-0.4782270320177159,0.4782270320177159,0.3620751467724121,1.4642857142857142,2.071428571428572,2.5,32.24529764273617,10.00401161573638,2.513331128805475,-2.416338874010568,2.230948535260857,-2.707807208919476,7.836563836647012,-0.1608446168429468,2.971847309732629,2.2592762983237704,953.8851353067348,21.43879310982592,14.8114553779692,16.444448539824652,12.752743308167698,7.578995896792942,9.855612118054724,6.221230582074894,8.399971119282888,3.730567932227123,5.414072402778615,2.1128455580549623,3.54351374163482,-2.78,690205.5939907836,21.519292322605008,7.325918985638601,4.204134383579708,162.59031069995737,20.994572059745856,11.735768823996422,10.843243482610037,5.601050810983688,11.814359458703011,16.27347016397548,14.141824241834009,14.083731696315263,8.417796984328938,11.336785877934735,5.15571272675054,20.771211599071872,5.380062770465915,6.041840829147961,37.29827438881211,50.26785898322327,0.0,14.605983116249774,5.15571272675054,38.455944068351485,5.733667477162185,11.073990765314376,0.0,0.0,11.050456081168516,5.131558479839333,0.0,11.336785877934735,68.54635098380861,29.525365011975733,0.0,26.46513959392033,10.535775497216456,0.0,0.0,0.0,201.58,51.4842470947288,22.801408536544404,0.0,15.130702465984026,0.0,11.336785877934735,26.151274369537788,0.0,0.0,15.456479851704078,20.23053332942989,31.44978820569469,0.9796905422586336,44.39737831563419,16.334751159546904,3.256457088644816,-3.375611656986792,-2.3123389733980013,0.0,3.692820624691566,-4.756268639419342,0.4615384615384615,28,5,13,0,1,1,0,1,1,10,4,15,7,0,1,1,2,-1.172499999999998,95.65050000000004,1,0,0,1,0,1,0,0,1,1,3,2,0,0,0,3,1,1,0,0,0,0,0,0,0,0,0,2,0,1,0,0,0,0,0,0,0,0,0,0,0,0,0,0,0,0,0,0,0,0,0,0,0,1,0,0,0,0,0,0,0,0,0,1,0,0,0,0,0,0,0,0,0,0,0,0,0,0,0,0,1,0,0,0,0,548.0,Klebsiella aerogenes,Bacteria
116535,,18143563,CHEMBL4031800,Antibacterial activity against Citrobacter freundii ATCC 29063 after 18 hrs by broth microdilution method,F,BAO_0002146,BAO_0000019,assay format,C[C@H]1[C@H](NC(=O)/C(=N\OC(C)(C)C(=O)O)c2csc(N)n2)C(=O)N1S(=O)(=O)O,CHEMBL4028874,J Med Chem,2017.0,CHEMBL158,AZTREONAM,CHEMBL158,0,http://www.openphacts.org/units/Nanomolar,3009676,=,1,1,=,MIC,nM,100.0,CHEMBL612615,Citrobacter freundii,Citrobacter freundii,546.0,,MIC,uM,UO_0000065,0.1,CHEMBL158,C[C@H]1[C@H](NC(=O)/C(=N\OC(C)(C)C(=O)O)c2csc(N)n2)C(=O)N1S(=O)(=O)O,12.562141912320484,12.562141912320484,0.0349535856009066,-4.756268639419342,0.174788224513646,20.5,435.44000000000017,418.30400000000014,435.051854504,154,0,0.3620751467724121,-0.4782270320177159,0.4782270320177159,0.3620751467724121,1.4642857142857142,2.071428571428572,2.5,32.24529764273617,10.00401161573638,2.513331128805475,-2.416338874010568,2.230948535260857,-2.707807208919476,7.836563836647012,-0.1608446168429468,2.971847309732629,2.2592762983237704,953.8851353067348,21.43879310982592,14.8114553779692,16.444448539824652,12.752743308167698,7.578995896792942,9.855612118054724,6.221230582074894,8.399971119282888,3.730567932227123,5.414072402778615,2.1128455580549623,3.54351374163482,-2.78,690205.5939907836,21.519292322605008,7.325918985638601,4.204134383579708,162.59031069995737,20.994572059745856,11.735768823996422,10.843243482610037,5.601050810983688,11.814359458703011,16.27347016397548,14.141824241834009,14.083731696315263,8.417796984328938,11.336785877934735,5.15571272675054,20.771211599071872,5.380062770465915,6.041840829147961,37.29827438881211,50.26785898322327,0.0,14.605983116249774,5.15571272675054,38.455944068351485,5.733667477162185,11.073990765314376,0.0,0.0,11.050456081168516,5.131558479839333,0.0,11.336785877934735,68.54635098380861,29.525365011975733,0.0,26.46513959392033,10.535775497216456,0.0,0.0,0.0,201.58,51.4842470947288,22.801408536544404,0.0,15.130702465984026,0.0,11.336785877934735,26.151274369537788,0.0,0.0,15.456479851704078,20.23053332942989,31.44978820569469,0.9796905422586336,44.39737831563419,16.334751159546904,3.256457088644816,-3.375611656986792,-2.3123389733980013,0.0,3.692820624691566,-4.756268639419342,0.4615384615384615,28,5,13,0,1,1,0,1,1,10,4,15,7,0,1,1,2,-1.172499999999998,95.65050000000004,1,0,0,1,0,1,0,0,1,1,3,2,0,0,0,3,1,1,0,0,0,0,0,0,0,0,0,2,0,1,0,0,0,0,0,0,0,0,0,0,0,0,0,0,0,0,0,0,0,0,0,0,0,1,0,0,0,0,0,0,0,0,0,1,0,0,0,0,0,0,0,0,0,0,0,0,0,0,0,0,1,0,0,0,0,546.0,Citrobacter freundii,Bacteria
116536,,18143564,CHEMBL4031801,Antibacterial activity against Acinetobacter baumannii ATCC 17961 after 18 hrs by broth microdilution method,F,BAO_0002146,BAO_0000019,assay format,C[C@H]1[C@H](NC(=O)/C(=N\OC(C)(C)C(=O)O)c2csc(N)n2)C(=O)N1S(=O)(=O)O,CHEMBL4028874,J Med Chem,2017.0,CHEMBL158,AZTREONAM,CHEMBL158,0,http://www.openphacts.org/units/Nanomolar,3009676,=,1,1,=,MIC,nM,25000.0,CHEMBL614425,Acinetobacter baumannii,Acinetobacter baumannii,470.0,,MIC,uM,UO_0000065,25.0,CHEMBL158,C[C@H]1[C@H](NC(=O)/C(=N\OC(C)(C)C(=O)O)c2csc(N)n2)C(=O)N1S(=O)(=O)O,12.562141912320484,12.562141912320484,0.0349535856009066,-4.756268639419342,0.174788224513646,20.5,435.44000000000017,418.30400000000014,435.051854504,154,0,0.3620751467724121,-0.4782270320177159,0.4782270320177159,0.3620751467724121,1.4642857142857142,2.071428571428572,2.5,32.24529764273617,10.00401161573638,2.513331128805475,-2.416338874010568,2.230948535260857,-2.707807208919476,7.836563836647012,-0.1608446168429468,2.971847309732629,2.2592762983237704,953.8851353067348,21.43879310982592,14.8114553779692,16.444448539824652,12.752743308167698,7.578995896792942,9.855612118054724,6.221230582074894,8.399971119282888,3.730567932227123,5.414072402778615,2.1128455580549623,3.54351374163482,-2.78,690205.5939907836,21.519292322605008,7.325918985638601,4.204134383579708,162.59031069995737,20.994572059745856,11.735768823996422,10.843243482610037,5.601050810983688,11.814359458703011,16.27347016397548,14.141824241834009,14.083731696315263,8.417796984328938,11.336785877934735,5.15571272675054,20.771211599071872,5.380062770465915,6.041840829147961,37.29827438881211,50.26785898322327,0.0,14.605983116249774,5.15571272675054,38.455944068351485,5.733667477162185,11.073990765314376,0.0,0.0,11.050456081168516,5.131558479839333,0.0,11.336785877934735,68.54635098380861,29.525365011975733,0.0,26.46513959392033,10.535775497216456,0.0,0.0,0.0,201.58,51.4842470947288,22.801408536544404,0.0,15.130702465984026,0.0,11.336785877934735,26.151274369537788,0.0,0.0,15.456479851704078,20.23053332942989,31.44978820569469,0.9796905422586336,44.39737831563419,16.334751159546904,3.256457088644816,-3.375611656986792,-2.3123389733980013,0.0,3.692820624691566,-4.756268639419342,0.4615384615384615,28,5,13,0,1,1,0,1,1,10,4,15,7,0,1,1,2,-1.172499999999998,95.65050000000004,1,0,0,1,0,1,0,0,1,1,3,2,0,0,0,3,1,1,0,0,0,0,0,0,0,0,0,2,0,1,0,0,0,0,0,0,0,0,0,0,0,0,0,0,0,0,0,0,0,0,0,0,0,1,0,0,0,0,0,0,0,0,0,1,0,0,0,0,0,0,0,0,0,0,0,0,0,0,0,0,1,0,0,0,0,470.0,Acinetobacter baumannii,Bacteria
116537,,18143565,CHEMBL4031802,Antibacterial activity against Acinetobacter baumannii ATCC BAA 1793 after 18 hrs by broth microdilution method,F,BAO_0002146,BAO_0000019,assay format,C[C@H]1[C@H](NC(=O)/C(=N\OC(C)(C)C(=O)O)c2csc(N)n2)C(=O)N1S(=O)(=O)O,CHEMBL4028874,J Med Chem,2017.0,CHEMBL158,AZTREONAM,CHEMBL158,0,http://www.openphacts.org/units/Nanomolar,3009676,=,1,1,=,MIC,nM,12500.0,CHEMBL614425,Acinetobacter baumannii,Acinetobacter baumannii,470.0,,MIC,uM,UO_0000065,12.5,CHEMBL158,C[C@H]1[C@H](NC(=O)/C(=N\OC(C)(C)C(=O)O)c2csc(N)n2)C(=O)N1S(=O)(=O)O,12.562141912320484,12.562141912320484,0.0349535856009066,-4.756268639419342,0.174788224513646,20.5,435.44000000000017,418.30400000000014,435.051854504,154,0,0.3620751467724121,-0.4782270320177159,0.4782270320177159,0.3620751467724121,1.4642857142857142,2.071428571428572,2.5,32.24529764273617,10.00401161573638,2.513331128805475,-2.416338874010568,2.230948535260857,-2.707807208919476,7.836563836647012,-0.1608446168429468,2.971847309732629,2.2592762983237704,953.8851353067348,21.43879310982592,14.8114553779692,16.444448539824652,12.752743308167698,7.578995896792942,9.855612118054724,6.221230582074894,8.399971119282888,3.730567932227123,5.414072402778615,2.1128455580549623,3.54351374163482,-2.78,690205.5939907836,21.519292322605008,7.325918985638601,4.204134383579708,162.59031069995737,20.994572059745856,11.735768823996422,10.843243482610037,5.601050810983688,11.814359458703011,16.27347016397548,14.141824241834009,14.083731696315263,8.417796984328938,11.336785877934735,5.15571272675054,20.771211599071872,5.380062770465915,6.041840829147961,37.29827438881211,50.26785898322327,0.0,14.605983116249774,5.15571272675054,38.455944068351485,5.733667477162185,11.073990765314376,0.0,0.0,11.050456081168516,5.131558479839333,0.0,11.336785877934735,68.54635098380861,29.525365011975733,0.0,26.46513959392033,10.535775497216456,0.0,0.0,0.0,201.58,51.4842470947288,22.801408536544404,0.0,15.130702465984026,0.0,11.336785877934735,26.151274369537788,0.0,0.0,15.456479851704078,20.23053332942989,31.44978820569469,0.9796905422586336,44.39737831563419,16.334751159546904,3.256457088644816,-3.375611656986792,-2.3123389733980013,0.0,3.692820624691566,-4.756268639419342,0.4615384615384615,28,5,13,0,1,1,0,1,1,10,4,15,7,0,1,1,2,-1.172499999999998,95.65050000000004,1,0,0,1,0,1,0,0,1,1,3,2,0,0,0,3,1,1,0,0,0,0,0,0,0,0,0,2,0,1,0,0,0,0,0,0,0,0,0,0,0,0,0,0,0,0,0,0,0,0,0,0,0,1,0,0,0,0,0,0,0,0,0,1,0,0,0,0,0,0,0,0,0,0,0,0,0,0,0,0,1,0,0,0,0,470.0,Acinetobacter baumannii,Bacteria
116538,,18143566,CHEMBL4031803,Antibacterial activity against Acinetobacter baumannii ATCC BAA 1797 after 18 hrs by broth microdilution method,F,BAO_0002146,BAO_0000019,assay format,C[C@H]1[C@H](NC(=O)/C(=N\OC(C)(C)C(=O)O)c2csc(N)n2)C(=O)N1S(=O)(=O)O,CHEMBL4028874,J Med Chem,2017.0,CHEMBL158,AZTREONAM,CHEMBL158,0,http://www.openphacts.org/units/Nanomolar,3009676,=,1,1,=,MIC,nM,25000.0,CHEMBL614425,Acinetobacter baumannii,Acinetobacter baumannii,470.0,,MIC,uM,UO_0000065,25.0,CHEMBL158,C[C@H]1[C@H](NC(=O)/C(=N\OC(C)(C)C(=O)O)c2csc(N)n2)C(=O)N1S(=O)(=O)O,12.562141912320484,12.562141912320484,0.0349535856009066,-4.756268639419342,0.174788224513646,20.5,435.44000000000017,418.30400000000014,435.051854504,154,0,0.3620751467724121,-0.4782270320177159,0.4782270320177159,0.3620751467724121,1.4642857142857142,2.071428571428572,2.5,32.24529764273617,10.00401161573638,2.513331128805475,-2.416338874010568,2.230948535260857,-2.707807208919476,7.836563836647012,-0.1608446168429468,2.971847309732629,2.2592762983237704,953.8851353067348,21.43879310982592,14.8114553779692,16.444448539824652,12.752743308167698,7.578995896792942,9.855612118054724,6.221230582074894,8.399971119282888,3.730567932227123,5.414072402778615,2.1128455580549623,3.54351374163482,-2.78,690205.5939907836,21.519292322605008,7.325918985638601,4.204134383579708,162.59031069995737,20.994572059745856,11.735768823996422,10.843243482610037,5.601050810983688,11.814359458703011,16.27347016397548,14.141824241834009,14.083731696315263,8.417796984328938,11.336785877934735,5.15571272675054,20.771211599071872,5.380062770465915,6.041840829147961,37.29827438881211,50.26785898322327,0.0,14.605983116249774,5.15571272675054,38.455944068351485,5.733667477162185,11.073990765314376,0.0,0.0,11.050456081168516,5.131558479839333,0.0,11.336785877934735,68.54635098380861,29.525365011975733,0.0,26.46513959392033,10.535775497216456,0.0,0.0,0.0,201.58,51.4842470947288,22.801408536544404,0.0,15.130702465984026,0.0,11.336785877934735,26.151274369537788,0.0,0.0,15.456479851704078,20.23053332942989,31.44978820569469,0.9796905422586336,44.39737831563419,16.334751159546904,3.256457088644816,-3.375611656986792,-2.3123389733980013,0.0,3.692820624691566,-4.756268639419342,0.4615384615384615,28,5,13,0,1,1,0,1,1,10,4,15,7,0,1,1,2,-1.172499999999998,95.65050000000004,1,0,0,1,0,1,0,0,1,1,3,2,0,0,0,3,1,1,0,0,0,0,0,0,0,0,0,2,0,1,0,0,0,0,0,0,0,0,0,0,0,0,0,0,0,0,0,0,0,0,0,0,0,1,0,0,0,0,0,0,0,0,0,1,0,0,0,0,0,0,0,0,0,0,0,0,0,0,0,0,1,0,0,0,0,470.0,Acinetobacter baumannii,Bacteria
116539,,18143567,CHEMBL4031804,Antibacterial activity against Acinetobacter baumannii ATCC BAA 1800 after 18 hrs by broth microdilution method,F,BAO_0002146,BAO_0000019,assay format,C[C@H]1[C@H](NC(=O)/C(=N\OC(C)(C)C(=O)O)c2csc(N)n2)C(=O)N1S(=O)(=O)O,CHEMBL4028874,J Med Chem,2017.0,CHEMBL158,AZTREONAM,CHEMBL158,0,http://www.openphacts.org/units/Nanomolar,3009676,=,1,1,=,MIC,nM,12500.0,CHEMBL614425,Acinetobacter baumannii,Acinetobacter baumannii,470.0,,MIC,uM,UO_0000065,12.5,CHEMBL158,C[C@H]1[C@H](NC(=O)/C(=N\OC(C)(C)C(=O)O)c2csc(N)n2)C(=O)N1S(=O)(=O)O,12.562141912320484,12.562141912320484,0.0349535856009066,-4.756268639419342,0.174788224513646,20.5,435.44000000000017,418.30400000000014,435.051854504,154,0,0.3620751467724121,-0.4782270320177159,0.4782270320177159,0.3620751467724121,1.4642857142857142,2.071428571428572,2.5,32.24529764273617,10.00401161573638,2.513331128805475,-2.416338874010568,2.230948535260857,-2.707807208919476,7.836563836647012,-0.1608446168429468,2.971847309732629,2.2592762983237704,953.8851353067348,21.43879310982592,14.8114553779692,16.444448539824652,12.752743308167698,7.578995896792942,9.855612118054724,6.221230582074894,8.399971119282888,3.730567932227123,5.414072402778615,2.1128455580549623,3.54351374163482,-2.78,690205.5939907836,21.519292322605008,7.325918985638601,4.204134383579708,162.59031069995737,20.994572059745856,11.735768823996422,10.843243482610037,5.601050810983688,11.814359458703011,16.27347016397548,14.141824241834009,14.083731696315263,8.417796984328938,11.336785877934735,5.15571272675054,20.771211599071872,5.380062770465915,6.041840829147961,37.29827438881211,50.26785898322327,0.0,14.605983116249774,5.15571272675054,38.455944068351485,5.733667477162185,11.073990765314376,0.0,0.0,11.050456081168516,5.131558479839333,0.0,11.336785877934735,68.54635098380861,29.525365011975733,0.0,26.46513959392033,10.535775497216456,0.0,0.0,0.0,201.58,51.4842470947288,22.801408536544404,0.0,15.130702465984026,0.0,11.336785877934735,26.151274369537788,0.0,0.0,15.456479851704078,20.23053332942989,31.44978820569469,0.9796905422586336,44.39737831563419,16.334751159546904,3.256457088644816,-3.375611656986792,-2.3123389733980013,0.0,3.692820624691566,-4.756268639419342,0.4615384615384615,28,5,13,0,1,1,0,1,1,10,4,15,7,0,1,1,2,-1.172499999999998,95.65050000000004,1,0,0,1,0,1,0,0,1,1,3,2,0,0,0,3,1,1,0,0,0,0,0,0,0,0,0,2,0,1,0,0,0,0,0,0,0,0,0,0,0,0,0,0,0,0,0,0,0,0,0,0,0,1,0,0,0,0,0,0,0,0,0,1,0,0,0,0,0,0,0,0,0,0,0,0,0,0,0,0,1,0,0,0,0,470.0,Acinetobacter baumannii,Bacteria
116540,,18143568,CHEMBL4031805,Antibacterial activity against clinical isolates of Acinetobacter baumannii ISR14-005 after 18 hrs by broth microdilution method,F,BAO_0002146,BAO_0000019,assay format,C[C@H]1[C@H](NC(=O)/C(=N\OC(C)(C)C(=O)O)c2csc(N)n2)C(=O)N1S(=O)(=O)O,CHEMBL4028874,J Med Chem,2017.0,CHEMBL158,AZTREONAM,CHEMBL158,0,http://www.openphacts.org/units/Nanomolar,3009676,>,1,1,>,MIC,nM,50000.0,CHEMBL614425,Acinetobacter baumannii,Acinetobacter baumannii,470.0,,MIC,uM,UO_0000065,50.0,CHEMBL158,C[C@H]1[C@H](NC(=O)/C(=N\OC(C)(C)C(=O)O)c2csc(N)n2)C(=O)N1S(=O)(=O)O,12.562141912320484,12.562141912320484,0.0349535856009066,-4.756268639419342,0.174788224513646,20.5,435.44000000000017,418.30400000000014,435.051854504,154,0,0.3620751467724121,-0.4782270320177159,0.4782270320177159,0.3620751467724121,1.4642857142857142,2.071428571428572,2.5,32.24529764273617,10.00401161573638,2.513331128805475,-2.416338874010568,2.230948535260857,-2.707807208919476,7.836563836647012,-0.1608446168429468,2.971847309732629,2.2592762983237704,953.8851353067348,21.43879310982592,14.8114553779692,16.444448539824652,12.752743308167698,7.578995896792942,9.855612118054724,6.221230582074894,8.399971119282888,3.730567932227123,5.414072402778615,2.1128455580549623,3.54351374163482,-2.78,690205.5939907836,21.519292322605008,7.325918985638601,4.204134383579708,162.59031069995737,20.994572059745856,11.735768823996422,10.843243482610037,5.601050810983688,11.814359458703011,16.27347016397548,14.141824241834009,14.083731696315263,8.417796984328938,11.336785877934735,5.15571272675054,20.771211599071872,5.380062770465915,6.041840829147961,37.29827438881211,50.26785898322327,0.0,14.605983116249774,5.15571272675054,38.455944068351485,5.733667477162185,11.073990765314376,0.0,0.0,11.050456081168516,5.131558479839333,0.0,11.336785877934735,68.54635098380861,29.525365011975733,0.0,26.46513959392033,10.535775497216456,0.0,0.0,0.0,201.58,51.4842470947288,22.801408536544404,0.0,15.130702465984026,0.0,11.336785877934735,26.151274369537788,0.0,0.0,15.456479851704078,20.23053332942989,31.44978820569469,0.9796905422586336,44.39737831563419,16.334751159546904,3.256457088644816,-3.375611656986792,-2.3123389733980013,0.0,3.692820624691566,-4.756268639419342,0.4615384615384615,28,5,13,0,1,1,0,1,1,10,4,15,7,0,1,1,2,-1.172499999999998,95.65050000000004,1,0,0,1,0,1,0,0,1,1,3,2,0,0,0,3,1,1,0,0,0,0,0,0,0,0,0,2,0,1,0,0,0,0,0,0,0,0,0,0,0,0,0,0,0,0,0,0,0,0,0,0,0,1,0,0,0,0,0,0,0,0,0,1,0,0,0,0,0,0,0,0,0,0,0,0,0,0,0,0,1,0,0,0,0,470.0,Acinetobacter baumannii,Bacteria
116541,,18143569,CHEMBL4031806,Antibacterial activity against clinical isolates of Acinetobacter baumannii ARC 5079 after 18 hrs by broth microdilution method,F,BAO_0002146,BAO_0000019,assay format,C[C@H]1[C@H](NC(=O)/C(=N\OC(C)(C)C(=O)O)c2csc(N)n2)C(=O)N1S(=O)(=O)O,CHEMBL4028874,J Med Chem,2017.0,CHEMBL158,AZTREONAM,CHEMBL158,0,http://www.openphacts.org/units/Nanomolar,3009676,=,1,1,=,MIC,nM,25000.0,CHEMBL614425,Acinetobacter baumannii,Acinetobacter baumannii,470.0,,MIC,uM,UO_0000065,25.0,CHEMBL158,C[C@H]1[C@H](NC(=O)/C(=N\OC(C)(C)C(=O)O)c2csc(N)n2)C(=O)N1S(=O)(=O)O,12.562141912320484,12.562141912320484,0.0349535856009066,-4.756268639419342,0.174788224513646,20.5,435.44000000000017,418.30400000000014,435.051854504,154,0,0.3620751467724121,-0.4782270320177159,0.4782270320177159,0.3620751467724121,1.4642857142857142,2.071428571428572,2.5,32.24529764273617,10.00401161573638,2.513331128805475,-2.416338874010568,2.230948535260857,-2.707807208919476,7.836563836647012,-0.1608446168429468,2.971847309732629,2.2592762983237704,953.8851353067348,21.43879310982592,14.8114553779692,16.444448539824652,12.752743308167698,7.578995896792942,9.855612118054724,6.221230582074894,8.399971119282888,3.730567932227123,5.414072402778615,2.1128455580549623,3.54351374163482,-2.78,690205.5939907836,21.519292322605008,7.325918985638601,4.204134383579708,162.59031069995737,20.994572059745856,11.735768823996422,10.843243482610037,5.601050810983688,11.814359458703011,16.27347016397548,14.141824241834009,14.083731696315263,8.417796984328938,11.336785877934735,5.15571272675054,20.771211599071872,5.380062770465915,6.041840829147961,37.29827438881211,50.26785898322327,0.0,14.605983116249774,5.15571272675054,38.455944068351485,5.733667477162185,11.073990765314376,0.0,0.0,11.050456081168516,5.131558479839333,0.0,11.336785877934735,68.54635098380861,29.525365011975733,0.0,26.46513959392033,10.535775497216456,0.0,0.0,0.0,201.58,51.4842470947288,22.801408536544404,0.0,15.130702465984026,0.0,11.336785877934735,26.151274369537788,0.0,0.0,15.456479851704078,20.23053332942989,31.44978820569469,0.9796905422586336,44.39737831563419,16.334751159546904,3.256457088644816,-3.375611656986792,-2.3123389733980013,0.0,3.692820624691566,-4.756268639419342,0.4615384615384615,28,5,13,0,1,1,0,1,1,10,4,15,7,0,1,1,2,-1.172499999999998,95.65050000000004,1,0,0,1,0,1,0,0,1,1,3,2,0,0,0,3,1,1,0,0,0,0,0,0,0,0,0,2,0,1,0,0,0,0,0,0,0,0,0,0,0,0,0,0,0,0,0,0,0,0,0,0,0,1,0,0,0,0,0,0,0,0,0,1,0,0,0,0,0,0,0,0,0,0,0,0,0,0,0,0,1,0,0,0,0,470.0,Acinetobacter baumannii,Bacteria
116542,,18143570,CHEMBL4031807,Antibacterial activity against carbapenemase producing Acinetobacter baumannii ATCC 17978-PNT-165 after 18 hrs by broth microdilution method,F,BAO_0002146,BAO_0000019,assay format,C[C@H]1[C@H](NC(=O)/C(=N\OC(C)(C)C(=O)O)c2csc(N)n2)C(=O)N1S(=O)(=O)O,CHEMBL4028874,J Med Chem,2017.0,CHEMBL158,AZTREONAM,CHEMBL158,0,http://www.openphacts.org/units/Nanomolar,3009676,=,1,1,=,MIC,nM,12500.0,CHEMBL614425,Acinetobacter baumannii,Acinetobacter baumannii,470.0,,MIC,uM,UO_0000065,12.5,CHEMBL158,C[C@H]1[C@H](NC(=O)/C(=N\OC(C)(C)C(=O)O)c2csc(N)n2)C(=O)N1S(=O)(=O)O,12.562141912320484,12.562141912320484,0.0349535856009066,-4.756268639419342,0.174788224513646,20.5,435.44000000000017,418.30400000000014,435.051854504,154,0,0.3620751467724121,-0.4782270320177159,0.4782270320177159,0.3620751467724121,1.4642857142857142,2.071428571428572,2.5,32.24529764273617,10.00401161573638,2.513331128805475,-2.416338874010568,2.230948535260857,-2.707807208919476,7.836563836647012,-0.1608446168429468,2.971847309732629,2.2592762983237704,953.8851353067348,21.43879310982592,14.8114553779692,16.444448539824652,12.752743308167698,7.578995896792942,9.855612118054724,6.221230582074894,8.399971119282888,3.730567932227123,5.414072402778615,2.1128455580549623,3.54351374163482,-2.78,690205.5939907836,21.519292322605008,7.325918985638601,4.204134383579708,162.59031069995737,20.994572059745856,11.735768823996422,10.843243482610037,5.601050810983688,11.814359458703011,16.27347016397548,14.141824241834009,14.083731696315263,8.417796984328938,11.336785877934735,5.15571272675054,20.771211599071872,5.380062770465915,6.041840829147961,37.29827438881211,50.26785898322327,0.0,14.605983116249774,5.15571272675054,38.455944068351485,5.733667477162185,11.073990765314376,0.0,0.0,11.050456081168516,5.131558479839333,0.0,11.336785877934735,68.54635098380861,29.525365011975733,0.0,26.46513959392033,10.535775497216456,0.0,0.0,0.0,201.58,51.4842470947288,22.801408536544404,0.0,15.130702465984026,0.0,11.336785877934735,26.151274369537788,0.0,0.0,15.456479851704078,20.23053332942989,31.44978820569469,0.9796905422586336,44.39737831563419,16.334751159546904,3.256457088644816,-3.375611656986792,-2.3123389733980013,0.0,3.692820624691566,-4.756268639419342,0.4615384615384615,28,5,13,0,1,1,0,1,1,10,4,15,7,0,1,1,2,-1.172499999999998,95.65050000000004,1,0,0,1,0,1,0,0,1,1,3,2,0,0,0,3,1,1,0,0,0,0,0,0,0,0,0,2,0,1,0,0,0,0,0,0,0,0,0,0,0,0,0,0,0,0,0,0,0,0,0,0,0,1,0,0,0,0,0,0,0,0,0,1,0,0,0,0,0,0,0,0,0,0,0,0,0,0,0,0,1,0,0,0,0,470.0,Acinetobacter baumannii,Bacteria
116543,,18143571,CHEMBL4031808,Antibacterial activity against cephalosporinase producing Acinetobacter baumannii ATCC 17978-PNT-320 after 18 hrs by broth microdilution method,F,BAO_0002146,BAO_0000019,assay format,C[C@H]1[C@H](NC(=O)/C(=N\OC(C)(C)C(=O)O)c2csc(N)n2)C(=O)N1S(=O)(=O)O,CHEMBL4028874,J Med Chem,2017.0,CHEMBL158,AZTREONAM,CHEMBL158,0,http://www.openphacts.org/units/Nanomolar,3009676,=,1,1,=,MIC,nM,50000.0,CHEMBL614425,Acinetobacter baumannii,Acinetobacter baumannii,470.0,,MIC,uM,UO_0000065,50.0,CHEMBL158,C[C@H]1[C@H](NC(=O)/C(=N\OC(C)(C)C(=O)O)c2csc(N)n2)C(=O)N1S(=O)(=O)O,12.562141912320484,12.562141912320484,0.0349535856009066,-4.756268639419342,0.174788224513646,20.5,435.44000000000017,418.30400000000014,435.051854504,154,0,0.3620751467724121,-0.4782270320177159,0.4782270320177159,0.3620751467724121,1.4642857142857142,2.071428571428572,2.5,32.24529764273617,10.00401161573638,2.513331128805475,-2.416338874010568,2.230948535260857,-2.707807208919476,7.836563836647012,-0.1608446168429468,2.971847309732629,2.2592762983237704,953.8851353067348,21.43879310982592,14.8114553779692,16.444448539824652,12.752743308167698,7.578995896792942,9.855612118054724,6.221230582074894,8.399971119282888,3.730567932227123,5.414072402778615,2.1128455580549623,3.54351374163482,-2.78,690205.5939907836,21.519292322605008,7.325918985638601,4.204134383579708,162.59031069995737,20.994572059745856,11.735768823996422,10.843243482610037,5.601050810983688,11.814359458703011,16.27347016397548,14.141824241834009,14.083731696315263,8.417796984328938,11.336785877934735,5.15571272675054,20.771211599071872,5.380062770465915,6.041840829147961,37.29827438881211,50.26785898322327,0.0,14.605983116249774,5.15571272675054,38.455944068351485,5.733667477162185,11.073990765314376,0.0,0.0,11.050456081168516,5.131558479839333,0.0,11.336785877934735,68.54635098380861,29.525365011975733,0.0,26.46513959392033,10.535775497216456,0.0,0.0,0.0,201.58,51.4842470947288,22.801408536544404,0.0,15.130702465984026,0.0,11.336785877934735,26.151274369537788,0.0,0.0,15.456479851704078,20.23053332942989,31.44978820569469,0.9796905422586336,44.39737831563419,16.334751159546904,3.256457088644816,-3.375611656986792,-2.3123389733980013,0.0,3.692820624691566,-4.756268639419342,0.4615384615384615,28,5,13,0,1,1,0,1,1,10,4,15,7,0,1,1,2,-1.172499999999998,95.65050000000004,1,0,0,1,0,1,0,0,1,1,3,2,0,0,0,3,1,1,0,0,0,0,0,0,0,0,0,2,0,1,0,0,0,0,0,0,0,0,0,0,0,0,0,0,0,0,0,0,0,0,0,0,0,1,0,0,0,0,0,0,0,0,0,1,0,0,0,0,0,0,0,0,0,0,0,0,0,0,0,0,1,0,0,0,0,470.0,Acinetobacter baumannii,Bacteria
116545,,18143573,CHEMBL4031812,Antibacterial activity against clinical isolates of Pseudomonas aeruginosa ISR-14-003 after 18 hrs in presence of tazobactam by broth microdilution method,F,BAO_0002146,BAO_0000019,assay format,C[C@H]1[C@H](NC(=O)/C(=N\OC(C)(C)C(=O)O)c2csc(N)n2)C(=O)N1S(=O)(=O)O,CHEMBL4028874,J Med Chem,2017.0,CHEMBL158,AZTREONAM,CHEMBL158,0,http://www.openphacts.org/units/Nanomolar,3009676,=,1,1,=,MIC,nM,3000.0,CHEMBL348,Pseudomonas aeruginosa,Pseudomonas aeruginosa,287.0,,MIC,uM,UO_0000065,3.0,CHEMBL158,C[C@H]1[C@H](NC(=O)/C(=N\OC(C)(C)C(=O)O)c2csc(N)n2)C(=O)N1S(=O)(=O)O,12.562141912320484,12.562141912320484,0.0349535856009066,-4.756268639419342,0.174788224513646,20.5,435.44000000000017,418.30400000000014,435.051854504,154,0,0.3620751467724121,-0.4782270320177159,0.4782270320177159,0.3620751467724121,1.4642857142857142,2.071428571428572,2.5,32.24529764273617,10.00401161573638,2.513331128805475,-2.416338874010568,2.230948535260857,-2.707807208919476,7.836563836647012,-0.1608446168429468,2.971847309732629,2.2592762983237704,953.8851353067348,21.43879310982592,14.8114553779692,16.444448539824652,12.752743308167698,7.578995896792942,9.855612118054724,6.221230582074894,8.399971119282888,3.730567932227123,5.414072402778615,2.1128455580549623,3.54351374163482,-2.78,690205.5939907836,21.519292322605008,7.325918985638601,4.204134383579708,162.59031069995737,20.994572059745856,11.735768823996422,10.843243482610037,5.601050810983688,11.814359458703011,16.27347016397548,14.141824241834009,14.083731696315263,8.417796984328938,11.336785877934735,5.15571272675054,20.771211599071872,5.380062770465915,6.041840829147961,37.29827438881211,50.26785898322327,0.0,14.605983116249774,5.15571272675054,38.455944068351485,5.733667477162185,11.073990765314376,0.0,0.0,11.050456081168516,5.131558479839333,0.0,11.336785877934735,68.54635098380861,29.525365011975733,0.0,26.46513959392033,10.535775497216456,0.0,0.0,0.0,201.58,51.4842470947288,22.801408536544404,0.0,15.130702465984026,0.0,11.336785877934735,26.151274369537788,0.0,0.0,15.456479851704078,20.23053332942989,31.44978820569469,0.9796905422586336,44.39737831563419,16.334751159546904,3.256457088644816,-3.375611656986792,-2.3123389733980013,0.0,3.692820624691566,-4.756268639419342,0.4615384615384615,28,5,13,0,1,1,0,1,1,10,4,15,7,0,1,1,2,-1.172499999999998,95.65050000000004,1,0,0,1,0,1,0,0,1,1,3,2,0,0,0,3,1,1,0,0,0,0,0,0,0,0,0,2,0,1,0,0,0,0,0,0,0,0,0,0,0,0,0,0,0,0,0,0,0,0,0,0,0,1,0,0,0,0,0,0,0,0,0,1,0,0,0,0,0,0,0,0,0,0,0,0,0,0,0,0,1,0,0,0,0,287.0,Pseudomonas aeruginosa,Bacteria
116545,,18143573,CHEMBL4031812,Antibacterial activity against clinical isolates of Pseudomonas aeruginosa ISR-14-003 after 18 hrs in presence of tazobactam by broth microdilution method,F,BAO_0002146,BAO_0000019,assay format,C[C@H]1[C@H](NC(=O)/C(=N\OC(C)(C)C(=O)O)c2csc(N)n2)C(=O)N1S(=O)(=O)O,CHEMBL4028874,J Med Chem,2017.0,CHEMBL158,AZTREONAM,CHEMBL158,0,http://www.openphacts.org/units/Nanomolar,3009676,=,1,1,=,MIC,nM,3000.0,CHEMBL348,Pseudomonas aeruginosa,Pseudomonas aeruginosa,287.0,,MIC,uM,UO_0000065,3.0,CHEMBL158,C[C@H]1[C@H](NC(=O)/C(=N\OC(C)(C)C(=O)O)c2csc(N)n2)C(=O)N1S(=O)(=O)O,12.562141912320484,12.562141912320484,0.0349535856009066,-4.756268639419342,0.174788224513646,20.5,435.44000000000017,418.30400000000014,435.051854504,154,0,0.3620751467724121,-0.4782270320177159,0.4782270320177159,0.3620751467724121,1.4642857142857142,2.071428571428572,2.5,32.24529764273617,10.00401161573638,2.513331128805475,-2.416338874010568,2.230948535260857,-2.707807208919476,7.836563836647012,-0.1608446168429468,2.971847309732629,2.2592762983237704,953.8851353067348,21.43879310982592,14.8114553779692,16.444448539824652,12.752743308167698,7.578995896792942,9.855612118054724,6.221230582074894,8.399971119282888,3.730567932227123,5.414072402778615,2.1128455580549623,3.54351374163482,-2.78,690205.5939907836,21.519292322605008,7.325918985638601,4.204134383579708,162.59031069995737,20.994572059745856,11.735768823996422,10.843243482610037,5.601050810983688,11.814359458703011,16.27347016397548,14.141824241834009,14.083731696315263,8.417796984328938,11.336785877934735,5.15571272675054,20.771211599071872,5.380062770465915,6.041840829147961,37.29827438881211,50.26785898322327,0.0,14.605983116249774,5.15571272675054,38.455944068351485,5.733667477162185,11.073990765314376,0.0,0.0,11.050456081168516,5.131558479839333,0.0,11.336785877934735,68.54635098380861,29.525365011975733,0.0,26.46513959392033,10.535775497216456,0.0,0.0,0.0,201.58,51.4842470947288,22.801408536544404,0.0,15.130702465984026,0.0,11.336785877934735,26.151274369537788,0.0,0.0,15.456479851704078,20.23053332942989,31.44978820569469,0.9796905422586336,44.39737831563419,16.334751159546904,3.256457088644816,-3.375611656986792,-2.3123389733980013,0.0,3.692820624691566,-4.756268639419342,0.4615384615384615,28,5,13,0,1,1,0,1,1,10,4,15,7,0,1,1,2,-1.172499999999998,95.65050000000004,1,0,0,1,0,1,0,0,1,1,3,2,0,0,0,3,1,1,0,0,0,0,0,0,0,0,0,2,0,1,0,0,0,0,0,0,0,0,0,0,0,0,0,0,0,0,0,0,0,0,0,0,0,1,0,0,0,0,0,0,0,0,0,1,0,0,0,0,0,0,0,0,0,0,0,0,0,0,0,0,1,0,0,0,0,287.0,Pseudomonas aeruginosa,Bacteria
116545,,18143573,CHEMBL4031812,Antibacterial activity against clinical isolates of Pseudomonas aeruginosa ISR-14-003 after 18 hrs in presence of tazobactam by broth microdilution method,F,BAO_0002146,BAO_0000019,assay format,C[C@H]1[C@H](NC(=O)/C(=N\OC(C)(C)C(=O)O)c2csc(N)n2)C(=O)N1S(=O)(=O)O,CHEMBL4028874,J Med Chem,2017.0,CHEMBL158,AZTREONAM,CHEMBL158,0,http://www.openphacts.org/units/Nanomolar,3009676,=,1,1,=,MIC,nM,3000.0,CHEMBL348,Pseudomonas aeruginosa,Pseudomonas aeruginosa,287.0,,MIC,uM,UO_0000065,3.0,CHEMBL158,C[C@H]1[C@H](NC(=O)/C(=N\OC(C)(C)C(=O)O)c2csc(N)n2)C(=O)N1S(=O)(=O)O,12.562141912320484,12.562141912320484,0.0349535856009066,-4.756268639419342,0.174788224513646,20.5,435.44000000000017,418.30400000000014,435.051854504,154,0,0.3620751467724121,-0.4782270320177159,0.4782270320177159,0.3620751467724121,1.4642857142857142,2.071428571428572,2.5,32.24529764273617,10.00401161573638,2.513331128805475,-2.416338874010568,2.230948535260857,-2.707807208919476,7.836563836647012,-0.1608446168429468,2.971847309732629,2.2592762983237704,953.8851353067348,21.43879310982592,14.8114553779692,16.444448539824652,12.752743308167698,7.578995896792942,9.855612118054724,6.221230582074894,8.399971119282888,3.730567932227123,5.414072402778615,2.1128455580549623,3.54351374163482,-2.78,690205.5939907836,21.519292322605008,7.325918985638601,4.204134383579708,162.59031069995737,20.994572059745856,11.735768823996422,10.843243482610037,5.601050810983688,11.814359458703011,16.27347016397548,14.141824241834009,14.083731696315263,8.417796984328938,11.336785877934735,5.15571272675054,20.771211599071872,5.380062770465915,6.041840829147961,37.29827438881211,50.26785898322327,0.0,14.605983116249774,5.15571272675054,38.455944068351485,5.733667477162185,11.073990765314376,0.0,0.0,11.050456081168516,5.131558479839333,0.0,11.336785877934735,68.54635098380861,29.525365011975733,0.0,26.46513959392033,10.535775497216456,0.0,0.0,0.0,201.58,51.4842470947288,22.801408536544404,0.0,15.130702465984026,0.0,11.336785877934735,26.151274369537788,0.0,0.0,15.456479851704078,20.23053332942989,31.44978820569469,0.9796905422586336,44.39737831563419,16.334751159546904,3.256457088644816,-3.375611656986792,-2.3123389733980013,0.0,3.692820624691566,-4.756268639419342,0.4615384615384615,28,5,13,0,1,1,0,1,1,10,4,15,7,0,1,1,2,-1.172499999999998,95.65050000000004,1,0,0,1,0,1,0,0,1,1,3,2,0,0,0,3,1,1,0,0,0,0,0,0,0,0,0,2,0,1,0,0,0,0,0,0,0,0,0,0,0,0,0,0,0,0,0,0,0,0,0,0,0,1,0,0,0,0,0,0,0,0,0,1,0,0,0,0,0,0,0,0,0,0,0,0,0,0,0,0,1,0,0,0,0,287.0,Pseudomonas aeruginosa,Bacteria
116546,,18143574,CHEMBL4031813,Antibacterial activity against clinical isolates of Pseudomonas aeruginosa ISR-14-004 after 18 hrs in presence of tazobactam by broth microdilution method,F,BAO_0002146,BAO_0000019,assay format,C[C@H]1[C@H](NC(=O)/C(=N\OC(C)(C)C(=O)O)c2csc(N)n2)C(=O)N1S(=O)(=O)O,CHEMBL4028874,J Med Chem,2017.0,CHEMBL158,AZTREONAM,CHEMBL158,0,http://www.openphacts.org/units/Nanomolar,3009676,=,1,1,=,MIC,nM,400.0,CHEMBL348,Pseudomonas aeruginosa,Pseudomonas aeruginosa,287.0,,MIC,uM,UO_0000065,0.4,CHEMBL158,C[C@H]1[C@H](NC(=O)/C(=N\OC(C)(C)C(=O)O)c2csc(N)n2)C(=O)N1S(=O)(=O)O,12.562141912320484,12.562141912320484,0.0349535856009066,-4.756268639419342,0.174788224513646,20.5,435.44000000000017,418.30400000000014,435.051854504,154,0,0.3620751467724121,-0.4782270320177159,0.4782270320177159,0.3620751467724121,1.4642857142857142,2.071428571428572,2.5,32.24529764273617,10.00401161573638,2.513331128805475,-2.416338874010568,2.230948535260857,-2.707807208919476,7.836563836647012,-0.1608446168429468,2.971847309732629,2.2592762983237704,953.8851353067348,21.43879310982592,14.8114553779692,16.444448539824652,12.752743308167698,7.578995896792942,9.855612118054724,6.221230582074894,8.399971119282888,3.730567932227123,5.414072402778615,2.1128455580549623,3.54351374163482,-2.78,690205.5939907836,21.519292322605008,7.325918985638601,4.204134383579708,162.59031069995737,20.994572059745856,11.735768823996422,10.843243482610037,5.601050810983688,11.814359458703011,16.27347016397548,14.141824241834009,14.083731696315263,8.417796984328938,11.336785877934735,5.15571272675054,20.771211599071872,5.380062770465915,6.041840829147961,37.29827438881211,50.26785898322327,0.0,14.605983116249774,5.15571272675054,38.455944068351485,5.733667477162185,11.073990765314376,0.0,0.0,11.050456081168516,5.131558479839333,0.0,11.336785877934735,68.54635098380861,29.525365011975733,0.0,26.46513959392033,10.535775497216456,0.0,0.0,0.0,201.58,51.4842470947288,22.801408536544404,0.0,15.130702465984026,0.0,11.336785877934735,26.151274369537788,0.0,0.0,15.456479851704078,20.23053332942989,31.44978820569469,0.9796905422586336,44.39737831563419,16.334751159546904,3.256457088644816,-3.375611656986792,-2.3123389733980013,0.0,3.692820624691566,-4.756268639419342,0.4615384615384615,28,5,13,0,1,1,0,1,1,10,4,15,7,0,1,1,2,-1.172499999999998,95.65050000000004,1,0,0,1,0,1,0,0,1,1,3,2,0,0,0,3,1,1,0,0,0,0,0,0,0,0,0,2,0,1,0,0,0,0,0,0,0,0,0,0,0,0,0,0,0,0,0,0,0,0,0,0,0,1,0,0,0,0,0,0,0,0,0,1,0,0,0,0,0,0,0,0,0,0,0,0,0,0,0,0,1,0,0,0,0,287.0,Pseudomonas aeruginosa,Bacteria
116546,,18143574,CHEMBL4031813,Antibacterial activity against clinical isolates of Pseudomonas aeruginosa ISR-14-004 after 18 hrs in presence of tazobactam by broth microdilution method,F,BAO_0002146,BAO_0000019,assay format,C[C@H]1[C@H](NC(=O)/C(=N\OC(C)(C)C(=O)O)c2csc(N)n2)C(=O)N1S(=O)(=O)O,CHEMBL4028874,J Med Chem,2017.0,CHEMBL158,AZTREONAM,CHEMBL158,0,http://www.openphacts.org/units/Nanomolar,3009676,=,1,1,=,MIC,nM,400.0,CHEMBL348,Pseudomonas aeruginosa,Pseudomonas aeruginosa,287.0,,MIC,uM,UO_0000065,0.4,CHEMBL158,C[C@H]1[C@H](NC(=O)/C(=N\OC(C)(C)C(=O)O)c2csc(N)n2)C(=O)N1S(=O)(=O)O,12.562141912320484,12.562141912320484,0.0349535856009066,-4.756268639419342,0.174788224513646,20.5,435.44000000000017,418.30400000000014,435.051854504,154,0,0.3620751467724121,-0.4782270320177159,0.4782270320177159,0.3620751467724121,1.4642857142857142,2.071428571428572,2.5,32.24529764273617,10.00401161573638,2.513331128805475,-2.416338874010568,2.230948535260857,-2.707807208919476,7.836563836647012,-0.1608446168429468,2.971847309732629,2.2592762983237704,953.8851353067348,21.43879310982592,14.8114553779692,16.444448539824652,12.752743308167698,7.578995896792942,9.855612118054724,6.221230582074894,8.399971119282888,3.730567932227123,5.414072402778615,2.1128455580549623,3.54351374163482,-2.78,690205.5939907836,21.519292322605008,7.325918985638601,4.204134383579708,162.59031069995737,20.994572059745856,11.735768823996422,10.843243482610037,5.601050810983688,11.814359458703011,16.27347016397548,14.141824241834009,14.083731696315263,8.417796984328938,11.336785877934735,5.15571272675054,20.771211599071872,5.380062770465915,6.041840829147961,37.29827438881211,50.26785898322327,0.0,14.605983116249774,5.15571272675054,38.455944068351485,5.733667477162185,11.073990765314376,0.0,0.0,11.050456081168516,5.131558479839333,0.0,11.336785877934735,68.54635098380861,29.525365011975733,0.0,26.46513959392033,10.535775497216456,0.0,0.0,0.0,201.58,51.4842470947288,22.801408536544404,0.0,15.130702465984026,0.0,11.336785877934735,26.151274369537788,0.0,0.0,15.456479851704078,20.23053332942989,31.44978820569469,0.9796905422586336,44.39737831563419,16.334751159546904,3.256457088644816,-3.375611656986792,-2.3123389733980013,0.0,3.692820624691566,-4.756268639419342,0.4615384615384615,28,5,13,0,1,1,0,1,1,10,4,15,7,0,1,1,2,-1.172499999999998,95.65050000000004,1,0,0,1,0,1,0,0,1,1,3,2,0,0,0,3,1,1,0,0,0,0,0,0,0,0,0,2,0,1,0,0,0,0,0,0,0,0,0,0,0,0,0,0,0,0,0,0,0,0,0,0,0,1,0,0,0,0,0,0,0,0,0,1,0,0,0,0,0,0,0,0,0,0,0,0,0,0,0,0,1,0,0,0,0,287.0,Pseudomonas aeruginosa,Bacteria
116546,,18143574,CHEMBL4031813,Antibacterial activity against clinical isolates of Pseudomonas aeruginosa ISR-14-004 after 18 hrs in presence of tazobactam by broth microdilution method,F,BAO_0002146,BAO_0000019,assay format,C[C@H]1[C@H](NC(=O)/C(=N\OC(C)(C)C(=O)O)c2csc(N)n2)C(=O)N1S(=O)(=O)O,CHEMBL4028874,J Med Chem,2017.0,CHEMBL158,AZTREONAM,CHEMBL158,0,http://www.openphacts.org/units/Nanomolar,3009676,=,1,1,=,MIC,nM,400.0,CHEMBL348,Pseudomonas aeruginosa,Pseudomonas aeruginosa,287.0,,MIC,uM,UO_0000065,0.4,CHEMBL158,C[C@H]1[C@H](NC(=O)/C(=N\OC(C)(C)C(=O)O)c2csc(N)n2)C(=O)N1S(=O)(=O)O,12.562141912320484,12.562141912320484,0.0349535856009066,-4.756268639419342,0.174788224513646,20.5,435.44000000000017,418.30400000000014,435.051854504,154,0,0.3620751467724121,-0.4782270320177159,0.4782270320177159,0.3620751467724121,1.4642857142857142,2.071428571428572,2.5,32.24529764273617,10.00401161573638,2.513331128805475,-2.416338874010568,2.230948535260857,-2.707807208919476,7.836563836647012,-0.1608446168429468,2.971847309732629,2.2592762983237704,953.8851353067348,21.43879310982592,14.8114553779692,16.444448539824652,12.752743308167698,7.578995896792942,9.855612118054724,6.221230582074894,8.399971119282888,3.730567932227123,5.414072402778615,2.1128455580549623,3.54351374163482,-2.78,690205.5939907836,21.519292322605008,7.325918985638601,4.204134383579708,162.59031069995737,20.994572059745856,11.735768823996422,10.843243482610037,5.601050810983688,11.814359458703011,16.27347016397548,14.141824241834009,14.083731696315263,8.417796984328938,11.336785877934735,5.15571272675054,20.771211599071872,5.380062770465915,6.041840829147961,37.29827438881211,50.26785898322327,0.0,14.605983116249774,5.15571272675054,38.455944068351485,5.733667477162185,11.073990765314376,0.0,0.0,11.050456081168516,5.131558479839333,0.0,11.336785877934735,68.54635098380861,29.525365011975733,0.0,26.46513959392033,10.535775497216456,0.0,0.0,0.0,201.58,51.4842470947288,22.801408536544404,0.0,15.130702465984026,0.0,11.336785877934735,26.151274369537788,0.0,0.0,15.456479851704078,20.23053332942989,31.44978820569469,0.9796905422586336,44.39737831563419,16.334751159546904,3.256457088644816,-3.375611656986792,-2.3123389733980013,0.0,3.692820624691566,-4.756268639419342,0.4615384615384615,28,5,13,0,1,1,0,1,1,10,4,15,7,0,1,1,2,-1.172499999999998,95.65050000000004,1,0,0,1,0,1,0,0,1,1,3,2,0,0,0,3,1,1,0,0,0,0,0,0,0,0,0,2,0,1,0,0,0,0,0,0,0,0,0,0,0,0,0,0,0,0,0,0,0,0,0,0,0,1,0,0,0,0,0,0,0,0,0,1,0,0,0,0,0,0,0,0,0,0,0,0,0,0,0,0,1,0,0,0,0,287.0,Pseudomonas aeruginosa,Bacteria
116547,,18143575,CHEMBL4031814,Antibacterial activity against clinical isolates of Acinetobacter baumannii ISR14-005 after 18 hrs in presence of tazobactam by broth microdilution method,F,BAO_0002146,BAO_0000019,assay format,C[C@H]1[C@H](NC(=O)/C(=N\OC(C)(C)C(=O)O)c2csc(N)n2)C(=O)N1S(=O)(=O)O,CHEMBL4028874,J Med Chem,2017.0,CHEMBL158,AZTREONAM,CHEMBL158,0,http://www.openphacts.org/units/Nanomolar,3009676,=,1,1,=,MIC,nM,50000.0,CHEMBL614425,Acinetobacter baumannii,Acinetobacter baumannii,470.0,,MIC,uM,UO_0000065,50.0,CHEMBL158,C[C@H]1[C@H](NC(=O)/C(=N\OC(C)(C)C(=O)O)c2csc(N)n2)C(=O)N1S(=O)(=O)O,12.562141912320484,12.562141912320484,0.0349535856009066,-4.756268639419342,0.174788224513646,20.5,435.44000000000017,418.30400000000014,435.051854504,154,0,0.3620751467724121,-0.4782270320177159,0.4782270320177159,0.3620751467724121,1.4642857142857142,2.071428571428572,2.5,32.24529764273617,10.00401161573638,2.513331128805475,-2.416338874010568,2.230948535260857,-2.707807208919476,7.836563836647012,-0.1608446168429468,2.971847309732629,2.2592762983237704,953.8851353067348,21.43879310982592,14.8114553779692,16.444448539824652,12.752743308167698,7.578995896792942,9.855612118054724,6.221230582074894,8.399971119282888,3.730567932227123,5.414072402778615,2.1128455580549623,3.54351374163482,-2.78,690205.5939907836,21.519292322605008,7.325918985638601,4.204134383579708,162.59031069995737,20.994572059745856,11.735768823996422,10.843243482610037,5.601050810983688,11.814359458703011,16.27347016397548,14.141824241834009,14.083731696315263,8.417796984328938,11.336785877934735,5.15571272675054,20.771211599071872,5.380062770465915,6.041840829147961,37.29827438881211,50.26785898322327,0.0,14.605983116249774,5.15571272675054,38.455944068351485,5.733667477162185,11.073990765314376,0.0,0.0,11.050456081168516,5.131558479839333,0.0,11.336785877934735,68.54635098380861,29.525365011975733,0.0,26.46513959392033,10.535775497216456,0.0,0.0,0.0,201.58,51.4842470947288,22.801408536544404,0.0,15.130702465984026,0.0,11.336785877934735,26.151274369537788,0.0,0.0,15.456479851704078,20.23053332942989,31.44978820569469,0.9796905422586336,44.39737831563419,16.334751159546904,3.256457088644816,-3.375611656986792,-2.3123389733980013,0.0,3.692820624691566,-4.756268639419342,0.4615384615384615,28,5,13,0,1,1,0,1,1,10,4,15,7,0,1,1,2,-1.172499999999998,95.65050000000004,1,0,0,1,0,1,0,0,1,1,3,2,0,0,0,3,1,1,0,0,0,0,0,0,0,0,0,2,0,1,0,0,0,0,0,0,0,0,0,0,0,0,0,0,0,0,0,0,0,0,0,0,0,1,0,0,0,0,0,0,0,0,0,1,0,0,0,0,0,0,0,0,0,0,0,0,0,0,0,0,1,0,0,0,0,470.0,Acinetobacter baumannii,Bacteria
116548,,18412448,CHEMBL4152555,Antibacterial activity against Escherichia coli isolate 210737 after 18 hrs by CLSI broth microdilution method,F,BAO_0002146,BAO_0000218,organism-based format,C[C@H]1[C@H](NC(=O)/C(=N\OC(C)(C)C(=O)O)c2csc(N)n2)C(=O)N1S(=O)(=O)O,CHEMBL4152188,Eur J Med Chem,2018.0,CHEMBL158,AZTREONAM,CHEMBL158,0,http://www.openphacts.org/units/MicrogramPerMilliliter,3056020,=,1,1,=,MIC,ug.mL-1,0.5,CHEMBL354,Escherichia coli,Escherichia coli,562.0,,MIC,ug ml-1,UO_0000274,0.5,CHEMBL158,C[C@H]1[C@H](NC(=O)/C(=N\OC(C)(C)C(=O)O)c2csc(N)n2)C(=O)N1S(=O)(=O)O,12.562141912320484,12.562141912320484,0.0349535856009066,-4.756268639419342,0.174788224513646,20.5,435.44000000000017,418.30400000000014,435.051854504,154,0,0.3620751467724121,-0.4782270320177159,0.4782270320177159,0.3620751467724121,1.4642857142857142,2.071428571428572,2.5,32.24529764273617,10.00401161573638,2.513331128805475,-2.416338874010568,2.230948535260857,-2.707807208919476,7.836563836647012,-0.1608446168429468,2.971847309732629,2.2592762983237704,953.8851353067348,21.43879310982592,14.8114553779692,16.444448539824652,12.752743308167698,7.578995896792942,9.855612118054724,6.221230582074894,8.399971119282888,3.730567932227123,5.414072402778615,2.1128455580549623,3.54351374163482,-2.78,690205.5939907836,21.519292322605008,7.325918985638601,4.204134383579708,162.59031069995737,20.994572059745856,11.735768823996422,10.843243482610037,5.601050810983688,11.814359458703011,16.27347016397548,14.141824241834009,14.083731696315263,8.417796984328938,11.336785877934735,5.15571272675054,20.771211599071872,5.380062770465915,6.041840829147961,37.29827438881211,50.26785898322327,0.0,14.605983116249774,5.15571272675054,38.455944068351485,5.733667477162185,11.073990765314376,0.0,0.0,11.050456081168516,5.131558479839333,0.0,11.336785877934735,68.54635098380861,29.525365011975733,0.0,26.46513959392033,10.535775497216456,0.0,0.0,0.0,201.58,51.4842470947288,22.801408536544404,0.0,15.130702465984026,0.0,11.336785877934735,26.151274369537788,0.0,0.0,15.456479851704078,20.23053332942989,31.44978820569469,0.9796905422586336,44.39737831563419,16.334751159546904,3.256457088644816,-3.375611656986792,-2.3123389733980013,0.0,3.692820624691566,-4.756268639419342,0.4615384615384615,28,5,13,0,1,1,0,1,1,10,4,15,7,0,1,1,2,-1.172499999999998,95.65050000000004,1,0,0,1,0,1,0,0,1,1,3,2,0,0,0,3,1,1,0,0,0,0,0,0,0,0,0,2,0,1,0,0,0,0,0,0,0,0,0,0,0,0,0,0,0,0,0,0,0,0,0,0,0,1,0,0,0,0,0,0,0,0,0,1,0,0,0,0,0,0,0,0,0,0,0,0,0,0,0,0,1,0,0,0,0,562.0,Escherichia coli,Bacteria
116548,,18412448,CHEMBL4152555,Antibacterial activity against Escherichia coli isolate 210737 after 18 hrs by CLSI broth microdilution method,F,BAO_0002146,BAO_0000218,organism-based format,C[C@H]1[C@H](NC(=O)/C(=N\OC(C)(C)C(=O)O)c2csc(N)n2)C(=O)N1S(=O)(=O)O,CHEMBL4152188,Eur J Med Chem,2018.0,CHEMBL158,AZTREONAM,CHEMBL158,0,http://www.openphacts.org/units/MicrogramPerMilliliter,3056020,=,1,1,=,MIC,ug.mL-1,0.5,CHEMBL354,Escherichia coli,Escherichia coli,562.0,,MIC,ug ml-1,UO_0000274,0.5,CHEMBL158,C[C@H]1[C@H](NC(=O)/C(=N\OC(C)(C)C(=O)O)c2csc(N)n2)C(=O)N1S(=O)(=O)O,12.562141912320484,12.562141912320484,0.0349535856009066,-4.756268639419342,0.174788224513646,20.5,435.44000000000017,418.30400000000014,435.051854504,154,0,0.3620751467724121,-0.4782270320177159,0.4782270320177159,0.3620751467724121,1.4642857142857142,2.071428571428572,2.5,32.24529764273617,10.00401161573638,2.513331128805475,-2.416338874010568,2.230948535260857,-2.707807208919476,7.836563836647012,-0.1608446168429468,2.971847309732629,2.2592762983237704,953.8851353067348,21.43879310982592,14.8114553779692,16.444448539824652,12.752743308167698,7.578995896792942,9.855612118054724,6.221230582074894,8.399971119282888,3.730567932227123,5.414072402778615,2.1128455580549623,3.54351374163482,-2.78,690205.5939907836,21.519292322605008,7.325918985638601,4.204134383579708,162.59031069995737,20.994572059745856,11.735768823996422,10.843243482610037,5.601050810983688,11.814359458703011,16.27347016397548,14.141824241834009,14.083731696315263,8.417796984328938,11.336785877934735,5.15571272675054,20.771211599071872,5.380062770465915,6.041840829147961,37.29827438881211,50.26785898322327,0.0,14.605983116249774,5.15571272675054,38.455944068351485,5.733667477162185,11.073990765314376,0.0,0.0,11.050456081168516,5.131558479839333,0.0,11.336785877934735,68.54635098380861,29.525365011975733,0.0,26.46513959392033,10.535775497216456,0.0,0.0,0.0,201.58,51.4842470947288,22.801408536544404,0.0,15.130702465984026,0.0,11.336785877934735,26.151274369537788,0.0,0.0,15.456479851704078,20.23053332942989,31.44978820569469,0.9796905422586336,44.39737831563419,16.334751159546904,3.256457088644816,-3.375611656986792,-2.3123389733980013,0.0,3.692820624691566,-4.756268639419342,0.4615384615384615,28,5,13,0,1,1,0,1,1,10,4,15,7,0,1,1,2,-1.172499999999998,95.65050000000004,1,0,0,1,0,1,0,0,1,1,3,2,0,0,0,3,1,1,0,0,0,0,0,0,0,0,0,2,0,1,0,0,0,0,0,0,0,0,0,0,0,0,0,0,0,0,0,0,0,0,0,0,0,1,0,0,0,0,0,0,0,0,0,1,0,0,0,0,0,0,0,0,0,0,0,0,0,0,0,0,1,0,0,0,0,562.0,Escherichia coli,Bacteria
116548,,18412448,CHEMBL4152555,Antibacterial activity against Escherichia coli isolate 210737 after 18 hrs by CLSI broth microdilution method,F,BAO_0002146,BAO_0000218,organism-based format,C[C@H]1[C@H](NC(=O)/C(=N\OC(C)(C)C(=O)O)c2csc(N)n2)C(=O)N1S(=O)(=O)O,CHEMBL4152188,Eur J Med Chem,2018.0,CHEMBL158,AZTREONAM,CHEMBL158,0,http://www.openphacts.org/units/MicrogramPerMilliliter,3056020,=,1,1,=,MIC,ug.mL-1,0.5,CHEMBL354,Escherichia coli,Escherichia coli,562.0,,MIC,ug ml-1,UO_0000274,0.5,CHEMBL158,C[C@H]1[C@H](NC(=O)/C(=N\OC(C)(C)C(=O)O)c2csc(N)n2)C(=O)N1S(=O)(=O)O,12.562141912320484,12.562141912320484,0.0349535856009066,-4.756268639419342,0.174788224513646,20.5,435.44000000000017,418.30400000000014,435.051854504,154,0,0.3620751467724121,-0.4782270320177159,0.4782270320177159,0.3620751467724121,1.4642857142857142,2.071428571428572,2.5,32.24529764273617,10.00401161573638,2.513331128805475,-2.416338874010568,2.230948535260857,-2.707807208919476,7.836563836647012,-0.1608446168429468,2.971847309732629,2.2592762983237704,953.8851353067348,21.43879310982592,14.8114553779692,16.444448539824652,12.752743308167698,7.578995896792942,9.855612118054724,6.221230582074894,8.399971119282888,3.730567932227123,5.414072402778615,2.1128455580549623,3.54351374163482,-2.78,690205.5939907836,21.519292322605008,7.325918985638601,4.204134383579708,162.59031069995737,20.994572059745856,11.735768823996422,10.843243482610037,5.601050810983688,11.814359458703011,16.27347016397548,14.141824241834009,14.083731696315263,8.417796984328938,11.336785877934735,5.15571272675054,20.771211599071872,5.380062770465915,6.041840829147961,37.29827438881211,50.26785898322327,0.0,14.605983116249774,5.15571272675054,38.455944068351485,5.733667477162185,11.073990765314376,0.0,0.0,11.050456081168516,5.131558479839333,0.0,11.336785877934735,68.54635098380861,29.525365011975733,0.0,26.46513959392033,10.535775497216456,0.0,0.0,0.0,201.58,51.4842470947288,22.801408536544404,0.0,15.130702465984026,0.0,11.336785877934735,26.151274369537788,0.0,0.0,15.456479851704078,20.23053332942989,31.44978820569469,0.9796905422586336,44.39737831563419,16.334751159546904,3.256457088644816,-3.375611656986792,-2.3123389733980013,0.0,3.692820624691566,-4.756268639419342,0.4615384615384615,28,5,13,0,1,1,0,1,1,10,4,15,7,0,1,1,2,-1.172499999999998,95.65050000000004,1,0,0,1,0,1,0,0,1,1,3,2,0,0,0,3,1,1,0,0,0,0,0,0,0,0,0,2,0,1,0,0,0,0,0,0,0,0,0,0,0,0,0,0,0,0,0,0,0,0,0,0,0,1,0,0,0,0,0,0,0,0,0,1,0,0,0,0,0,0,0,0,0,0,0,0,0,0,0,0,1,0,0,0,0,562.0,Escherichia coli,Bacteria
116548,,18412448,CHEMBL4152555,Antibacterial activity against Escherichia coli isolate 210737 after 18 hrs by CLSI broth microdilution method,F,BAO_0002146,BAO_0000218,organism-based format,C[C@H]1[C@H](NC(=O)/C(=N\OC(C)(C)C(=O)O)c2csc(N)n2)C(=O)N1S(=O)(=O)O,CHEMBL4152188,Eur J Med Chem,2018.0,CHEMBL158,AZTREONAM,CHEMBL158,0,http://www.openphacts.org/units/MicrogramPerMilliliter,3056020,=,1,1,=,MIC,ug.mL-1,0.5,CHEMBL354,Escherichia coli,Escherichia coli,562.0,,MIC,ug ml-1,UO_0000274,0.5,CHEMBL158,C[C@H]1[C@H](NC(=O)/C(=N\OC(C)(C)C(=O)O)c2csc(N)n2)C(=O)N1S(=O)(=O)O,12.562141912320484,12.562141912320484,0.0349535856009066,-4.756268639419342,0.174788224513646,20.5,435.44000000000017,418.30400000000014,435.051854504,154,0,0.3620751467724121,-0.4782270320177159,0.4782270320177159,0.3620751467724121,1.4642857142857142,2.071428571428572,2.5,32.24529764273617,10.00401161573638,2.513331128805475,-2.416338874010568,2.230948535260857,-2.707807208919476,7.836563836647012,-0.1608446168429468,2.971847309732629,2.2592762983237704,953.8851353067348,21.43879310982592,14.8114553779692,16.444448539824652,12.752743308167698,7.578995896792942,9.855612118054724,6.221230582074894,8.399971119282888,3.730567932227123,5.414072402778615,2.1128455580549623,3.54351374163482,-2.78,690205.5939907836,21.519292322605008,7.325918985638601,4.204134383579708,162.59031069995737,20.994572059745856,11.735768823996422,10.843243482610037,5.601050810983688,11.814359458703011,16.27347016397548,14.141824241834009,14.083731696315263,8.417796984328938,11.336785877934735,5.15571272675054,20.771211599071872,5.380062770465915,6.041840829147961,37.29827438881211,50.26785898322327,0.0,14.605983116249774,5.15571272675054,38.455944068351485,5.733667477162185,11.073990765314376,0.0,0.0,11.050456081168516,5.131558479839333,0.0,11.336785877934735,68.54635098380861,29.525365011975733,0.0,26.46513959392033,10.535775497216456,0.0,0.0,0.0,201.58,51.4842470947288,22.801408536544404,0.0,15.130702465984026,0.0,11.336785877934735,26.151274369537788,0.0,0.0,15.456479851704078,20.23053332942989,31.44978820569469,0.9796905422586336,44.39737831563419,16.334751159546904,3.256457088644816,-3.375611656986792,-2.3123389733980013,0.0,3.692820624691566,-4.756268639419342,0.4615384615384615,28,5,13,0,1,1,0,1,1,10,4,15,7,0,1,1,2,-1.172499999999998,95.65050000000004,1,0,0,1,0,1,0,0,1,1,3,2,0,0,0,3,1,1,0,0,0,0,0,0,0,0,0,2,0,1,0,0,0,0,0,0,0,0,0,0,0,0,0,0,0,0,0,0,0,0,0,0,0,1,0,0,0,0,0,0,0,0,0,1,0,0,0,0,0,0,0,0,0,0,0,0,0,0,0,0,1,0,0,0,0,562.0,Escherichia coli,Bacteria
116549,,18412477,CHEMBL4152556,Antibacterial activity against extended-spectrum beta-lactamase producing Escherichia coli isolate 208687 after 18 hrs by CLSI broth microdilution method,F,BAO_0002146,BAO_0000218,organism-based format,C[C@H]1[C@H](NC(=O)/C(=N\OC(C)(C)C(=O)O)c2csc(N)n2)C(=O)N1S(=O)(=O)O,CHEMBL4152188,Eur J Med Chem,2018.0,CHEMBL158,AZTREONAM,CHEMBL158,0,http://www.openphacts.org/units/MicrogramPerMilliliter,3056020,=,1,1,=,MIC,ug.mL-1,32.0,CHEMBL354,Escherichia coli,Escherichia coli,562.0,,MIC,ug ml-1,UO_0000274,32.0,CHEMBL158,C[C@H]1[C@H](NC(=O)/C(=N\OC(C)(C)C(=O)O)c2csc(N)n2)C(=O)N1S(=O)(=O)O,12.562141912320484,12.562141912320484,0.0349535856009066,-4.756268639419342,0.174788224513646,20.5,435.44000000000017,418.30400000000014,435.051854504,154,0,0.3620751467724121,-0.4782270320177159,0.4782270320177159,0.3620751467724121,1.4642857142857142,2.071428571428572,2.5,32.24529764273617,10.00401161573638,2.513331128805475,-2.416338874010568,2.230948535260857,-2.707807208919476,7.836563836647012,-0.1608446168429468,2.971847309732629,2.2592762983237704,953.8851353067348,21.43879310982592,14.8114553779692,16.444448539824652,12.752743308167698,7.578995896792942,9.855612118054724,6.221230582074894,8.399971119282888,3.730567932227123,5.414072402778615,2.1128455580549623,3.54351374163482,-2.78,690205.5939907836,21.519292322605008,7.325918985638601,4.204134383579708,162.59031069995737,20.994572059745856,11.735768823996422,10.843243482610037,5.601050810983688,11.814359458703011,16.27347016397548,14.141824241834009,14.083731696315263,8.417796984328938,11.336785877934735,5.15571272675054,20.771211599071872,5.380062770465915,6.041840829147961,37.29827438881211,50.26785898322327,0.0,14.605983116249774,5.15571272675054,38.455944068351485,5.733667477162185,11.073990765314376,0.0,0.0,11.050456081168516,5.131558479839333,0.0,11.336785877934735,68.54635098380861,29.525365011975733,0.0,26.46513959392033,10.535775497216456,0.0,0.0,0.0,201.58,51.4842470947288,22.801408536544404,0.0,15.130702465984026,0.0,11.336785877934735,26.151274369537788,0.0,0.0,15.456479851704078,20.23053332942989,31.44978820569469,0.9796905422586336,44.39737831563419,16.334751159546904,3.256457088644816,-3.375611656986792,-2.3123389733980013,0.0,3.692820624691566,-4.756268639419342,0.4615384615384615,28,5,13,0,1,1,0,1,1,10,4,15,7,0,1,1,2,-1.172499999999998,95.65050000000004,1,0,0,1,0,1,0,0,1,1,3,2,0,0,0,3,1,1,0,0,0,0,0,0,0,0,0,2,0,1,0,0,0,0,0,0,0,0,0,0,0,0,0,0,0,0,0,0,0,0,0,0,0,1,0,0,0,0,0,0,0,0,0,1,0,0,0,0,0,0,0,0,0,0,0,0,0,0,0,0,1,0,0,0,0,562.0,Escherichia coli,Bacteria
116549,,18412477,CHEMBL4152556,Antibacterial activity against extended-spectrum beta-lactamase producing Escherichia coli isolate 208687 after 18 hrs by CLSI broth microdilution method,F,BAO_0002146,BAO_0000218,organism-based format,C[C@H]1[C@H](NC(=O)/C(=N\OC(C)(C)C(=O)O)c2csc(N)n2)C(=O)N1S(=O)(=O)O,CHEMBL4152188,Eur J Med Chem,2018.0,CHEMBL158,AZTREONAM,CHEMBL158,0,http://www.openphacts.org/units/MicrogramPerMilliliter,3056020,=,1,1,=,MIC,ug.mL-1,32.0,CHEMBL354,Escherichia coli,Escherichia coli,562.0,,MIC,ug ml-1,UO_0000274,32.0,CHEMBL158,C[C@H]1[C@H](NC(=O)/C(=N\OC(C)(C)C(=O)O)c2csc(N)n2)C(=O)N1S(=O)(=O)O,12.562141912320484,12.562141912320484,0.0349535856009066,-4.756268639419342,0.174788224513646,20.5,435.44000000000017,418.30400000000014,435.051854504,154,0,0.3620751467724121,-0.4782270320177159,0.4782270320177159,0.3620751467724121,1.4642857142857142,2.071428571428572,2.5,32.24529764273617,10.00401161573638,2.513331128805475,-2.416338874010568,2.230948535260857,-2.707807208919476,7.836563836647012,-0.1608446168429468,2.971847309732629,2.2592762983237704,953.8851353067348,21.43879310982592,14.8114553779692,16.444448539824652,12.752743308167698,7.578995896792942,9.855612118054724,6.221230582074894,8.399971119282888,3.730567932227123,5.414072402778615,2.1128455580549623,3.54351374163482,-2.78,690205.5939907836,21.519292322605008,7.325918985638601,4.204134383579708,162.59031069995737,20.994572059745856,11.735768823996422,10.843243482610037,5.601050810983688,11.814359458703011,16.27347016397548,14.141824241834009,14.083731696315263,8.417796984328938,11.336785877934735,5.15571272675054,20.771211599071872,5.380062770465915,6.041840829147961,37.29827438881211,50.26785898322327,0.0,14.605983116249774,5.15571272675054,38.455944068351485,5.733667477162185,11.073990765314376,0.0,0.0,11.050456081168516,5.131558479839333,0.0,11.336785877934735,68.54635098380861,29.525365011975733,0.0,26.46513959392033,10.535775497216456,0.0,0.0,0.0,201.58,51.4842470947288,22.801408536544404,0.0,15.130702465984026,0.0,11.336785877934735,26.151274369537788,0.0,0.0,15.456479851704078,20.23053332942989,31.44978820569469,0.9796905422586336,44.39737831563419,16.334751159546904,3.256457088644816,-3.375611656986792,-2.3123389733980013,0.0,3.692820624691566,-4.756268639419342,0.4615384615384615,28,5,13,0,1,1,0,1,1,10,4,15,7,0,1,1,2,-1.172499999999998,95.65050000000004,1,0,0,1,0,1,0,0,1,1,3,2,0,0,0,3,1,1,0,0,0,0,0,0,0,0,0,2,0,1,0,0,0,0,0,0,0,0,0,0,0,0,0,0,0,0,0,0,0,0,0,0,0,1,0,0,0,0,0,0,0,0,0,1,0,0,0,0,0,0,0,0,0,0,0,0,0,0,0,0,1,0,0,0,0,562.0,Escherichia coli,Bacteria
116549,,18412477,CHEMBL4152556,Antibacterial activity against extended-spectrum beta-lactamase producing Escherichia coli isolate 208687 after 18 hrs by CLSI broth microdilution method,F,BAO_0002146,BAO_0000218,organism-based format,C[C@H]1[C@H](NC(=O)/C(=N\OC(C)(C)C(=O)O)c2csc(N)n2)C(=O)N1S(=O)(=O)O,CHEMBL4152188,Eur J Med Chem,2018.0,CHEMBL158,AZTREONAM,CHEMBL158,0,http://www.openphacts.org/units/MicrogramPerMilliliter,3056020,=,1,1,=,MIC,ug.mL-1,32.0,CHEMBL354,Escherichia coli,Escherichia coli,562.0,,MIC,ug ml-1,UO_0000274,32.0,CHEMBL158,C[C@H]1[C@H](NC(=O)/C(=N\OC(C)(C)C(=O)O)c2csc(N)n2)C(=O)N1S(=O)(=O)O,12.562141912320484,12.562141912320484,0.0349535856009066,-4.756268639419342,0.174788224513646,20.5,435.44000000000017,418.30400000000014,435.051854504,154,0,0.3620751467724121,-0.4782270320177159,0.4782270320177159,0.3620751467724121,1.4642857142857142,2.071428571428572,2.5,32.24529764273617,10.00401161573638,2.513331128805475,-2.416338874010568,2.230948535260857,-2.707807208919476,7.836563836647012,-0.1608446168429468,2.971847309732629,2.2592762983237704,953.8851353067348,21.43879310982592,14.8114553779692,16.444448539824652,12.752743308167698,7.578995896792942,9.855612118054724,6.221230582074894,8.399971119282888,3.730567932227123,5.414072402778615,2.1128455580549623,3.54351374163482,-2.78,690205.5939907836,21.519292322605008,7.325918985638601,4.204134383579708,162.59031069995737,20.994572059745856,11.735768823996422,10.843243482610037,5.601050810983688,11.814359458703011,16.27347016397548,14.141824241834009,14.083731696315263,8.417796984328938,11.336785877934735,5.15571272675054,20.771211599071872,5.380062770465915,6.041840829147961,37.29827438881211,50.26785898322327,0.0,14.605983116249774,5.15571272675054,38.455944068351485,5.733667477162185,11.073990765314376,0.0,0.0,11.050456081168516,5.131558479839333,0.0,11.336785877934735,68.54635098380861,29.525365011975733,0.0,26.46513959392033,10.535775497216456,0.0,0.0,0.0,201.58,51.4842470947288,22.801408536544404,0.0,15.130702465984026,0.0,11.336785877934735,26.151274369537788,0.0,0.0,15.456479851704078,20.23053332942989,31.44978820569469,0.9796905422586336,44.39737831563419,16.334751159546904,3.256457088644816,-3.375611656986792,-2.3123389733980013,0.0,3.692820624691566,-4.756268639419342,0.4615384615384615,28,5,13,0,1,1,0,1,1,10,4,15,7,0,1,1,2,-1.172499999999998,95.65050000000004,1,0,0,1,0,1,0,0,1,1,3,2,0,0,0,3,1,1,0,0,0,0,0,0,0,0,0,2,0,1,0,0,0,0,0,0,0,0,0,0,0,0,0,0,0,0,0,0,0,0,0,0,0,1,0,0,0,0,0,0,0,0,0,1,0,0,0,0,0,0,0,0,0,0,0,0,0,0,0,0,1,0,0,0,0,562.0,Escherichia coli,Bacteria
116549,,18412477,CHEMBL4152556,Antibacterial activity against extended-spectrum beta-lactamase producing Escherichia coli isolate 208687 after 18 hrs by CLSI broth microdilution method,F,BAO_0002146,BAO_0000218,organism-based format,C[C@H]1[C@H](NC(=O)/C(=N\OC(C)(C)C(=O)O)c2csc(N)n2)C(=O)N1S(=O)(=O)O,CHEMBL4152188,Eur J Med Chem,2018.0,CHEMBL158,AZTREONAM,CHEMBL158,0,http://www.openphacts.org/units/MicrogramPerMilliliter,3056020,=,1,1,=,MIC,ug.mL-1,32.0,CHEMBL354,Escherichia coli,Escherichia coli,562.0,,MIC,ug ml-1,UO_0000274,32.0,CHEMBL158,C[C@H]1[C@H](NC(=O)/C(=N\OC(C)(C)C(=O)O)c2csc(N)n2)C(=O)N1S(=O)(=O)O,12.562141912320484,12.562141912320484,0.0349535856009066,-4.756268639419342,0.174788224513646,20.5,435.44000000000017,418.30400000000014,435.051854504,154,0,0.3620751467724121,-0.4782270320177159,0.4782270320177159,0.3620751467724121,1.4642857142857142,2.071428571428572,2.5,32.24529764273617,10.00401161573638,2.513331128805475,-2.416338874010568,2.230948535260857,-2.707807208919476,7.836563836647012,-0.1608446168429468,2.971847309732629,2.2592762983237704,953.8851353067348,21.43879310982592,14.8114553779692,16.444448539824652,12.752743308167698,7.578995896792942,9.855612118054724,6.221230582074894,8.399971119282888,3.730567932227123,5.414072402778615,2.1128455580549623,3.54351374163482,-2.78,690205.5939907836,21.519292322605008,7.325918985638601,4.204134383579708,162.59031069995737,20.994572059745856,11.735768823996422,10.843243482610037,5.601050810983688,11.814359458703011,16.27347016397548,14.141824241834009,14.083731696315263,8.417796984328938,11.336785877934735,5.15571272675054,20.771211599071872,5.380062770465915,6.041840829147961,37.29827438881211,50.26785898322327,0.0,14.605983116249774,5.15571272675054,38.455944068351485,5.733667477162185,11.073990765314376,0.0,0.0,11.050456081168516,5.131558479839333,0.0,11.336785877934735,68.54635098380861,29.525365011975733,0.0,26.46513959392033,10.535775497216456,0.0,0.0,0.0,201.58,51.4842470947288,22.801408536544404,0.0,15.130702465984026,0.0,11.336785877934735,26.151274369537788,0.0,0.0,15.456479851704078,20.23053332942989,31.44978820569469,0.9796905422586336,44.39737831563419,16.334751159546904,3.256457088644816,-3.375611656986792,-2.3123389733980013,0.0,3.692820624691566,-4.756268639419342,0.4615384615384615,28,5,13,0,1,1,0,1,1,10,4,15,7,0,1,1,2,-1.172499999999998,95.65050000000004,1,0,0,1,0,1,0,0,1,1,3,2,0,0,0,3,1,1,0,0,0,0,0,0,0,0,0,2,0,1,0,0,0,0,0,0,0,0,0,0,0,0,0,0,0,0,0,0,0,0,0,0,0,1,0,0,0,0,0,0,0,0,0,1,0,0,0,0,0,0,0,0,0,0,0,0,0,0,0,0,1,0,0,0,0,562.0,Escherichia coli,Bacteria
116550,,18412635,CHEMBL4152548,Antibacterial activity against extended-spectrum beta-lactamase producing Escherichia coli isolate 212648 after 18 hrs by CLSI broth microdilution method,F,BAO_0002146,BAO_0000218,organism-based format,C[C@H]1[C@H](NC(=O)/C(=N\OC(C)(C)C(=O)O)c2csc(N)n2)C(=O)N1S(=O)(=O)O,CHEMBL4152188,Eur J Med Chem,2018.0,CHEMBL158,AZTREONAM,CHEMBL158,0,http://www.openphacts.org/units/MicrogramPerMilliliter,3056020,=,1,1,=,MIC,ug.mL-1,2.0,CHEMBL354,Escherichia coli,Escherichia coli,562.0,,MIC,ug ml-1,UO_0000274,2.0,CHEMBL158,C[C@H]1[C@H](NC(=O)/C(=N\OC(C)(C)C(=O)O)c2csc(N)n2)C(=O)N1S(=O)(=O)O,12.562141912320484,12.562141912320484,0.0349535856009066,-4.756268639419342,0.174788224513646,20.5,435.44000000000017,418.30400000000014,435.051854504,154,0,0.3620751467724121,-0.4782270320177159,0.4782270320177159,0.3620751467724121,1.4642857142857142,2.071428571428572,2.5,32.24529764273617,10.00401161573638,2.513331128805475,-2.416338874010568,2.230948535260857,-2.707807208919476,7.836563836647012,-0.1608446168429468,2.971847309732629,2.2592762983237704,953.8851353067348,21.43879310982592,14.8114553779692,16.444448539824652,12.752743308167698,7.578995896792942,9.855612118054724,6.221230582074894,8.399971119282888,3.730567932227123,5.414072402778615,2.1128455580549623,3.54351374163482,-2.78,690205.5939907836,21.519292322605008,7.325918985638601,4.204134383579708,162.59031069995737,20.994572059745856,11.735768823996422,10.843243482610037,5.601050810983688,11.814359458703011,16.27347016397548,14.141824241834009,14.083731696315263,8.417796984328938,11.336785877934735,5.15571272675054,20.771211599071872,5.380062770465915,6.041840829147961,37.29827438881211,50.26785898322327,0.0,14.605983116249774,5.15571272675054,38.455944068351485,5.733667477162185,11.073990765314376,0.0,0.0,11.050456081168516,5.131558479839333,0.0,11.336785877934735,68.54635098380861,29.525365011975733,0.0,26.46513959392033,10.535775497216456,0.0,0.0,0.0,201.58,51.4842470947288,22.801408536544404,0.0,15.130702465984026,0.0,11.336785877934735,26.151274369537788,0.0,0.0,15.456479851704078,20.23053332942989,31.44978820569469,0.9796905422586336,44.39737831563419,16.334751159546904,3.256457088644816,-3.375611656986792,-2.3123389733980013,0.0,3.692820624691566,-4.756268639419342,0.4615384615384615,28,5,13,0,1,1,0,1,1,10,4,15,7,0,1,1,2,-1.172499999999998,95.65050000000004,1,0,0,1,0,1,0,0,1,1,3,2,0,0,0,3,1,1,0,0,0,0,0,0,0,0,0,2,0,1,0,0,0,0,0,0,0,0,0,0,0,0,0,0,0,0,0,0,0,0,0,0,0,1,0,0,0,0,0,0,0,0,0,1,0,0,0,0,0,0,0,0,0,0,0,0,0,0,0,0,1,0,0,0,0,562.0,Escherichia coli,Bacteria
116550,,18412635,CHEMBL4152548,Antibacterial activity against extended-spectrum beta-lactamase producing Escherichia coli isolate 212648 after 18 hrs by CLSI broth microdilution method,F,BAO_0002146,BAO_0000218,organism-based format,C[C@H]1[C@H](NC(=O)/C(=N\OC(C)(C)C(=O)O)c2csc(N)n2)C(=O)N1S(=O)(=O)O,CHEMBL4152188,Eur J Med Chem,2018.0,CHEMBL158,AZTREONAM,CHEMBL158,0,http://www.openphacts.org/units/MicrogramPerMilliliter,3056020,=,1,1,=,MIC,ug.mL-1,2.0,CHEMBL354,Escherichia coli,Escherichia coli,562.0,,MIC,ug ml-1,UO_0000274,2.0,CHEMBL158,C[C@H]1[C@H](NC(=O)/C(=N\OC(C)(C)C(=O)O)c2csc(N)n2)C(=O)N1S(=O)(=O)O,12.562141912320484,12.562141912320484,0.0349535856009066,-4.756268639419342,0.174788224513646,20.5,435.44000000000017,418.30400000000014,435.051854504,154,0,0.3620751467724121,-0.4782270320177159,0.4782270320177159,0.3620751467724121,1.4642857142857142,2.071428571428572,2.5,32.24529764273617,10.00401161573638,2.513331128805475,-2.416338874010568,2.230948535260857,-2.707807208919476,7.836563836647012,-0.1608446168429468,2.971847309732629,2.2592762983237704,953.8851353067348,21.43879310982592,14.8114553779692,16.444448539824652,12.752743308167698,7.578995896792942,9.855612118054724,6.221230582074894,8.399971119282888,3.730567932227123,5.414072402778615,2.1128455580549623,3.54351374163482,-2.78,690205.5939907836,21.519292322605008,7.325918985638601,4.204134383579708,162.59031069995737,20.994572059745856,11.735768823996422,10.843243482610037,5.601050810983688,11.814359458703011,16.27347016397548,14.141824241834009,14.083731696315263,8.417796984328938,11.336785877934735,5.15571272675054,20.771211599071872,5.380062770465915,6.041840829147961,37.29827438881211,50.26785898322327,0.0,14.605983116249774,5.15571272675054,38.455944068351485,5.733667477162185,11.073990765314376,0.0,0.0,11.050456081168516,5.131558479839333,0.0,11.336785877934735,68.54635098380861,29.525365011975733,0.0,26.46513959392033,10.535775497216456,0.0,0.0,0.0,201.58,51.4842470947288,22.801408536544404,0.0,15.130702465984026,0.0,11.336785877934735,26.151274369537788,0.0,0.0,15.456479851704078,20.23053332942989,31.44978820569469,0.9796905422586336,44.39737831563419,16.334751159546904,3.256457088644816,-3.375611656986792,-2.3123389733980013,0.0,3.692820624691566,-4.756268639419342,0.4615384615384615,28,5,13,0,1,1,0,1,1,10,4,15,7,0,1,1,2,-1.172499999999998,95.65050000000004,1,0,0,1,0,1,0,0,1,1,3,2,0,0,0,3,1,1,0,0,0,0,0,0,0,0,0,2,0,1,0,0,0,0,0,0,0,0,0,0,0,0,0,0,0,0,0,0,0,0,0,0,0,1,0,0,0,0,0,0,0,0,0,1,0,0,0,0,0,0,0,0,0,0,0,0,0,0,0,0,1,0,0,0,0,562.0,Escherichia coli,Bacteria
116550,,18412635,CHEMBL4152548,Antibacterial activity against extended-spectrum beta-lactamase producing Escherichia coli isolate 212648 after 18 hrs by CLSI broth microdilution method,F,BAO_0002146,BAO_0000218,organism-based format,C[C@H]1[C@H](NC(=O)/C(=N\OC(C)(C)C(=O)O)c2csc(N)n2)C(=O)N1S(=O)(=O)O,CHEMBL4152188,Eur J Med Chem,2018.0,CHEMBL158,AZTREONAM,CHEMBL158,0,http://www.openphacts.org/units/MicrogramPerMilliliter,3056020,=,1,1,=,MIC,ug.mL-1,2.0,CHEMBL354,Escherichia coli,Escherichia coli,562.0,,MIC,ug ml-1,UO_0000274,2.0,CHEMBL158,C[C@H]1[C@H](NC(=O)/C(=N\OC(C)(C)C(=O)O)c2csc(N)n2)C(=O)N1S(=O)(=O)O,12.562141912320484,12.562141912320484,0.0349535856009066,-4.756268639419342,0.174788224513646,20.5,435.44000000000017,418.30400000000014,435.051854504,154,0,0.3620751467724121,-0.4782270320177159,0.4782270320177159,0.3620751467724121,1.4642857142857142,2.071428571428572,2.5,32.24529764273617,10.00401161573638,2.513331128805475,-2.416338874010568,2.230948535260857,-2.707807208919476,7.836563836647012,-0.1608446168429468,2.971847309732629,2.2592762983237704,953.8851353067348,21.43879310982592,14.8114553779692,16.444448539824652,12.752743308167698,7.578995896792942,9.855612118054724,6.221230582074894,8.399971119282888,3.730567932227123,5.414072402778615,2.1128455580549623,3.54351374163482,-2.78,690205.5939907836,21.519292322605008,7.325918985638601,4.204134383579708,162.59031069995737,20.994572059745856,11.735768823996422,10.843243482610037,5.601050810983688,11.814359458703011,16.27347016397548,14.141824241834009,14.083731696315263,8.417796984328938,11.336785877934735,5.15571272675054,20.771211599071872,5.380062770465915,6.041840829147961,37.29827438881211,50.26785898322327,0.0,14.605983116249774,5.15571272675054,38.455944068351485,5.733667477162185,11.073990765314376,0.0,0.0,11.050456081168516,5.131558479839333,0.0,11.336785877934735,68.54635098380861,29.525365011975733,0.0,26.46513959392033,10.535775497216456,0.0,0.0,0.0,201.58,51.4842470947288,22.801408536544404,0.0,15.130702465984026,0.0,11.336785877934735,26.151274369537788,0.0,0.0,15.456479851704078,20.23053332942989,31.44978820569469,0.9796905422586336,44.39737831563419,16.334751159546904,3.256457088644816,-3.375611656986792,-2.3123389733980013,0.0,3.692820624691566,-4.756268639419342,0.4615384615384615,28,5,13,0,1,1,0,1,1,10,4,15,7,0,1,1,2,-1.172499999999998,95.65050000000004,1,0,0,1,0,1,0,0,1,1,3,2,0,0,0,3,1,1,0,0,0,0,0,0,0,0,0,2,0,1,0,0,0,0,0,0,0,0,0,0,0,0,0,0,0,0,0,0,0,0,0,0,0,1,0,0,0,0,0,0,0,0,0,1,0,0,0,0,0,0,0,0,0,0,0,0,0,0,0,0,1,0,0,0,0,562.0,Escherichia coli,Bacteria
116550,,18412635,CHEMBL4152548,Antibacterial activity against extended-spectrum beta-lactamase producing Escherichia coli isolate 212648 after 18 hrs by CLSI broth microdilution method,F,BAO_0002146,BAO_0000218,organism-based format,C[C@H]1[C@H](NC(=O)/C(=N\OC(C)(C)C(=O)O)c2csc(N)n2)C(=O)N1S(=O)(=O)O,CHEMBL4152188,Eur J Med Chem,2018.0,CHEMBL158,AZTREONAM,CHEMBL158,0,http://www.openphacts.org/units/MicrogramPerMilliliter,3056020,=,1,1,=,MIC,ug.mL-1,2.0,CHEMBL354,Escherichia coli,Escherichia coli,562.0,,MIC,ug ml-1,UO_0000274,2.0,CHEMBL158,C[C@H]1[C@H](NC(=O)/C(=N\OC(C)(C)C(=O)O)c2csc(N)n2)C(=O)N1S(=O)(=O)O,12.562141912320484,12.562141912320484,0.0349535856009066,-4.756268639419342,0.174788224513646,20.5,435.44000000000017,418.30400000000014,435.051854504,154,0,0.3620751467724121,-0.4782270320177159,0.4782270320177159,0.3620751467724121,1.4642857142857142,2.071428571428572,2.5,32.24529764273617,10.00401161573638,2.513331128805475,-2.416338874010568,2.230948535260857,-2.707807208919476,7.836563836647012,-0.1608446168429468,2.971847309732629,2.2592762983237704,953.8851353067348,21.43879310982592,14.8114553779692,16.444448539824652,12.752743308167698,7.578995896792942,9.855612118054724,6.221230582074894,8.399971119282888,3.730567932227123,5.414072402778615,2.1128455580549623,3.54351374163482,-2.78,690205.5939907836,21.519292322605008,7.325918985638601,4.204134383579708,162.59031069995737,20.994572059745856,11.735768823996422,10.843243482610037,5.601050810983688,11.814359458703011,16.27347016397548,14.141824241834009,14.083731696315263,8.417796984328938,11.336785877934735,5.15571272675054,20.771211599071872,5.380062770465915,6.041840829147961,37.29827438881211,50.26785898322327,0.0,14.605983116249774,5.15571272675054,38.455944068351485,5.733667477162185,11.073990765314376,0.0,0.0,11.050456081168516,5.131558479839333,0.0,11.336785877934735,68.54635098380861,29.525365011975733,0.0,26.46513959392033,10.535775497216456,0.0,0.0,0.0,201.58,51.4842470947288,22.801408536544404,0.0,15.130702465984026,0.0,11.336785877934735,26.151274369537788,0.0,0.0,15.456479851704078,20.23053332942989,31.44978820569469,0.9796905422586336,44.39737831563419,16.334751159546904,3.256457088644816,-3.375611656986792,-2.3123389733980013,0.0,3.692820624691566,-4.756268639419342,0.4615384615384615,28,5,13,0,1,1,0,1,1,10,4,15,7,0,1,1,2,-1.172499999999998,95.65050000000004,1,0,0,1,0,1,0,0,1,1,3,2,0,0,0,3,1,1,0,0,0,0,0,0,0,0,0,2,0,1,0,0,0,0,0,0,0,0,0,0,0,0,0,0,0,0,0,0,0,0,0,0,0,1,0,0,0,0,0,0,0,0,0,1,0,0,0,0,0,0,0,0,0,0,0,0,0,0,0,0,1,0,0,0,0,562.0,Escherichia coli,Bacteria
116551,,18412716,CHEMBL4152562,Antibacterial activity against extended-spectrum beta-lactamase producing Escherichia coli isolate 209285 after 18 hrs by CLSI broth microdilution method,F,BAO_0002146,BAO_0000218,organism-based format,C[C@H]1[C@H](NC(=O)/C(=N\OC(C)(C)C(=O)O)c2csc(N)n2)C(=O)N1S(=O)(=O)O,CHEMBL4152188,Eur J Med Chem,2018.0,CHEMBL158,AZTREONAM,CHEMBL158,0,http://www.openphacts.org/units/MicrogramPerMilliliter,3056020,=,1,1,=,MIC,ug.mL-1,16.0,CHEMBL354,Escherichia coli,Escherichia coli,562.0,,MIC,ug ml-1,UO_0000274,16.0,CHEMBL158,C[C@H]1[C@H](NC(=O)/C(=N\OC(C)(C)C(=O)O)c2csc(N)n2)C(=O)N1S(=O)(=O)O,12.562141912320484,12.562141912320484,0.0349535856009066,-4.756268639419342,0.174788224513646,20.5,435.44000000000017,418.30400000000014,435.051854504,154,0,0.3620751467724121,-0.4782270320177159,0.4782270320177159,0.3620751467724121,1.4642857142857142,2.071428571428572,2.5,32.24529764273617,10.00401161573638,2.513331128805475,-2.416338874010568,2.230948535260857,-2.707807208919476,7.836563836647012,-0.1608446168429468,2.971847309732629,2.2592762983237704,953.8851353067348,21.43879310982592,14.8114553779692,16.444448539824652,12.752743308167698,7.578995896792942,9.855612118054724,6.221230582074894,8.399971119282888,3.730567932227123,5.414072402778615,2.1128455580549623,3.54351374163482,-2.78,690205.5939907836,21.519292322605008,7.325918985638601,4.204134383579708,162.59031069995737,20.994572059745856,11.735768823996422,10.843243482610037,5.601050810983688,11.814359458703011,16.27347016397548,14.141824241834009,14.083731696315263,8.417796984328938,11.336785877934735,5.15571272675054,20.771211599071872,5.380062770465915,6.041840829147961,37.29827438881211,50.26785898322327,0.0,14.605983116249774,5.15571272675054,38.455944068351485,5.733667477162185,11.073990765314376,0.0,0.0,11.050456081168516,5.131558479839333,0.0,11.336785877934735,68.54635098380861,29.525365011975733,0.0,26.46513959392033,10.535775497216456,0.0,0.0,0.0,201.58,51.4842470947288,22.801408536544404,0.0,15.130702465984026,0.0,11.336785877934735,26.151274369537788,0.0,0.0,15.456479851704078,20.23053332942989,31.44978820569469,0.9796905422586336,44.39737831563419,16.334751159546904,3.256457088644816,-3.375611656986792,-2.3123389733980013,0.0,3.692820624691566,-4.756268639419342,0.4615384615384615,28,5,13,0,1,1,0,1,1,10,4,15,7,0,1,1,2,-1.172499999999998,95.65050000000004,1,0,0,1,0,1,0,0,1,1,3,2,0,0,0,3,1,1,0,0,0,0,0,0,0,0,0,2,0,1,0,0,0,0,0,0,0,0,0,0,0,0,0,0,0,0,0,0,0,0,0,0,0,1,0,0,0,0,0,0,0,0,0,1,0,0,0,0,0,0,0,0,0,0,0,0,0,0,0,0,1,0,0,0,0,562.0,Escherichia coli,Bacteria
116551,,18412716,CHEMBL4152562,Antibacterial activity against extended-spectrum beta-lactamase producing Escherichia coli isolate 209285 after 18 hrs by CLSI broth microdilution method,F,BAO_0002146,BAO_0000218,organism-based format,C[C@H]1[C@H](NC(=O)/C(=N\OC(C)(C)C(=O)O)c2csc(N)n2)C(=O)N1S(=O)(=O)O,CHEMBL4152188,Eur J Med Chem,2018.0,CHEMBL158,AZTREONAM,CHEMBL158,0,http://www.openphacts.org/units/MicrogramPerMilliliter,3056020,=,1,1,=,MIC,ug.mL-1,16.0,CHEMBL354,Escherichia coli,Escherichia coli,562.0,,MIC,ug ml-1,UO_0000274,16.0,CHEMBL158,C[C@H]1[C@H](NC(=O)/C(=N\OC(C)(C)C(=O)O)c2csc(N)n2)C(=O)N1S(=O)(=O)O,12.562141912320484,12.562141912320484,0.0349535856009066,-4.756268639419342,0.174788224513646,20.5,435.44000000000017,418.30400000000014,435.051854504,154,0,0.3620751467724121,-0.4782270320177159,0.4782270320177159,0.3620751467724121,1.4642857142857142,2.071428571428572,2.5,32.24529764273617,10.00401161573638,2.513331128805475,-2.416338874010568,2.230948535260857,-2.707807208919476,7.836563836647012,-0.1608446168429468,2.971847309732629,2.2592762983237704,953.8851353067348,21.43879310982592,14.8114553779692,16.444448539824652,12.752743308167698,7.578995896792942,9.855612118054724,6.221230582074894,8.399971119282888,3.730567932227123,5.414072402778615,2.1128455580549623,3.54351374163482,-2.78,690205.5939907836,21.519292322605008,7.325918985638601,4.204134383579708,162.59031069995737,20.994572059745856,11.735768823996422,10.843243482610037,5.601050810983688,11.814359458703011,16.27347016397548,14.141824241834009,14.083731696315263,8.417796984328938,11.336785877934735,5.15571272675054,20.771211599071872,5.380062770465915,6.041840829147961,37.29827438881211,50.26785898322327,0.0,14.605983116249774,5.15571272675054,38.455944068351485,5.733667477162185,11.073990765314376,0.0,0.0,11.050456081168516,5.131558479839333,0.0,11.336785877934735,68.54635098380861,29.525365011975733,0.0,26.46513959392033,10.535775497216456,0.0,0.0,0.0,201.58,51.4842470947288,22.801408536544404,0.0,15.130702465984026,0.0,11.336785877934735,26.151274369537788,0.0,0.0,15.456479851704078,20.23053332942989,31.44978820569469,0.9796905422586336,44.39737831563419,16.334751159546904,3.256457088644816,-3.375611656986792,-2.3123389733980013,0.0,3.692820624691566,-4.756268639419342,0.4615384615384615,28,5,13,0,1,1,0,1,1,10,4,15,7,0,1,1,2,-1.172499999999998,95.65050000000004,1,0,0,1,0,1,0,0,1,1,3,2,0,0,0,3,1,1,0,0,0,0,0,0,0,0,0,2,0,1,0,0,0,0,0,0,0,0,0,0,0,0,0,0,0,0,0,0,0,0,0,0,0,1,0,0,0,0,0,0,0,0,0,1,0,0,0,0,0,0,0,0,0,0,0,0,0,0,0,0,1,0,0,0,0,562.0,Escherichia coli,Bacteria
116551,,18412716,CHEMBL4152562,Antibacterial activity against extended-spectrum beta-lactamase producing Escherichia coli isolate 209285 after 18 hrs by CLSI broth microdilution method,F,BAO_0002146,BAO_0000218,organism-based format,C[C@H]1[C@H](NC(=O)/C(=N\OC(C)(C)C(=O)O)c2csc(N)n2)C(=O)N1S(=O)(=O)O,CHEMBL4152188,Eur J Med Chem,2018.0,CHEMBL158,AZTREONAM,CHEMBL158,0,http://www.openphacts.org/units/MicrogramPerMilliliter,3056020,=,1,1,=,MIC,ug.mL-1,16.0,CHEMBL354,Escherichia coli,Escherichia coli,562.0,,MIC,ug ml-1,UO_0000274,16.0,CHEMBL158,C[C@H]1[C@H](NC(=O)/C(=N\OC(C)(C)C(=O)O)c2csc(N)n2)C(=O)N1S(=O)(=O)O,12.562141912320484,12.562141912320484,0.0349535856009066,-4.756268639419342,0.174788224513646,20.5,435.44000000000017,418.30400000000014,435.051854504,154,0,0.3620751467724121,-0.4782270320177159,0.4782270320177159,0.3620751467724121,1.4642857142857142,2.071428571428572,2.5,32.24529764273617,10.00401161573638,2.513331128805475,-2.416338874010568,2.230948535260857,-2.707807208919476,7.836563836647012,-0.1608446168429468,2.971847309732629,2.2592762983237704,953.8851353067348,21.43879310982592,14.8114553779692,16.444448539824652,12.752743308167698,7.578995896792942,9.855612118054724,6.221230582074894,8.399971119282888,3.730567932227123,5.414072402778615,2.1128455580549623,3.54351374163482,-2.78,690205.5939907836,21.519292322605008,7.325918985638601,4.204134383579708,162.59031069995737,20.994572059745856,11.735768823996422,10.843243482610037,5.601050810983688,11.814359458703011,16.27347016397548,14.141824241834009,14.083731696315263,8.417796984328938,11.336785877934735,5.15571272675054,20.771211599071872,5.380062770465915,6.041840829147961,37.29827438881211,50.26785898322327,0.0,14.605983116249774,5.15571272675054,38.455944068351485,5.733667477162185,11.073990765314376,0.0,0.0,11.050456081168516,5.131558479839333,0.0,11.336785877934735,68.54635098380861,29.525365011975733,0.0,26.46513959392033,10.535775497216456,0.0,0.0,0.0,201.58,51.4842470947288,22.801408536544404,0.0,15.130702465984026,0.0,11.336785877934735,26.151274369537788,0.0,0.0,15.456479851704078,20.23053332942989,31.44978820569469,0.9796905422586336,44.39737831563419,16.334751159546904,3.256457088644816,-3.375611656986792,-2.3123389733980013,0.0,3.692820624691566,-4.756268639419342,0.4615384615384615,28,5,13,0,1,1,0,1,1,10,4,15,7,0,1,1,2,-1.172499999999998,95.65050000000004,1,0,0,1,0,1,0,0,1,1,3,2,0,0,0,3,1,1,0,0,0,0,0,0,0,0,0,2,0,1,0,0,0,0,0,0,0,0,0,0,0,0,0,0,0,0,0,0,0,0,0,0,0,1,0,0,0,0,0,0,0,0,0,1,0,0,0,0,0,0,0,0,0,0,0,0,0,0,0,0,1,0,0,0,0,562.0,Escherichia coli,Bacteria
116551,,18412716,CHEMBL4152562,Antibacterial activity against extended-spectrum beta-lactamase producing Escherichia coli isolate 209285 after 18 hrs by CLSI broth microdilution method,F,BAO_0002146,BAO_0000218,organism-based format,C[C@H]1[C@H](NC(=O)/C(=N\OC(C)(C)C(=O)O)c2csc(N)n2)C(=O)N1S(=O)(=O)O,CHEMBL4152188,Eur J Med Chem,2018.0,CHEMBL158,AZTREONAM,CHEMBL158,0,http://www.openphacts.org/units/MicrogramPerMilliliter,3056020,=,1,1,=,MIC,ug.mL-1,16.0,CHEMBL354,Escherichia coli,Escherichia coli,562.0,,MIC,ug ml-1,UO_0000274,16.0,CHEMBL158,C[C@H]1[C@H](NC(=O)/C(=N\OC(C)(C)C(=O)O)c2csc(N)n2)C(=O)N1S(=O)(=O)O,12.562141912320484,12.562141912320484,0.0349535856009066,-4.756268639419342,0.174788224513646,20.5,435.44000000000017,418.30400000000014,435.051854504,154,0,0.3620751467724121,-0.4782270320177159,0.4782270320177159,0.3620751467724121,1.4642857142857142,2.071428571428572,2.5,32.24529764273617,10.00401161573638,2.513331128805475,-2.416338874010568,2.230948535260857,-2.707807208919476,7.836563836647012,-0.1608446168429468,2.971847309732629,2.2592762983237704,953.8851353067348,21.43879310982592,14.8114553779692,16.444448539824652,12.752743308167698,7.578995896792942,9.855612118054724,6.221230582074894,8.399971119282888,3.730567932227123,5.414072402778615,2.1128455580549623,3.54351374163482,-2.78,690205.5939907836,21.519292322605008,7.325918985638601,4.204134383579708,162.59031069995737,20.994572059745856,11.735768823996422,10.843243482610037,5.601050810983688,11.814359458703011,16.27347016397548,14.141824241834009,14.083731696315263,8.417796984328938,11.336785877934735,5.15571272675054,20.771211599071872,5.380062770465915,6.041840829147961,37.29827438881211,50.26785898322327,0.0,14.605983116249774,5.15571272675054,38.455944068351485,5.733667477162185,11.073990765314376,0.0,0.0,11.050456081168516,5.131558479839333,0.0,11.336785877934735,68.54635098380861,29.525365011975733,0.0,26.46513959392033,10.535775497216456,0.0,0.0,0.0,201.58,51.4842470947288,22.801408536544404,0.0,15.130702465984026,0.0,11.336785877934735,26.151274369537788,0.0,0.0,15.456479851704078,20.23053332942989,31.44978820569469,0.9796905422586336,44.39737831563419,16.334751159546904,3.256457088644816,-3.375611656986792,-2.3123389733980013,0.0,3.692820624691566,-4.756268639419342,0.4615384615384615,28,5,13,0,1,1,0,1,1,10,4,15,7,0,1,1,2,-1.172499999999998,95.65050000000004,1,0,0,1,0,1,0,0,1,1,3,2,0,0,0,3,1,1,0,0,0,0,0,0,0,0,0,2,0,1,0,0,0,0,0,0,0,0,0,0,0,0,0,0,0,0,0,0,0,0,0,0,0,1,0,0,0,0,0,0,0,0,0,1,0,0,0,0,0,0,0,0,0,0,0,0,0,0,0,0,1,0,0,0,0,562.0,Escherichia coli,Bacteria
116552,,18412797,CHEMBL4152565,Antibacterial activity against extended-spectrum beta-lactamase producing Escherichia coli isolate 106342 after 18 hrs by CLSI broth microdilution method,F,BAO_0002146,BAO_0000218,organism-based format,C[C@H]1[C@H](NC(=O)/C(=N\OC(C)(C)C(=O)O)c2csc(N)n2)C(=O)N1S(=O)(=O)O,CHEMBL4152188,Eur J Med Chem,2018.0,CHEMBL158,AZTREONAM,CHEMBL158,0,http://www.openphacts.org/units/MicrogramPerMilliliter,3056020,=,1,1,=,MIC,ug.mL-1,4.0,CHEMBL354,Escherichia coli,Escherichia coli,562.0,,MIC,ug ml-1,UO_0000274,4.0,CHEMBL158,C[C@H]1[C@H](NC(=O)/C(=N\OC(C)(C)C(=O)O)c2csc(N)n2)C(=O)N1S(=O)(=O)O,12.562141912320484,12.562141912320484,0.0349535856009066,-4.756268639419342,0.174788224513646,20.5,435.44000000000017,418.30400000000014,435.051854504,154,0,0.3620751467724121,-0.4782270320177159,0.4782270320177159,0.3620751467724121,1.4642857142857142,2.071428571428572,2.5,32.24529764273617,10.00401161573638,2.513331128805475,-2.416338874010568,2.230948535260857,-2.707807208919476,7.836563836647012,-0.1608446168429468,2.971847309732629,2.2592762983237704,953.8851353067348,21.43879310982592,14.8114553779692,16.444448539824652,12.752743308167698,7.578995896792942,9.855612118054724,6.221230582074894,8.399971119282888,3.730567932227123,5.414072402778615,2.1128455580549623,3.54351374163482,-2.78,690205.5939907836,21.519292322605008,7.325918985638601,4.204134383579708,162.59031069995737,20.994572059745856,11.735768823996422,10.843243482610037,5.601050810983688,11.814359458703011,16.27347016397548,14.141824241834009,14.083731696315263,8.417796984328938,11.336785877934735,5.15571272675054,20.771211599071872,5.380062770465915,6.041840829147961,37.29827438881211,50.26785898322327,0.0,14.605983116249774,5.15571272675054,38.455944068351485,5.733667477162185,11.073990765314376,0.0,0.0,11.050456081168516,5.131558479839333,0.0,11.336785877934735,68.54635098380861,29.525365011975733,0.0,26.46513959392033,10.535775497216456,0.0,0.0,0.0,201.58,51.4842470947288,22.801408536544404,0.0,15.130702465984026,0.0,11.336785877934735,26.151274369537788,0.0,0.0,15.456479851704078,20.23053332942989,31.44978820569469,0.9796905422586336,44.39737831563419,16.334751159546904,3.256457088644816,-3.375611656986792,-2.3123389733980013,0.0,3.692820624691566,-4.756268639419342,0.4615384615384615,28,5,13,0,1,1,0,1,1,10,4,15,7,0,1,1,2,-1.172499999999998,95.65050000000004,1,0,0,1,0,1,0,0,1,1,3,2,0,0,0,3,1,1,0,0,0,0,0,0,0,0,0,2,0,1,0,0,0,0,0,0,0,0,0,0,0,0,0,0,0,0,0,0,0,0,0,0,0,1,0,0,0,0,0,0,0,0,0,1,0,0,0,0,0,0,0,0,0,0,0,0,0,0,0,0,1,0,0,0,0,562.0,Escherichia coli,Bacteria
116552,,18412797,CHEMBL4152565,Antibacterial activity against extended-spectrum beta-lactamase producing Escherichia coli isolate 106342 after 18 hrs by CLSI broth microdilution method,F,BAO_0002146,BAO_0000218,organism-based format,C[C@H]1[C@H](NC(=O)/C(=N\OC(C)(C)C(=O)O)c2csc(N)n2)C(=O)N1S(=O)(=O)O,CHEMBL4152188,Eur J Med Chem,2018.0,CHEMBL158,AZTREONAM,CHEMBL158,0,http://www.openphacts.org/units/MicrogramPerMilliliter,3056020,=,1,1,=,MIC,ug.mL-1,4.0,CHEMBL354,Escherichia coli,Escherichia coli,562.0,,MIC,ug ml-1,UO_0000274,4.0,CHEMBL158,C[C@H]1[C@H](NC(=O)/C(=N\OC(C)(C)C(=O)O)c2csc(N)n2)C(=O)N1S(=O)(=O)O,12.562141912320484,12.562141912320484,0.0349535856009066,-4.756268639419342,0.174788224513646,20.5,435.44000000000017,418.30400000000014,435.051854504,154,0,0.3620751467724121,-0.4782270320177159,0.4782270320177159,0.3620751467724121,1.4642857142857142,2.071428571428572,2.5,32.24529764273617,10.00401161573638,2.513331128805475,-2.416338874010568,2.230948535260857,-2.707807208919476,7.836563836647012,-0.1608446168429468,2.971847309732629,2.2592762983237704,953.8851353067348,21.43879310982592,14.8114553779692,16.444448539824652,12.752743308167698,7.578995896792942,9.855612118054724,6.221230582074894,8.399971119282888,3.730567932227123,5.414072402778615,2.1128455580549623,3.54351374163482,-2.78,690205.5939907836,21.519292322605008,7.325918985638601,4.204134383579708,162.59031069995737,20.994572059745856,11.735768823996422,10.843243482610037,5.601050810983688,11.814359458703011,16.27347016397548,14.141824241834009,14.083731696315263,8.417796984328938,11.336785877934735,5.15571272675054,20.771211599071872,5.380062770465915,6.041840829147961,37.29827438881211,50.26785898322327,0.0,14.605983116249774,5.15571272675054,38.455944068351485,5.733667477162185,11.073990765314376,0.0,0.0,11.050456081168516,5.131558479839333,0.0,11.336785877934735,68.54635098380861,29.525365011975733,0.0,26.46513959392033,10.535775497216456,0.0,0.0,0.0,201.58,51.4842470947288,22.801408536544404,0.0,15.130702465984026,0.0,11.336785877934735,26.151274369537788,0.0,0.0,15.456479851704078,20.23053332942989,31.44978820569469,0.9796905422586336,44.39737831563419,16.334751159546904,3.256457088644816,-3.375611656986792,-2.3123389733980013,0.0,3.692820624691566,-4.756268639419342,0.4615384615384615,28,5,13,0,1,1,0,1,1,10,4,15,7,0,1,1,2,-1.172499999999998,95.65050000000004,1,0,0,1,0,1,0,0,1,1,3,2,0,0,0,3,1,1,0,0,0,0,0,0,0,0,0,2,0,1,0,0,0,0,0,0,0,0,0,0,0,0,0,0,0,0,0,0,0,0,0,0,0,1,0,0,0,0,0,0,0,0,0,1,0,0,0,0,0,0,0,0,0,0,0,0,0,0,0,0,1,0,0,0,0,562.0,Escherichia coli,Bacteria
116552,,18412797,CHEMBL4152565,Antibacterial activity against extended-spectrum beta-lactamase producing Escherichia coli isolate 106342 after 18 hrs by CLSI broth microdilution method,F,BAO_0002146,BAO_0000218,organism-based format,C[C@H]1[C@H](NC(=O)/C(=N\OC(C)(C)C(=O)O)c2csc(N)n2)C(=O)N1S(=O)(=O)O,CHEMBL4152188,Eur J Med Chem,2018.0,CHEMBL158,AZTREONAM,CHEMBL158,0,http://www.openphacts.org/units/MicrogramPerMilliliter,3056020,=,1,1,=,MIC,ug.mL-1,4.0,CHEMBL354,Escherichia coli,Escherichia coli,562.0,,MIC,ug ml-1,UO_0000274,4.0,CHEMBL158,C[C@H]1[C@H](NC(=O)/C(=N\OC(C)(C)C(=O)O)c2csc(N)n2)C(=O)N1S(=O)(=O)O,12.562141912320484,12.562141912320484,0.0349535856009066,-4.756268639419342,0.174788224513646,20.5,435.44000000000017,418.30400000000014,435.051854504,154,0,0.3620751467724121,-0.4782270320177159,0.4782270320177159,0.3620751467724121,1.4642857142857142,2.071428571428572,2.5,32.24529764273617,10.00401161573638,2.513331128805475,-2.416338874010568,2.230948535260857,-2.707807208919476,7.836563836647012,-0.1608446168429468,2.971847309732629,2.2592762983237704,953.8851353067348,21.43879310982592,14.8114553779692,16.444448539824652,12.752743308167698,7.578995896792942,9.855612118054724,6.221230582074894,8.399971119282888,3.730567932227123,5.414072402778615,2.1128455580549623,3.54351374163482,-2.78,690205.5939907836,21.519292322605008,7.325918985638601,4.204134383579708,162.59031069995737,20.994572059745856,11.735768823996422,10.843243482610037,5.601050810983688,11.814359458703011,16.27347016397548,14.141824241834009,14.083731696315263,8.417796984328938,11.336785877934735,5.15571272675054,20.771211599071872,5.380062770465915,6.041840829147961,37.29827438881211,50.26785898322327,0.0,14.605983116249774,5.15571272675054,38.455944068351485,5.733667477162185,11.073990765314376,0.0,0.0,11.050456081168516,5.131558479839333,0.0,11.336785877934735,68.54635098380861,29.525365011975733,0.0,26.46513959392033,10.535775497216456,0.0,0.0,0.0,201.58,51.4842470947288,22.801408536544404,0.0,15.130702465984026,0.0,11.336785877934735,26.151274369537788,0.0,0.0,15.456479851704078,20.23053332942989,31.44978820569469,0.9796905422586336,44.39737831563419,16.334751159546904,3.256457088644816,-3.375611656986792,-2.3123389733980013,0.0,3.692820624691566,-4.756268639419342,0.4615384615384615,28,5,13,0,1,1,0,1,1,10,4,15,7,0,1,1,2,-1.172499999999998,95.65050000000004,1,0,0,1,0,1,0,0,1,1,3,2,0,0,0,3,1,1,0,0,0,0,0,0,0,0,0,2,0,1,0,0,0,0,0,0,0,0,0,0,0,0,0,0,0,0,0,0,0,0,0,0,0,1,0,0,0,0,0,0,0,0,0,1,0,0,0,0,0,0,0,0,0,0,0,0,0,0,0,0,1,0,0,0,0,562.0,Escherichia coli,Bacteria
116552,,18412797,CHEMBL4152565,Antibacterial activity against extended-spectrum beta-lactamase producing Escherichia coli isolate 106342 after 18 hrs by CLSI broth microdilution method,F,BAO_0002146,BAO_0000218,organism-based format,C[C@H]1[C@H](NC(=O)/C(=N\OC(C)(C)C(=O)O)c2csc(N)n2)C(=O)N1S(=O)(=O)O,CHEMBL4152188,Eur J Med Chem,2018.0,CHEMBL158,AZTREONAM,CHEMBL158,0,http://www.openphacts.org/units/MicrogramPerMilliliter,3056020,=,1,1,=,MIC,ug.mL-1,4.0,CHEMBL354,Escherichia coli,Escherichia coli,562.0,,MIC,ug ml-1,UO_0000274,4.0,CHEMBL158,C[C@H]1[C@H](NC(=O)/C(=N\OC(C)(C)C(=O)O)c2csc(N)n2)C(=O)N1S(=O)(=O)O,12.562141912320484,12.562141912320484,0.0349535856009066,-4.756268639419342,0.174788224513646,20.5,435.44000000000017,418.30400000000014,435.051854504,154,0,0.3620751467724121,-0.4782270320177159,0.4782270320177159,0.3620751467724121,1.4642857142857142,2.071428571428572,2.5,32.24529764273617,10.00401161573638,2.513331128805475,-2.416338874010568,2.230948535260857,-2.707807208919476,7.836563836647012,-0.1608446168429468,2.971847309732629,2.2592762983237704,953.8851353067348,21.43879310982592,14.8114553779692,16.444448539824652,12.752743308167698,7.578995896792942,9.855612118054724,6.221230582074894,8.399971119282888,3.730567932227123,5.414072402778615,2.1128455580549623,3.54351374163482,-2.78,690205.5939907836,21.519292322605008,7.325918985638601,4.204134383579708,162.59031069995737,20.994572059745856,11.735768823996422,10.843243482610037,5.601050810983688,11.814359458703011,16.27347016397548,14.141824241834009,14.083731696315263,8.417796984328938,11.336785877934735,5.15571272675054,20.771211599071872,5.380062770465915,6.041840829147961,37.29827438881211,50.26785898322327,0.0,14.605983116249774,5.15571272675054,38.455944068351485,5.733667477162185,11.073990765314376,0.0,0.0,11.050456081168516,5.131558479839333,0.0,11.336785877934735,68.54635098380861,29.525365011975733,0.0,26.46513959392033,10.535775497216456,0.0,0.0,0.0,201.58,51.4842470947288,22.801408536544404,0.0,15.130702465984026,0.0,11.336785877934735,26.151274369537788,0.0,0.0,15.456479851704078,20.23053332942989,31.44978820569469,0.9796905422586336,44.39737831563419,16.334751159546904,3.256457088644816,-3.375611656986792,-2.3123389733980013,0.0,3.692820624691566,-4.756268639419342,0.4615384615384615,28,5,13,0,1,1,0,1,1,10,4,15,7,0,1,1,2,-1.172499999999998,95.65050000000004,1,0,0,1,0,1,0,0,1,1,3,2,0,0,0,3,1,1,0,0,0,0,0,0,0,0,0,2,0,1,0,0,0,0,0,0,0,0,0,0,0,0,0,0,0,0,0,0,0,0,0,0,0,1,0,0,0,0,0,0,0,0,0,1,0,0,0,0,0,0,0,0,0,0,0,0,0,0,0,0,1,0,0,0,0,562.0,Escherichia coli,Bacteria
116553,,18412879,CHEMBL4152568,Antibacterial activity against KPC-2 producing Klebsiella pneumoniae isolate 212423 after 18 hrs by CLSI broth microdilution method,F,BAO_0002146,BAO_0000218,organism-based format,C[C@H]1[C@H](NC(=O)/C(=N\OC(C)(C)C(=O)O)c2csc(N)n2)C(=O)N1S(=O)(=O)O,CHEMBL4152188,Eur J Med Chem,2018.0,CHEMBL158,AZTREONAM,CHEMBL158,0,http://www.openphacts.org/units/MicrogramPerMilliliter,3056020,>,1,1,>,MIC,ug.mL-1,64.0,CHEMBL350,Klebsiella pneumoniae,Klebsiella pneumoniae,573.0,,MIC,ug ml-1,UO_0000274,64.0,CHEMBL158,C[C@H]1[C@H](NC(=O)/C(=N\OC(C)(C)C(=O)O)c2csc(N)n2)C(=O)N1S(=O)(=O)O,12.562141912320484,12.562141912320484,0.0349535856009066,-4.756268639419342,0.174788224513646,20.5,435.44000000000017,418.30400000000014,435.051854504,154,0,0.3620751467724121,-0.4782270320177159,0.4782270320177159,0.3620751467724121,1.4642857142857142,2.071428571428572,2.5,32.24529764273617,10.00401161573638,2.513331128805475,-2.416338874010568,2.230948535260857,-2.707807208919476,7.836563836647012,-0.1608446168429468,2.971847309732629,2.2592762983237704,953.8851353067348,21.43879310982592,14.8114553779692,16.444448539824652,12.752743308167698,7.578995896792942,9.855612118054724,6.221230582074894,8.399971119282888,3.730567932227123,5.414072402778615,2.1128455580549623,3.54351374163482,-2.78,690205.5939907836,21.519292322605008,7.325918985638601,4.204134383579708,162.59031069995737,20.994572059745856,11.735768823996422,10.843243482610037,5.601050810983688,11.814359458703011,16.27347016397548,14.141824241834009,14.083731696315263,8.417796984328938,11.336785877934735,5.15571272675054,20.771211599071872,5.380062770465915,6.041840829147961,37.29827438881211,50.26785898322327,0.0,14.605983116249774,5.15571272675054,38.455944068351485,5.733667477162185,11.073990765314376,0.0,0.0,11.050456081168516,5.131558479839333,0.0,11.336785877934735,68.54635098380861,29.525365011975733,0.0,26.46513959392033,10.535775497216456,0.0,0.0,0.0,201.58,51.4842470947288,22.801408536544404,0.0,15.130702465984026,0.0,11.336785877934735,26.151274369537788,0.0,0.0,15.456479851704078,20.23053332942989,31.44978820569469,0.9796905422586336,44.39737831563419,16.334751159546904,3.256457088644816,-3.375611656986792,-2.3123389733980013,0.0,3.692820624691566,-4.756268639419342,0.4615384615384615,28,5,13,0,1,1,0,1,1,10,4,15,7,0,1,1,2,-1.172499999999998,95.65050000000004,1,0,0,1,0,1,0,0,1,1,3,2,0,0,0,3,1,1,0,0,0,0,0,0,0,0,0,2,0,1,0,0,0,0,0,0,0,0,0,0,0,0,0,0,0,0,0,0,0,0,0,0,0,1,0,0,0,0,0,0,0,0,0,1,0,0,0,0,0,0,0,0,0,0,0,0,0,0,0,0,1,0,0,0,0,573.0,Klebsiella pneumoniae,Bacteria
116553,,18412879,CHEMBL4152568,Antibacterial activity against KPC-2 producing Klebsiella pneumoniae isolate 212423 after 18 hrs by CLSI broth microdilution method,F,BAO_0002146,BAO_0000218,organism-based format,C[C@H]1[C@H](NC(=O)/C(=N\OC(C)(C)C(=O)O)c2csc(N)n2)C(=O)N1S(=O)(=O)O,CHEMBL4152188,Eur J Med Chem,2018.0,CHEMBL158,AZTREONAM,CHEMBL158,0,http://www.openphacts.org/units/MicrogramPerMilliliter,3056020,>,1,1,>,MIC,ug.mL-1,64.0,CHEMBL350,Klebsiella pneumoniae,Klebsiella pneumoniae,573.0,,MIC,ug ml-1,UO_0000274,64.0,CHEMBL158,C[C@H]1[C@H](NC(=O)/C(=N\OC(C)(C)C(=O)O)c2csc(N)n2)C(=O)N1S(=O)(=O)O,12.562141912320484,12.562141912320484,0.0349535856009066,-4.756268639419342,0.174788224513646,20.5,435.44000000000017,418.30400000000014,435.051854504,154,0,0.3620751467724121,-0.4782270320177159,0.4782270320177159,0.3620751467724121,1.4642857142857142,2.071428571428572,2.5,32.24529764273617,10.00401161573638,2.513331128805475,-2.416338874010568,2.230948535260857,-2.707807208919476,7.836563836647012,-0.1608446168429468,2.971847309732629,2.2592762983237704,953.8851353067348,21.43879310982592,14.8114553779692,16.444448539824652,12.752743308167698,7.578995896792942,9.855612118054724,6.221230582074894,8.399971119282888,3.730567932227123,5.414072402778615,2.1128455580549623,3.54351374163482,-2.78,690205.5939907836,21.519292322605008,7.325918985638601,4.204134383579708,162.59031069995737,20.994572059745856,11.735768823996422,10.843243482610037,5.601050810983688,11.814359458703011,16.27347016397548,14.141824241834009,14.083731696315263,8.417796984328938,11.336785877934735,5.15571272675054,20.771211599071872,5.380062770465915,6.041840829147961,37.29827438881211,50.26785898322327,0.0,14.605983116249774,5.15571272675054,38.455944068351485,5.733667477162185,11.073990765314376,0.0,0.0,11.050456081168516,5.131558479839333,0.0,11.336785877934735,68.54635098380861,29.525365011975733,0.0,26.46513959392033,10.535775497216456,0.0,0.0,0.0,201.58,51.4842470947288,22.801408536544404,0.0,15.130702465984026,0.0,11.336785877934735,26.151274369537788,0.0,0.0,15.456479851704078,20.23053332942989,31.44978820569469,0.9796905422586336,44.39737831563419,16.334751159546904,3.256457088644816,-3.375611656986792,-2.3123389733980013,0.0,3.692820624691566,-4.756268639419342,0.4615384615384615,28,5,13,0,1,1,0,1,1,10,4,15,7,0,1,1,2,-1.172499999999998,95.65050000000004,1,0,0,1,0,1,0,0,1,1,3,2,0,0,0,3,1,1,0,0,0,0,0,0,0,0,0,2,0,1,0,0,0,0,0,0,0,0,0,0,0,0,0,0,0,0,0,0,0,0,0,0,0,1,0,0,0,0,0,0,0,0,0,1,0,0,0,0,0,0,0,0,0,0,0,0,0,0,0,0,1,0,0,0,0,573.0,Klebsiella pneumoniae,Bacteria
116554,,18412960,CHEMBL4152571,Antibacterial activity against KPC-2 producing Klebsiella pneumoniae isolate 209632 after 18 hrs by CLSI broth microdilution method,F,BAO_0002146,BAO_0000218,organism-based format,C[C@H]1[C@H](NC(=O)/C(=N\OC(C)(C)C(=O)O)c2csc(N)n2)C(=O)N1S(=O)(=O)O,CHEMBL4152188,Eur J Med Chem,2018.0,CHEMBL158,AZTREONAM,CHEMBL158,0,http://www.openphacts.org/units/MicrogramPerMilliliter,3056020,>,1,1,>,MIC,ug.mL-1,64.0,CHEMBL350,Klebsiella pneumoniae,Klebsiella pneumoniae,573.0,,MIC,ug ml-1,UO_0000274,64.0,CHEMBL158,C[C@H]1[C@H](NC(=O)/C(=N\OC(C)(C)C(=O)O)c2csc(N)n2)C(=O)N1S(=O)(=O)O,12.562141912320484,12.562141912320484,0.0349535856009066,-4.756268639419342,0.174788224513646,20.5,435.44000000000017,418.30400000000014,435.051854504,154,0,0.3620751467724121,-0.4782270320177159,0.4782270320177159,0.3620751467724121,1.4642857142857142,2.071428571428572,2.5,32.24529764273617,10.00401161573638,2.513331128805475,-2.416338874010568,2.230948535260857,-2.707807208919476,7.836563836647012,-0.1608446168429468,2.971847309732629,2.2592762983237704,953.8851353067348,21.43879310982592,14.8114553779692,16.444448539824652,12.752743308167698,7.578995896792942,9.855612118054724,6.221230582074894,8.399971119282888,3.730567932227123,5.414072402778615,2.1128455580549623,3.54351374163482,-2.78,690205.5939907836,21.519292322605008,7.325918985638601,4.204134383579708,162.59031069995737,20.994572059745856,11.735768823996422,10.843243482610037,5.601050810983688,11.814359458703011,16.27347016397548,14.141824241834009,14.083731696315263,8.417796984328938,11.336785877934735,5.15571272675054,20.771211599071872,5.380062770465915,6.041840829147961,37.29827438881211,50.26785898322327,0.0,14.605983116249774,5.15571272675054,38.455944068351485,5.733667477162185,11.073990765314376,0.0,0.0,11.050456081168516,5.131558479839333,0.0,11.336785877934735,68.54635098380861,29.525365011975733,0.0,26.46513959392033,10.535775497216456,0.0,0.0,0.0,201.58,51.4842470947288,22.801408536544404,0.0,15.130702465984026,0.0,11.336785877934735,26.151274369537788,0.0,0.0,15.456479851704078,20.23053332942989,31.44978820569469,0.9796905422586336,44.39737831563419,16.334751159546904,3.256457088644816,-3.375611656986792,-2.3123389733980013,0.0,3.692820624691566,-4.756268639419342,0.4615384615384615,28,5,13,0,1,1,0,1,1,10,4,15,7,0,1,1,2,-1.172499999999998,95.65050000000004,1,0,0,1,0,1,0,0,1,1,3,2,0,0,0,3,1,1,0,0,0,0,0,0,0,0,0,2,0,1,0,0,0,0,0,0,0,0,0,0,0,0,0,0,0,0,0,0,0,0,0,0,0,1,0,0,0,0,0,0,0,0,0,1,0,0,0,0,0,0,0,0,0,0,0,0,0,0,0,0,1,0,0,0,0,573.0,Klebsiella pneumoniae,Bacteria
116554,,18412960,CHEMBL4152571,Antibacterial activity against KPC-2 producing Klebsiella pneumoniae isolate 209632 after 18 hrs by CLSI broth microdilution method,F,BAO_0002146,BAO_0000218,organism-based format,C[C@H]1[C@H](NC(=O)/C(=N\OC(C)(C)C(=O)O)c2csc(N)n2)C(=O)N1S(=O)(=O)O,CHEMBL4152188,Eur J Med Chem,2018.0,CHEMBL158,AZTREONAM,CHEMBL158,0,http://www.openphacts.org/units/MicrogramPerMilliliter,3056020,>,1,1,>,MIC,ug.mL-1,64.0,CHEMBL350,Klebsiella pneumoniae,Klebsiella pneumoniae,573.0,,MIC,ug ml-1,UO_0000274,64.0,CHEMBL158,C[C@H]1[C@H](NC(=O)/C(=N\OC(C)(C)C(=O)O)c2csc(N)n2)C(=O)N1S(=O)(=O)O,12.562141912320484,12.562141912320484,0.0349535856009066,-4.756268639419342,0.174788224513646,20.5,435.44000000000017,418.30400000000014,435.051854504,154,0,0.3620751467724121,-0.4782270320177159,0.4782270320177159,0.3620751467724121,1.4642857142857142,2.071428571428572,2.5,32.24529764273617,10.00401161573638,2.513331128805475,-2.416338874010568,2.230948535260857,-2.707807208919476,7.836563836647012,-0.1608446168429468,2.971847309732629,2.2592762983237704,953.8851353067348,21.43879310982592,14.8114553779692,16.444448539824652,12.752743308167698,7.578995896792942,9.855612118054724,6.221230582074894,8.399971119282888,3.730567932227123,5.414072402778615,2.1128455580549623,3.54351374163482,-2.78,690205.5939907836,21.519292322605008,7.325918985638601,4.204134383579708,162.59031069995737,20.994572059745856,11.735768823996422,10.843243482610037,5.601050810983688,11.814359458703011,16.27347016397548,14.141824241834009,14.083731696315263,8.417796984328938,11.336785877934735,5.15571272675054,20.771211599071872,5.380062770465915,6.041840829147961,37.29827438881211,50.26785898322327,0.0,14.605983116249774,5.15571272675054,38.455944068351485,5.733667477162185,11.073990765314376,0.0,0.0,11.050456081168516,5.131558479839333,0.0,11.336785877934735,68.54635098380861,29.525365011975733,0.0,26.46513959392033,10.535775497216456,0.0,0.0,0.0,201.58,51.4842470947288,22.801408536544404,0.0,15.130702465984026,0.0,11.336785877934735,26.151274369537788,0.0,0.0,15.456479851704078,20.23053332942989,31.44978820569469,0.9796905422586336,44.39737831563419,16.334751159546904,3.256457088644816,-3.375611656986792,-2.3123389733980013,0.0,3.692820624691566,-4.756268639419342,0.4615384615384615,28,5,13,0,1,1,0,1,1,10,4,15,7,0,1,1,2,-1.172499999999998,95.65050000000004,1,0,0,1,0,1,0,0,1,1,3,2,0,0,0,3,1,1,0,0,0,0,0,0,0,0,0,2,0,1,0,0,0,0,0,0,0,0,0,0,0,0,0,0,0,0,0,0,0,0,0,0,0,1,0,0,0,0,0,0,0,0,0,1,0,0,0,0,0,0,0,0,0,0,0,0,0,0,0,0,1,0,0,0,0,573.0,Klebsiella pneumoniae,Bacteria
116555,,18413041,CHEMBL4152574,Antibacterial activity against KPC-2 producing Klebsiella pneumoniae isolate 209735 after 18 hrs by CLSI broth microdilution method,F,BAO_0002146,BAO_0000218,organism-based format,C[C@H]1[C@H](NC(=O)/C(=N\OC(C)(C)C(=O)O)c2csc(N)n2)C(=O)N1S(=O)(=O)O,CHEMBL4152188,Eur J Med Chem,2018.0,CHEMBL158,AZTREONAM,CHEMBL158,0,http://www.openphacts.org/units/MicrogramPerMilliliter,3056020,>,1,1,>,MIC,ug.mL-1,64.0,CHEMBL350,Klebsiella pneumoniae,Klebsiella pneumoniae,573.0,,MIC,ug ml-1,UO_0000274,64.0,CHEMBL158,C[C@H]1[C@H](NC(=O)/C(=N\OC(C)(C)C(=O)O)c2csc(N)n2)C(=O)N1S(=O)(=O)O,12.562141912320484,12.562141912320484,0.0349535856009066,-4.756268639419342,0.174788224513646,20.5,435.44000000000017,418.30400000000014,435.051854504,154,0,0.3620751467724121,-0.4782270320177159,0.4782270320177159,0.3620751467724121,1.4642857142857142,2.071428571428572,2.5,32.24529764273617,10.00401161573638,2.513331128805475,-2.416338874010568,2.230948535260857,-2.707807208919476,7.836563836647012,-0.1608446168429468,2.971847309732629,2.2592762983237704,953.8851353067348,21.43879310982592,14.8114553779692,16.444448539824652,12.752743308167698,7.578995896792942,9.855612118054724,6.221230582074894,8.399971119282888,3.730567932227123,5.414072402778615,2.1128455580549623,3.54351374163482,-2.78,690205.5939907836,21.519292322605008,7.325918985638601,4.204134383579708,162.59031069995737,20.994572059745856,11.735768823996422,10.843243482610037,5.601050810983688,11.814359458703011,16.27347016397548,14.141824241834009,14.083731696315263,8.417796984328938,11.336785877934735,5.15571272675054,20.771211599071872,5.380062770465915,6.041840829147961,37.29827438881211,50.26785898322327,0.0,14.605983116249774,5.15571272675054,38.455944068351485,5.733667477162185,11.073990765314376,0.0,0.0,11.050456081168516,5.131558479839333,0.0,11.336785877934735,68.54635098380861,29.525365011975733,0.0,26.46513959392033,10.535775497216456,0.0,0.0,0.0,201.58,51.4842470947288,22.801408536544404,0.0,15.130702465984026,0.0,11.336785877934735,26.151274369537788,0.0,0.0,15.456479851704078,20.23053332942989,31.44978820569469,0.9796905422586336,44.39737831563419,16.334751159546904,3.256457088644816,-3.375611656986792,-2.3123389733980013,0.0,3.692820624691566,-4.756268639419342,0.4615384615384615,28,5,13,0,1,1,0,1,1,10,4,15,7,0,1,1,2,-1.172499999999998,95.65050000000004,1,0,0,1,0,1,0,0,1,1,3,2,0,0,0,3,1,1,0,0,0,0,0,0,0,0,0,2,0,1,0,0,0,0,0,0,0,0,0,0,0,0,0,0,0,0,0,0,0,0,0,0,0,1,0,0,0,0,0,0,0,0,0,1,0,0,0,0,0,0,0,0,0,0,0,0,0,0,0,0,1,0,0,0,0,573.0,Klebsiella pneumoniae,Bacteria
116555,,18413041,CHEMBL4152574,Antibacterial activity against KPC-2 producing Klebsiella pneumoniae isolate 209735 after 18 hrs by CLSI broth microdilution method,F,BAO_0002146,BAO_0000218,organism-based format,C[C@H]1[C@H](NC(=O)/C(=N\OC(C)(C)C(=O)O)c2csc(N)n2)C(=O)N1S(=O)(=O)O,CHEMBL4152188,Eur J Med Chem,2018.0,CHEMBL158,AZTREONAM,CHEMBL158,0,http://www.openphacts.org/units/MicrogramPerMilliliter,3056020,>,1,1,>,MIC,ug.mL-1,64.0,CHEMBL350,Klebsiella pneumoniae,Klebsiella pneumoniae,573.0,,MIC,ug ml-1,UO_0000274,64.0,CHEMBL158,C[C@H]1[C@H](NC(=O)/C(=N\OC(C)(C)C(=O)O)c2csc(N)n2)C(=O)N1S(=O)(=O)O,12.562141912320484,12.562141912320484,0.0349535856009066,-4.756268639419342,0.174788224513646,20.5,435.44000000000017,418.30400000000014,435.051854504,154,0,0.3620751467724121,-0.4782270320177159,0.4782270320177159,0.3620751467724121,1.4642857142857142,2.071428571428572,2.5,32.24529764273617,10.00401161573638,2.513331128805475,-2.416338874010568,2.230948535260857,-2.707807208919476,7.836563836647012,-0.1608446168429468,2.971847309732629,2.2592762983237704,953.8851353067348,21.43879310982592,14.8114553779692,16.444448539824652,12.752743308167698,7.578995896792942,9.855612118054724,6.221230582074894,8.399971119282888,3.730567932227123,5.414072402778615,2.1128455580549623,3.54351374163482,-2.78,690205.5939907836,21.519292322605008,7.325918985638601,4.204134383579708,162.59031069995737,20.994572059745856,11.735768823996422,10.843243482610037,5.601050810983688,11.814359458703011,16.27347016397548,14.141824241834009,14.083731696315263,8.417796984328938,11.336785877934735,5.15571272675054,20.771211599071872,5.380062770465915,6.041840829147961,37.29827438881211,50.26785898322327,0.0,14.605983116249774,5.15571272675054,38.455944068351485,5.733667477162185,11.073990765314376,0.0,0.0,11.050456081168516,5.131558479839333,0.0,11.336785877934735,68.54635098380861,29.525365011975733,0.0,26.46513959392033,10.535775497216456,0.0,0.0,0.0,201.58,51.4842470947288,22.801408536544404,0.0,15.130702465984026,0.0,11.336785877934735,26.151274369537788,0.0,0.0,15.456479851704078,20.23053332942989,31.44978820569469,0.9796905422586336,44.39737831563419,16.334751159546904,3.256457088644816,-3.375611656986792,-2.3123389733980013,0.0,3.692820624691566,-4.756268639419342,0.4615384615384615,28,5,13,0,1,1,0,1,1,10,4,15,7,0,1,1,2,-1.172499999999998,95.65050000000004,1,0,0,1,0,1,0,0,1,1,3,2,0,0,0,3,1,1,0,0,0,0,0,0,0,0,0,2,0,1,0,0,0,0,0,0,0,0,0,0,0,0,0,0,0,0,0,0,0,0,0,0,0,1,0,0,0,0,0,0,0,0,0,1,0,0,0,0,0,0,0,0,0,0,0,0,0,0,0,0,1,0,0,0,0,573.0,Klebsiella pneumoniae,Bacteria
116556,,18413122,CHEMBL4152577,Antibacterial activity against KPC-2 producing Klebsiella pneumoniae isolate 212232 after 18 hrs by CLSI broth microdilution method,F,BAO_0002146,BAO_0000218,organism-based format,C[C@H]1[C@H](NC(=O)/C(=N\OC(C)(C)C(=O)O)c2csc(N)n2)C(=O)N1S(=O)(=O)O,CHEMBL4152188,Eur J Med Chem,2018.0,CHEMBL158,AZTREONAM,CHEMBL158,0,http://www.openphacts.org/units/MicrogramPerMilliliter,3056020,>,1,1,>,MIC,ug.mL-1,64.0,CHEMBL350,Klebsiella pneumoniae,Klebsiella pneumoniae,573.0,,MIC,ug ml-1,UO_0000274,64.0,CHEMBL158,C[C@H]1[C@H](NC(=O)/C(=N\OC(C)(C)C(=O)O)c2csc(N)n2)C(=O)N1S(=O)(=O)O,12.562141912320484,12.562141912320484,0.0349535856009066,-4.756268639419342,0.174788224513646,20.5,435.44000000000017,418.30400000000014,435.051854504,154,0,0.3620751467724121,-0.4782270320177159,0.4782270320177159,0.3620751467724121,1.4642857142857142,2.071428571428572,2.5,32.24529764273617,10.00401161573638,2.513331128805475,-2.416338874010568,2.230948535260857,-2.707807208919476,7.836563836647012,-0.1608446168429468,2.971847309732629,2.2592762983237704,953.8851353067348,21.43879310982592,14.8114553779692,16.444448539824652,12.752743308167698,7.578995896792942,9.855612118054724,6.221230582074894,8.399971119282888,3.730567932227123,5.414072402778615,2.1128455580549623,3.54351374163482,-2.78,690205.5939907836,21.519292322605008,7.325918985638601,4.204134383579708,162.59031069995737,20.994572059745856,11.735768823996422,10.843243482610037,5.601050810983688,11.814359458703011,16.27347016397548,14.141824241834009,14.083731696315263,8.417796984328938,11.336785877934735,5.15571272675054,20.771211599071872,5.380062770465915,6.041840829147961,37.29827438881211,50.26785898322327,0.0,14.605983116249774,5.15571272675054,38.455944068351485,5.733667477162185,11.073990765314376,0.0,0.0,11.050456081168516,5.131558479839333,0.0,11.336785877934735,68.54635098380861,29.525365011975733,0.0,26.46513959392033,10.535775497216456,0.0,0.0,0.0,201.58,51.4842470947288,22.801408536544404,0.0,15.130702465984026,0.0,11.336785877934735,26.151274369537788,0.0,0.0,15.456479851704078,20.23053332942989,31.44978820569469,0.9796905422586336,44.39737831563419,16.334751159546904,3.256457088644816,-3.375611656986792,-2.3123389733980013,0.0,3.692820624691566,-4.756268639419342,0.4615384615384615,28,5,13,0,1,1,0,1,1,10,4,15,7,0,1,1,2,-1.172499999999998,95.65050000000004,1,0,0,1,0,1,0,0,1,1,3,2,0,0,0,3,1,1,0,0,0,0,0,0,0,0,0,2,0,1,0,0,0,0,0,0,0,0,0,0,0,0,0,0,0,0,0,0,0,0,0,0,0,1,0,0,0,0,0,0,0,0,0,1,0,0,0,0,0,0,0,0,0,0,0,0,0,0,0,0,1,0,0,0,0,573.0,Klebsiella pneumoniae,Bacteria
116556,,18413122,CHEMBL4152577,Antibacterial activity against KPC-2 producing Klebsiella pneumoniae isolate 212232 after 18 hrs by CLSI broth microdilution method,F,BAO_0002146,BAO_0000218,organism-based format,C[C@H]1[C@H](NC(=O)/C(=N\OC(C)(C)C(=O)O)c2csc(N)n2)C(=O)N1S(=O)(=O)O,CHEMBL4152188,Eur J Med Chem,2018.0,CHEMBL158,AZTREONAM,CHEMBL158,0,http://www.openphacts.org/units/MicrogramPerMilliliter,3056020,>,1,1,>,MIC,ug.mL-1,64.0,CHEMBL350,Klebsiella pneumoniae,Klebsiella pneumoniae,573.0,,MIC,ug ml-1,UO_0000274,64.0,CHEMBL158,C[C@H]1[C@H](NC(=O)/C(=N\OC(C)(C)C(=O)O)c2csc(N)n2)C(=O)N1S(=O)(=O)O,12.562141912320484,12.562141912320484,0.0349535856009066,-4.756268639419342,0.174788224513646,20.5,435.44000000000017,418.30400000000014,435.051854504,154,0,0.3620751467724121,-0.4782270320177159,0.4782270320177159,0.3620751467724121,1.4642857142857142,2.071428571428572,2.5,32.24529764273617,10.00401161573638,2.513331128805475,-2.416338874010568,2.230948535260857,-2.707807208919476,7.836563836647012,-0.1608446168429468,2.971847309732629,2.2592762983237704,953.8851353067348,21.43879310982592,14.8114553779692,16.444448539824652,12.752743308167698,7.578995896792942,9.855612118054724,6.221230582074894,8.399971119282888,3.730567932227123,5.414072402778615,2.1128455580549623,3.54351374163482,-2.78,690205.5939907836,21.519292322605008,7.325918985638601,4.204134383579708,162.59031069995737,20.994572059745856,11.735768823996422,10.843243482610037,5.601050810983688,11.814359458703011,16.27347016397548,14.141824241834009,14.083731696315263,8.417796984328938,11.336785877934735,5.15571272675054,20.771211599071872,5.380062770465915,6.041840829147961,37.29827438881211,50.26785898322327,0.0,14.605983116249774,5.15571272675054,38.455944068351485,5.733667477162185,11.073990765314376,0.0,0.0,11.050456081168516,5.131558479839333,0.0,11.336785877934735,68.54635098380861,29.525365011975733,0.0,26.46513959392033,10.535775497216456,0.0,0.0,0.0,201.58,51.4842470947288,22.801408536544404,0.0,15.130702465984026,0.0,11.336785877934735,26.151274369537788,0.0,0.0,15.456479851704078,20.23053332942989,31.44978820569469,0.9796905422586336,44.39737831563419,16.334751159546904,3.256457088644816,-3.375611656986792,-2.3123389733980013,0.0,3.692820624691566,-4.756268639419342,0.4615384615384615,28,5,13,0,1,1,0,1,1,10,4,15,7,0,1,1,2,-1.172499999999998,95.65050000000004,1,0,0,1,0,1,0,0,1,1,3,2,0,0,0,3,1,1,0,0,0,0,0,0,0,0,0,2,0,1,0,0,0,0,0,0,0,0,0,0,0,0,0,0,0,0,0,0,0,0,0,0,0,1,0,0,0,0,0,0,0,0,0,1,0,0,0,0,0,0,0,0,0,0,0,0,0,0,0,0,1,0,0,0,0,573.0,Klebsiella pneumoniae,Bacteria
116557,,18413203,CHEMBL4152580,Antibacterial activity against KPC-2 producing Klebsiella pneumoniae isolate 212229 after 18 hrs by CLSI broth microdilution method,F,BAO_0002146,BAO_0000218,organism-based format,C[C@H]1[C@H](NC(=O)/C(=N\OC(C)(C)C(=O)O)c2csc(N)n2)C(=O)N1S(=O)(=O)O,CHEMBL4152188,Eur J Med Chem,2018.0,CHEMBL158,AZTREONAM,CHEMBL158,0,http://www.openphacts.org/units/MicrogramPerMilliliter,3056020,>,1,1,>,MIC,ug.mL-1,64.0,CHEMBL350,Klebsiella pneumoniae,Klebsiella pneumoniae,573.0,,MIC,ug ml-1,UO_0000274,64.0,CHEMBL158,C[C@H]1[C@H](NC(=O)/C(=N\OC(C)(C)C(=O)O)c2csc(N)n2)C(=O)N1S(=O)(=O)O,12.562141912320484,12.562141912320484,0.0349535856009066,-4.756268639419342,0.174788224513646,20.5,435.44000000000017,418.30400000000014,435.051854504,154,0,0.3620751467724121,-0.4782270320177159,0.4782270320177159,0.3620751467724121,1.4642857142857142,2.071428571428572,2.5,32.24529764273617,10.00401161573638,2.513331128805475,-2.416338874010568,2.230948535260857,-2.707807208919476,7.836563836647012,-0.1608446168429468,2.971847309732629,2.2592762983237704,953.8851353067348,21.43879310982592,14.8114553779692,16.444448539824652,12.752743308167698,7.578995896792942,9.855612118054724,6.221230582074894,8.399971119282888,3.730567932227123,5.414072402778615,2.1128455580549623,3.54351374163482,-2.78,690205.5939907836,21.519292322605008,7.325918985638601,4.204134383579708,162.59031069995737,20.994572059745856,11.735768823996422,10.843243482610037,5.601050810983688,11.814359458703011,16.27347016397548,14.141824241834009,14.083731696315263,8.417796984328938,11.336785877934735,5.15571272675054,20.771211599071872,5.380062770465915,6.041840829147961,37.29827438881211,50.26785898322327,0.0,14.605983116249774,5.15571272675054,38.455944068351485,5.733667477162185,11.073990765314376,0.0,0.0,11.050456081168516,5.131558479839333,0.0,11.336785877934735,68.54635098380861,29.525365011975733,0.0,26.46513959392033,10.535775497216456,0.0,0.0,0.0,201.58,51.4842470947288,22.801408536544404,0.0,15.130702465984026,0.0,11.336785877934735,26.151274369537788,0.0,0.0,15.456479851704078,20.23053332942989,31.44978820569469,0.9796905422586336,44.39737831563419,16.334751159546904,3.256457088644816,-3.375611656986792,-2.3123389733980013,0.0,3.692820624691566,-4.756268639419342,0.4615384615384615,28,5,13,0,1,1,0,1,1,10,4,15,7,0,1,1,2,-1.172499999999998,95.65050000000004,1,0,0,1,0,1,0,0,1,1,3,2,0,0,0,3,1,1,0,0,0,0,0,0,0,0,0,2,0,1,0,0,0,0,0,0,0,0,0,0,0,0,0,0,0,0,0,0,0,0,0,0,0,1,0,0,0,0,0,0,0,0,0,1,0,0,0,0,0,0,0,0,0,0,0,0,0,0,0,0,1,0,0,0,0,573.0,Klebsiella pneumoniae,Bacteria
116557,,18413203,CHEMBL4152580,Antibacterial activity against KPC-2 producing Klebsiella pneumoniae isolate 212229 after 18 hrs by CLSI broth microdilution method,F,BAO_0002146,BAO_0000218,organism-based format,C[C@H]1[C@H](NC(=O)/C(=N\OC(C)(C)C(=O)O)c2csc(N)n2)C(=O)N1S(=O)(=O)O,CHEMBL4152188,Eur J Med Chem,2018.0,CHEMBL158,AZTREONAM,CHEMBL158,0,http://www.openphacts.org/units/MicrogramPerMilliliter,3056020,>,1,1,>,MIC,ug.mL-1,64.0,CHEMBL350,Klebsiella pneumoniae,Klebsiella pneumoniae,573.0,,MIC,ug ml-1,UO_0000274,64.0,CHEMBL158,C[C@H]1[C@H](NC(=O)/C(=N\OC(C)(C)C(=O)O)c2csc(N)n2)C(=O)N1S(=O)(=O)O,12.562141912320484,12.562141912320484,0.0349535856009066,-4.756268639419342,0.174788224513646,20.5,435.44000000000017,418.30400000000014,435.051854504,154,0,0.3620751467724121,-0.4782270320177159,0.4782270320177159,0.3620751467724121,1.4642857142857142,2.071428571428572,2.5,32.24529764273617,10.00401161573638,2.513331128805475,-2.416338874010568,2.230948535260857,-2.707807208919476,7.836563836647012,-0.1608446168429468,2.971847309732629,2.2592762983237704,953.8851353067348,21.43879310982592,14.8114553779692,16.444448539824652,12.752743308167698,7.578995896792942,9.855612118054724,6.221230582074894,8.399971119282888,3.730567932227123,5.414072402778615,2.1128455580549623,3.54351374163482,-2.78,690205.5939907836,21.519292322605008,7.325918985638601,4.204134383579708,162.59031069995737,20.994572059745856,11.735768823996422,10.843243482610037,5.601050810983688,11.814359458703011,16.27347016397548,14.141824241834009,14.083731696315263,8.417796984328938,11.336785877934735,5.15571272675054,20.771211599071872,5.380062770465915,6.041840829147961,37.29827438881211,50.26785898322327,0.0,14.605983116249774,5.15571272675054,38.455944068351485,5.733667477162185,11.073990765314376,0.0,0.0,11.050456081168516,5.131558479839333,0.0,11.336785877934735,68.54635098380861,29.525365011975733,0.0,26.46513959392033,10.535775497216456,0.0,0.0,0.0,201.58,51.4842470947288,22.801408536544404,0.0,15.130702465984026,0.0,11.336785877934735,26.151274369537788,0.0,0.0,15.456479851704078,20.23053332942989,31.44978820569469,0.9796905422586336,44.39737831563419,16.334751159546904,3.256457088644816,-3.375611656986792,-2.3123389733980013,0.0,3.692820624691566,-4.756268639419342,0.4615384615384615,28,5,13,0,1,1,0,1,1,10,4,15,7,0,1,1,2,-1.172499999999998,95.65050000000004,1,0,0,1,0,1,0,0,1,1,3,2,0,0,0,3,1,1,0,0,0,0,0,0,0,0,0,2,0,1,0,0,0,0,0,0,0,0,0,0,0,0,0,0,0,0,0,0,0,0,0,0,0,1,0,0,0,0,0,0,0,0,0,1,0,0,0,0,0,0,0,0,0,0,0,0,0,0,0,0,1,0,0,0,0,573.0,Klebsiella pneumoniae,Bacteria
116558,,18413284,CHEMBL4152583,Antibacterial activity against IMP-4 producing Pseudomonas aeruginosa isolate 212886 after 18 hrs by CLSI broth microdilution method,F,BAO_0002146,BAO_0000218,organism-based format,C[C@H]1[C@H](NC(=O)/C(=N\OC(C)(C)C(=O)O)c2csc(N)n2)C(=O)N1S(=O)(=O)O,CHEMBL4152188,Eur J Med Chem,2018.0,CHEMBL158,AZTREONAM,CHEMBL158,0,http://www.openphacts.org/units/MicrogramPerMilliliter,3056020,=,1,1,=,MIC,ug.mL-1,32.0,CHEMBL348,Pseudomonas aeruginosa,Pseudomonas aeruginosa,287.0,,MIC,ug ml-1,UO_0000274,32.0,CHEMBL158,C[C@H]1[C@H](NC(=O)/C(=N\OC(C)(C)C(=O)O)c2csc(N)n2)C(=O)N1S(=O)(=O)O,12.562141912320484,12.562141912320484,0.0349535856009066,-4.756268639419342,0.174788224513646,20.5,435.44000000000017,418.30400000000014,435.051854504,154,0,0.3620751467724121,-0.4782270320177159,0.4782270320177159,0.3620751467724121,1.4642857142857142,2.071428571428572,2.5,32.24529764273617,10.00401161573638,2.513331128805475,-2.416338874010568,2.230948535260857,-2.707807208919476,7.836563836647012,-0.1608446168429468,2.971847309732629,2.2592762983237704,953.8851353067348,21.43879310982592,14.8114553779692,16.444448539824652,12.752743308167698,7.578995896792942,9.855612118054724,6.221230582074894,8.399971119282888,3.730567932227123,5.414072402778615,2.1128455580549623,3.54351374163482,-2.78,690205.5939907836,21.519292322605008,7.325918985638601,4.204134383579708,162.59031069995737,20.994572059745856,11.735768823996422,10.843243482610037,5.601050810983688,11.814359458703011,16.27347016397548,14.141824241834009,14.083731696315263,8.417796984328938,11.336785877934735,5.15571272675054,20.771211599071872,5.380062770465915,6.041840829147961,37.29827438881211,50.26785898322327,0.0,14.605983116249774,5.15571272675054,38.455944068351485,5.733667477162185,11.073990765314376,0.0,0.0,11.050456081168516,5.131558479839333,0.0,11.336785877934735,68.54635098380861,29.525365011975733,0.0,26.46513959392033,10.535775497216456,0.0,0.0,0.0,201.58,51.4842470947288,22.801408536544404,0.0,15.130702465984026,0.0,11.336785877934735,26.151274369537788,0.0,0.0,15.456479851704078,20.23053332942989,31.44978820569469,0.9796905422586336,44.39737831563419,16.334751159546904,3.256457088644816,-3.375611656986792,-2.3123389733980013,0.0,3.692820624691566,-4.756268639419342,0.4615384615384615,28,5,13,0,1,1,0,1,1,10,4,15,7,0,1,1,2,-1.172499999999998,95.65050000000004,1,0,0,1,0,1,0,0,1,1,3,2,0,0,0,3,1,1,0,0,0,0,0,0,0,0,0,2,0,1,0,0,0,0,0,0,0,0,0,0,0,0,0,0,0,0,0,0,0,0,0,0,0,1,0,0,0,0,0,0,0,0,0,1,0,0,0,0,0,0,0,0,0,0,0,0,0,0,0,0,1,0,0,0,0,287.0,Pseudomonas aeruginosa,Bacteria
116558,,18413284,CHEMBL4152583,Antibacterial activity against IMP-4 producing Pseudomonas aeruginosa isolate 212886 after 18 hrs by CLSI broth microdilution method,F,BAO_0002146,BAO_0000218,organism-based format,C[C@H]1[C@H](NC(=O)/C(=N\OC(C)(C)C(=O)O)c2csc(N)n2)C(=O)N1S(=O)(=O)O,CHEMBL4152188,Eur J Med Chem,2018.0,CHEMBL158,AZTREONAM,CHEMBL158,0,http://www.openphacts.org/units/MicrogramPerMilliliter,3056020,=,1,1,=,MIC,ug.mL-1,32.0,CHEMBL348,Pseudomonas aeruginosa,Pseudomonas aeruginosa,287.0,,MIC,ug ml-1,UO_0000274,32.0,CHEMBL158,C[C@H]1[C@H](NC(=O)/C(=N\OC(C)(C)C(=O)O)c2csc(N)n2)C(=O)N1S(=O)(=O)O,12.562141912320484,12.562141912320484,0.0349535856009066,-4.756268639419342,0.174788224513646,20.5,435.44000000000017,418.30400000000014,435.051854504,154,0,0.3620751467724121,-0.4782270320177159,0.4782270320177159,0.3620751467724121,1.4642857142857142,2.071428571428572,2.5,32.24529764273617,10.00401161573638,2.513331128805475,-2.416338874010568,2.230948535260857,-2.707807208919476,7.836563836647012,-0.1608446168429468,2.971847309732629,2.2592762983237704,953.8851353067348,21.43879310982592,14.8114553779692,16.444448539824652,12.752743308167698,7.578995896792942,9.855612118054724,6.221230582074894,8.399971119282888,3.730567932227123,5.414072402778615,2.1128455580549623,3.54351374163482,-2.78,690205.5939907836,21.519292322605008,7.325918985638601,4.204134383579708,162.59031069995737,20.994572059745856,11.735768823996422,10.843243482610037,5.601050810983688,11.814359458703011,16.27347016397548,14.141824241834009,14.083731696315263,8.417796984328938,11.336785877934735,5.15571272675054,20.771211599071872,5.380062770465915,6.041840829147961,37.29827438881211,50.26785898322327,0.0,14.605983116249774,5.15571272675054,38.455944068351485,5.733667477162185,11.073990765314376,0.0,0.0,11.050456081168516,5.131558479839333,0.0,11.336785877934735,68.54635098380861,29.525365011975733,0.0,26.46513959392033,10.535775497216456,0.0,0.0,0.0,201.58,51.4842470947288,22.801408536544404,0.0,15.130702465984026,0.0,11.336785877934735,26.151274369537788,0.0,0.0,15.456479851704078,20.23053332942989,31.44978820569469,0.9796905422586336,44.39737831563419,16.334751159546904,3.256457088644816,-3.375611656986792,-2.3123389733980013,0.0,3.692820624691566,-4.756268639419342,0.4615384615384615,28,5,13,0,1,1,0,1,1,10,4,15,7,0,1,1,2,-1.172499999999998,95.65050000000004,1,0,0,1,0,1,0,0,1,1,3,2,0,0,0,3,1,1,0,0,0,0,0,0,0,0,0,2,0,1,0,0,0,0,0,0,0,0,0,0,0,0,0,0,0,0,0,0,0,0,0,0,0,1,0,0,0,0,0,0,0,0,0,1,0,0,0,0,0,0,0,0,0,0,0,0,0,0,0,0,1,0,0,0,0,287.0,Pseudomonas aeruginosa,Bacteria
116558,,18413284,CHEMBL4152583,Antibacterial activity against IMP-4 producing Pseudomonas aeruginosa isolate 212886 after 18 hrs by CLSI broth microdilution method,F,BAO_0002146,BAO_0000218,organism-based format,C[C@H]1[C@H](NC(=O)/C(=N\OC(C)(C)C(=O)O)c2csc(N)n2)C(=O)N1S(=O)(=O)O,CHEMBL4152188,Eur J Med Chem,2018.0,CHEMBL158,AZTREONAM,CHEMBL158,0,http://www.openphacts.org/units/MicrogramPerMilliliter,3056020,=,1,1,=,MIC,ug.mL-1,32.0,CHEMBL348,Pseudomonas aeruginosa,Pseudomonas aeruginosa,287.0,,MIC,ug ml-1,UO_0000274,32.0,CHEMBL158,C[C@H]1[C@H](NC(=O)/C(=N\OC(C)(C)C(=O)O)c2csc(N)n2)C(=O)N1S(=O)(=O)O,12.562141912320484,12.562141912320484,0.0349535856009066,-4.756268639419342,0.174788224513646,20.5,435.44000000000017,418.30400000000014,435.051854504,154,0,0.3620751467724121,-0.4782270320177159,0.4782270320177159,0.3620751467724121,1.4642857142857142,2.071428571428572,2.5,32.24529764273617,10.00401161573638,2.513331128805475,-2.416338874010568,2.230948535260857,-2.707807208919476,7.836563836647012,-0.1608446168429468,2.971847309732629,2.2592762983237704,953.8851353067348,21.43879310982592,14.8114553779692,16.444448539824652,12.752743308167698,7.578995896792942,9.855612118054724,6.221230582074894,8.399971119282888,3.730567932227123,5.414072402778615,2.1128455580549623,3.54351374163482,-2.78,690205.5939907836,21.519292322605008,7.325918985638601,4.204134383579708,162.59031069995737,20.994572059745856,11.735768823996422,10.843243482610037,5.601050810983688,11.814359458703011,16.27347016397548,14.141824241834009,14.083731696315263,8.417796984328938,11.336785877934735,5.15571272675054,20.771211599071872,5.380062770465915,6.041840829147961,37.29827438881211,50.26785898322327,0.0,14.605983116249774,5.15571272675054,38.455944068351485,5.733667477162185,11.073990765314376,0.0,0.0,11.050456081168516,5.131558479839333,0.0,11.336785877934735,68.54635098380861,29.525365011975733,0.0,26.46513959392033,10.535775497216456,0.0,0.0,0.0,201.58,51.4842470947288,22.801408536544404,0.0,15.130702465984026,0.0,11.336785877934735,26.151274369537788,0.0,0.0,15.456479851704078,20.23053332942989,31.44978820569469,0.9796905422586336,44.39737831563419,16.334751159546904,3.256457088644816,-3.375611656986792,-2.3123389733980013,0.0,3.692820624691566,-4.756268639419342,0.4615384615384615,28,5,13,0,1,1,0,1,1,10,4,15,7,0,1,1,2,-1.172499999999998,95.65050000000004,1,0,0,1,0,1,0,0,1,1,3,2,0,0,0,3,1,1,0,0,0,0,0,0,0,0,0,2,0,1,0,0,0,0,0,0,0,0,0,0,0,0,0,0,0,0,0,0,0,0,0,0,0,1,0,0,0,0,0,0,0,0,0,1,0,0,0,0,0,0,0,0,0,0,0,0,0,0,0,0,1,0,0,0,0,287.0,Pseudomonas aeruginosa,Bacteria
116559,,18413363,CHEMBL4152586,Antibacterial activity against IMP-4 producing Pseudomonas aeruginosa isolate 209471 after 18 hrs by CLSI broth microdilution method,F,BAO_0002146,BAO_0000218,organism-based format,C[C@H]1[C@H](NC(=O)/C(=N\OC(C)(C)C(=O)O)c2csc(N)n2)C(=O)N1S(=O)(=O)O,CHEMBL4152188,Eur J Med Chem,2018.0,CHEMBL158,AZTREONAM,CHEMBL158,0,http://www.openphacts.org/units/MicrogramPerMilliliter,3056020,=,1,1,=,MIC,ug.mL-1,32.0,CHEMBL348,Pseudomonas aeruginosa,Pseudomonas aeruginosa,287.0,,MIC,ug ml-1,UO_0000274,32.0,CHEMBL158,C[C@H]1[C@H](NC(=O)/C(=N\OC(C)(C)C(=O)O)c2csc(N)n2)C(=O)N1S(=O)(=O)O,12.562141912320484,12.562141912320484,0.0349535856009066,-4.756268639419342,0.174788224513646,20.5,435.44000000000017,418.30400000000014,435.051854504,154,0,0.3620751467724121,-0.4782270320177159,0.4782270320177159,0.3620751467724121,1.4642857142857142,2.071428571428572,2.5,32.24529764273617,10.00401161573638,2.513331128805475,-2.416338874010568,2.230948535260857,-2.707807208919476,7.836563836647012,-0.1608446168429468,2.971847309732629,2.2592762983237704,953.8851353067348,21.43879310982592,14.8114553779692,16.444448539824652,12.752743308167698,7.578995896792942,9.855612118054724,6.221230582074894,8.399971119282888,3.730567932227123,5.414072402778615,2.1128455580549623,3.54351374163482,-2.78,690205.5939907836,21.519292322605008,7.325918985638601,4.204134383579708,162.59031069995737,20.994572059745856,11.735768823996422,10.843243482610037,5.601050810983688,11.814359458703011,16.27347016397548,14.141824241834009,14.083731696315263,8.417796984328938,11.336785877934735,5.15571272675054,20.771211599071872,5.380062770465915,6.041840829147961,37.29827438881211,50.26785898322327,0.0,14.605983116249774,5.15571272675054,38.455944068351485,5.733667477162185,11.073990765314376,0.0,0.0,11.050456081168516,5.131558479839333,0.0,11.336785877934735,68.54635098380861,29.525365011975733,0.0,26.46513959392033,10.535775497216456,0.0,0.0,0.0,201.58,51.4842470947288,22.801408536544404,0.0,15.130702465984026,0.0,11.336785877934735,26.151274369537788,0.0,0.0,15.456479851704078,20.23053332942989,31.44978820569469,0.9796905422586336,44.39737831563419,16.334751159546904,3.256457088644816,-3.375611656986792,-2.3123389733980013,0.0,3.692820624691566,-4.756268639419342,0.4615384615384615,28,5,13,0,1,1,0,1,1,10,4,15,7,0,1,1,2,-1.172499999999998,95.65050000000004,1,0,0,1,0,1,0,0,1,1,3,2,0,0,0,3,1,1,0,0,0,0,0,0,0,0,0,2,0,1,0,0,0,0,0,0,0,0,0,0,0,0,0,0,0,0,0,0,0,0,0,0,0,1,0,0,0,0,0,0,0,0,0,1,0,0,0,0,0,0,0,0,0,0,0,0,0,0,0,0,1,0,0,0,0,287.0,Pseudomonas aeruginosa,Bacteria
116559,,18413363,CHEMBL4152586,Antibacterial activity against IMP-4 producing Pseudomonas aeruginosa isolate 209471 after 18 hrs by CLSI broth microdilution method,F,BAO_0002146,BAO_0000218,organism-based format,C[C@H]1[C@H](NC(=O)/C(=N\OC(C)(C)C(=O)O)c2csc(N)n2)C(=O)N1S(=O)(=O)O,CHEMBL4152188,Eur J Med Chem,2018.0,CHEMBL158,AZTREONAM,CHEMBL158,0,http://www.openphacts.org/units/MicrogramPerMilliliter,3056020,=,1,1,=,MIC,ug.mL-1,32.0,CHEMBL348,Pseudomonas aeruginosa,Pseudomonas aeruginosa,287.0,,MIC,ug ml-1,UO_0000274,32.0,CHEMBL158,C[C@H]1[C@H](NC(=O)/C(=N\OC(C)(C)C(=O)O)c2csc(N)n2)C(=O)N1S(=O)(=O)O,12.562141912320484,12.562141912320484,0.0349535856009066,-4.756268639419342,0.174788224513646,20.5,435.44000000000017,418.30400000000014,435.051854504,154,0,0.3620751467724121,-0.4782270320177159,0.4782270320177159,0.3620751467724121,1.4642857142857142,2.071428571428572,2.5,32.24529764273617,10.00401161573638,2.513331128805475,-2.416338874010568,2.230948535260857,-2.707807208919476,7.836563836647012,-0.1608446168429468,2.971847309732629,2.2592762983237704,953.8851353067348,21.43879310982592,14.8114553779692,16.444448539824652,12.752743308167698,7.578995896792942,9.855612118054724,6.221230582074894,8.399971119282888,3.730567932227123,5.414072402778615,2.1128455580549623,3.54351374163482,-2.78,690205.5939907836,21.519292322605008,7.325918985638601,4.204134383579708,162.59031069995737,20.994572059745856,11.735768823996422,10.843243482610037,5.601050810983688,11.814359458703011,16.27347016397548,14.141824241834009,14.083731696315263,8.417796984328938,11.336785877934735,5.15571272675054,20.771211599071872,5.380062770465915,6.041840829147961,37.29827438881211,50.26785898322327,0.0,14.605983116249774,5.15571272675054,38.455944068351485,5.733667477162185,11.073990765314376,0.0,0.0,11.050456081168516,5.131558479839333,0.0,11.336785877934735,68.54635098380861,29.525365011975733,0.0,26.46513959392033,10.535775497216456,0.0,0.0,0.0,201.58,51.4842470947288,22.801408536544404,0.0,15.130702465984026,0.0,11.336785877934735,26.151274369537788,0.0,0.0,15.456479851704078,20.23053332942989,31.44978820569469,0.9796905422586336,44.39737831563419,16.334751159546904,3.256457088644816,-3.375611656986792,-2.3123389733980013,0.0,3.692820624691566,-4.756268639419342,0.4615384615384615,28,5,13,0,1,1,0,1,1,10,4,15,7,0,1,1,2,-1.172499999999998,95.65050000000004,1,0,0,1,0,1,0,0,1,1,3,2,0,0,0,3,1,1,0,0,0,0,0,0,0,0,0,2,0,1,0,0,0,0,0,0,0,0,0,0,0,0,0,0,0,0,0,0,0,0,0,0,0,1,0,0,0,0,0,0,0,0,0,1,0,0,0,0,0,0,0,0,0,0,0,0,0,0,0,0,1,0,0,0,0,287.0,Pseudomonas aeruginosa,Bacteria
116559,,18413363,CHEMBL4152586,Antibacterial activity against IMP-4 producing Pseudomonas aeruginosa isolate 209471 after 18 hrs by CLSI broth microdilution method,F,BAO_0002146,BAO_0000218,organism-based format,C[C@H]1[C@H](NC(=O)/C(=N\OC(C)(C)C(=O)O)c2csc(N)n2)C(=O)N1S(=O)(=O)O,CHEMBL4152188,Eur J Med Chem,2018.0,CHEMBL158,AZTREONAM,CHEMBL158,0,http://www.openphacts.org/units/MicrogramPerMilliliter,3056020,=,1,1,=,MIC,ug.mL-1,32.0,CHEMBL348,Pseudomonas aeruginosa,Pseudomonas aeruginosa,287.0,,MIC,ug ml-1,UO_0000274,32.0,CHEMBL158,C[C@H]1[C@H](NC(=O)/C(=N\OC(C)(C)C(=O)O)c2csc(N)n2)C(=O)N1S(=O)(=O)O,12.562141912320484,12.562141912320484,0.0349535856009066,-4.756268639419342,0.174788224513646,20.5,435.44000000000017,418.30400000000014,435.051854504,154,0,0.3620751467724121,-0.4782270320177159,0.4782270320177159,0.3620751467724121,1.4642857142857142,2.071428571428572,2.5,32.24529764273617,10.00401161573638,2.513331128805475,-2.416338874010568,2.230948535260857,-2.707807208919476,7.836563836647012,-0.1608446168429468,2.971847309732629,2.2592762983237704,953.8851353067348,21.43879310982592,14.8114553779692,16.444448539824652,12.752743308167698,7.578995896792942,9.855612118054724,6.221230582074894,8.399971119282888,3.730567932227123,5.414072402778615,2.1128455580549623,3.54351374163482,-2.78,690205.5939907836,21.519292322605008,7.325918985638601,4.204134383579708,162.59031069995737,20.994572059745856,11.735768823996422,10.843243482610037,5.601050810983688,11.814359458703011,16.27347016397548,14.141824241834009,14.083731696315263,8.417796984328938,11.336785877934735,5.15571272675054,20.771211599071872,5.380062770465915,6.041840829147961,37.29827438881211,50.26785898322327,0.0,14.605983116249774,5.15571272675054,38.455944068351485,5.733667477162185,11.073990765314376,0.0,0.0,11.050456081168516,5.131558479839333,0.0,11.336785877934735,68.54635098380861,29.525365011975733,0.0,26.46513959392033,10.535775497216456,0.0,0.0,0.0,201.58,51.4842470947288,22.801408536544404,0.0,15.130702465984026,0.0,11.336785877934735,26.151274369537788,0.0,0.0,15.456479851704078,20.23053332942989,31.44978820569469,0.9796905422586336,44.39737831563419,16.334751159546904,3.256457088644816,-3.375611656986792,-2.3123389733980013,0.0,3.692820624691566,-4.756268639419342,0.4615384615384615,28,5,13,0,1,1,0,1,1,10,4,15,7,0,1,1,2,-1.172499999999998,95.65050000000004,1,0,0,1,0,1,0,0,1,1,3,2,0,0,0,3,1,1,0,0,0,0,0,0,0,0,0,2,0,1,0,0,0,0,0,0,0,0,0,0,0,0,0,0,0,0,0,0,0,0,0,0,0,1,0,0,0,0,0,0,0,0,0,1,0,0,0,0,0,0,0,0,0,0,0,0,0,0,0,0,1,0,0,0,0,287.0,Pseudomonas aeruginosa,Bacteria
116560,,18413442,CHEMBL4152589,Antibacterial activity against IMP-4 producing Pseudomonas aeruginosa isolate 208247 after 18 hrs by CLSI broth microdilution method,F,BAO_0002146,BAO_0000218,organism-based format,C[C@H]1[C@H](NC(=O)/C(=N\OC(C)(C)C(=O)O)c2csc(N)n2)C(=O)N1S(=O)(=O)O,CHEMBL4152188,Eur J Med Chem,2018.0,CHEMBL158,AZTREONAM,CHEMBL158,0,http://www.openphacts.org/units/MicrogramPerMilliliter,3056020,=,1,1,=,MIC,ug.mL-1,32.0,CHEMBL348,Pseudomonas aeruginosa,Pseudomonas aeruginosa,287.0,,MIC,ug ml-1,UO_0000274,32.0,CHEMBL158,C[C@H]1[C@H](NC(=O)/C(=N\OC(C)(C)C(=O)O)c2csc(N)n2)C(=O)N1S(=O)(=O)O,12.562141912320484,12.562141912320484,0.0349535856009066,-4.756268639419342,0.174788224513646,20.5,435.44000000000017,418.30400000000014,435.051854504,154,0,0.3620751467724121,-0.4782270320177159,0.4782270320177159,0.3620751467724121,1.4642857142857142,2.071428571428572,2.5,32.24529764273617,10.00401161573638,2.513331128805475,-2.416338874010568,2.230948535260857,-2.707807208919476,7.836563836647012,-0.1608446168429468,2.971847309732629,2.2592762983237704,953.8851353067348,21.43879310982592,14.8114553779692,16.444448539824652,12.752743308167698,7.578995896792942,9.855612118054724,6.221230582074894,8.399971119282888,3.730567932227123,5.414072402778615,2.1128455580549623,3.54351374163482,-2.78,690205.5939907836,21.519292322605008,7.325918985638601,4.204134383579708,162.59031069995737,20.994572059745856,11.735768823996422,10.843243482610037,5.601050810983688,11.814359458703011,16.27347016397548,14.141824241834009,14.083731696315263,8.417796984328938,11.336785877934735,5.15571272675054,20.771211599071872,5.380062770465915,6.041840829147961,37.29827438881211,50.26785898322327,0.0,14.605983116249774,5.15571272675054,38.455944068351485,5.733667477162185,11.073990765314376,0.0,0.0,11.050456081168516,5.131558479839333,0.0,11.336785877934735,68.54635098380861,29.525365011975733,0.0,26.46513959392033,10.535775497216456,0.0,0.0,0.0,201.58,51.4842470947288,22.801408536544404,0.0,15.130702465984026,0.0,11.336785877934735,26.151274369537788,0.0,0.0,15.456479851704078,20.23053332942989,31.44978820569469,0.9796905422586336,44.39737831563419,16.334751159546904,3.256457088644816,-3.375611656986792,-2.3123389733980013,0.0,3.692820624691566,-4.756268639419342,0.4615384615384615,28,5,13,0,1,1,0,1,1,10,4,15,7,0,1,1,2,-1.172499999999998,95.65050000000004,1,0,0,1,0,1,0,0,1,1,3,2,0,0,0,3,1,1,0,0,0,0,0,0,0,0,0,2,0,1,0,0,0,0,0,0,0,0,0,0,0,0,0,0,0,0,0,0,0,0,0,0,0,1,0,0,0,0,0,0,0,0,0,1,0,0,0,0,0,0,0,0,0,0,0,0,0,0,0,0,1,0,0,0,0,287.0,Pseudomonas aeruginosa,Bacteria
116560,,18413442,CHEMBL4152589,Antibacterial activity against IMP-4 producing Pseudomonas aeruginosa isolate 208247 after 18 hrs by CLSI broth microdilution method,F,BAO_0002146,BAO_0000218,organism-based format,C[C@H]1[C@H](NC(=O)/C(=N\OC(C)(C)C(=O)O)c2csc(N)n2)C(=O)N1S(=O)(=O)O,CHEMBL4152188,Eur J Med Chem,2018.0,CHEMBL158,AZTREONAM,CHEMBL158,0,http://www.openphacts.org/units/MicrogramPerMilliliter,3056020,=,1,1,=,MIC,ug.mL-1,32.0,CHEMBL348,Pseudomonas aeruginosa,Pseudomonas aeruginosa,287.0,,MIC,ug ml-1,UO_0000274,32.0,CHEMBL158,C[C@H]1[C@H](NC(=O)/C(=N\OC(C)(C)C(=O)O)c2csc(N)n2)C(=O)N1S(=O)(=O)O,12.562141912320484,12.562141912320484,0.0349535856009066,-4.756268639419342,0.174788224513646,20.5,435.44000000000017,418.30400000000014,435.051854504,154,0,0.3620751467724121,-0.4782270320177159,0.4782270320177159,0.3620751467724121,1.4642857142857142,2.071428571428572,2.5,32.24529764273617,10.00401161573638,2.513331128805475,-2.416338874010568,2.230948535260857,-2.707807208919476,7.836563836647012,-0.1608446168429468,2.971847309732629,2.2592762983237704,953.8851353067348,21.43879310982592,14.8114553779692,16.444448539824652,12.752743308167698,7.578995896792942,9.855612118054724,6.221230582074894,8.399971119282888,3.730567932227123,5.414072402778615,2.1128455580549623,3.54351374163482,-2.78,690205.5939907836,21.519292322605008,7.325918985638601,4.204134383579708,162.59031069995737,20.994572059745856,11.735768823996422,10.843243482610037,5.601050810983688,11.814359458703011,16.27347016397548,14.141824241834009,14.083731696315263,8.417796984328938,11.336785877934735,5.15571272675054,20.771211599071872,5.380062770465915,6.041840829147961,37.29827438881211,50.26785898322327,0.0,14.605983116249774,5.15571272675054,38.455944068351485,5.733667477162185,11.073990765314376,0.0,0.0,11.050456081168516,5.131558479839333,0.0,11.336785877934735,68.54635098380861,29.525365011975733,0.0,26.46513959392033,10.535775497216456,0.0,0.0,0.0,201.58,51.4842470947288,22.801408536544404,0.0,15.130702465984026,0.0,11.336785877934735,26.151274369537788,0.0,0.0,15.456479851704078,20.23053332942989,31.44978820569469,0.9796905422586336,44.39737831563419,16.334751159546904,3.256457088644816,-3.375611656986792,-2.3123389733980013,0.0,3.692820624691566,-4.756268639419342,0.4615384615384615,28,5,13,0,1,1,0,1,1,10,4,15,7,0,1,1,2,-1.172499999999998,95.65050000000004,1,0,0,1,0,1,0,0,1,1,3,2,0,0,0,3,1,1,0,0,0,0,0,0,0,0,0,2,0,1,0,0,0,0,0,0,0,0,0,0,0,0,0,0,0,0,0,0,0,0,0,0,0,1,0,0,0,0,0,0,0,0,0,1,0,0,0,0,0,0,0,0,0,0,0,0,0,0,0,0,1,0,0,0,0,287.0,Pseudomonas aeruginosa,Bacteria
116560,,18413442,CHEMBL4152589,Antibacterial activity against IMP-4 producing Pseudomonas aeruginosa isolate 208247 after 18 hrs by CLSI broth microdilution method,F,BAO_0002146,BAO_0000218,organism-based format,C[C@H]1[C@H](NC(=O)/C(=N\OC(C)(C)C(=O)O)c2csc(N)n2)C(=O)N1S(=O)(=O)O,CHEMBL4152188,Eur J Med Chem,2018.0,CHEMBL158,AZTREONAM,CHEMBL158,0,http://www.openphacts.org/units/MicrogramPerMilliliter,3056020,=,1,1,=,MIC,ug.mL-1,32.0,CHEMBL348,Pseudomonas aeruginosa,Pseudomonas aeruginosa,287.0,,MIC,ug ml-1,UO_0000274,32.0,CHEMBL158,C[C@H]1[C@H](NC(=O)/C(=N\OC(C)(C)C(=O)O)c2csc(N)n2)C(=O)N1S(=O)(=O)O,12.562141912320484,12.562141912320484,0.0349535856009066,-4.756268639419342,0.174788224513646,20.5,435.44000000000017,418.30400000000014,435.051854504,154,0,0.3620751467724121,-0.4782270320177159,0.4782270320177159,0.3620751467724121,1.4642857142857142,2.071428571428572,2.5,32.24529764273617,10.00401161573638,2.513331128805475,-2.416338874010568,2.230948535260857,-2.707807208919476,7.836563836647012,-0.1608446168429468,2.971847309732629,2.2592762983237704,953.8851353067348,21.43879310982592,14.8114553779692,16.444448539824652,12.752743308167698,7.578995896792942,9.855612118054724,6.221230582074894,8.399971119282888,3.730567932227123,5.414072402778615,2.1128455580549623,3.54351374163482,-2.78,690205.5939907836,21.519292322605008,7.325918985638601,4.204134383579708,162.59031069995737,20.994572059745856,11.735768823996422,10.843243482610037,5.601050810983688,11.814359458703011,16.27347016397548,14.141824241834009,14.083731696315263,8.417796984328938,11.336785877934735,5.15571272675054,20.771211599071872,5.380062770465915,6.041840829147961,37.29827438881211,50.26785898322327,0.0,14.605983116249774,5.15571272675054,38.455944068351485,5.733667477162185,11.073990765314376,0.0,0.0,11.050456081168516,5.131558479839333,0.0,11.336785877934735,68.54635098380861,29.525365011975733,0.0,26.46513959392033,10.535775497216456,0.0,0.0,0.0,201.58,51.4842470947288,22.801408536544404,0.0,15.130702465984026,0.0,11.336785877934735,26.151274369537788,0.0,0.0,15.456479851704078,20.23053332942989,31.44978820569469,0.9796905422586336,44.39737831563419,16.334751159546904,3.256457088644816,-3.375611656986792,-2.3123389733980013,0.0,3.692820624691566,-4.756268639419342,0.4615384615384615,28,5,13,0,1,1,0,1,1,10,4,15,7,0,1,1,2,-1.172499999999998,95.65050000000004,1,0,0,1,0,1,0,0,1,1,3,2,0,0,0,3,1,1,0,0,0,0,0,0,0,0,0,2,0,1,0,0,0,0,0,0,0,0,0,0,0,0,0,0,0,0,0,0,0,0,0,0,0,1,0,0,0,0,0,0,0,0,0,1,0,0,0,0,0,0,0,0,0,0,0,0,0,0,0,0,1,0,0,0,0,287.0,Pseudomonas aeruginosa,Bacteria
116561,,18413521,CHEMBL4152592,Antibacterial activity against IMP-4 producing Pseudomonas aeruginosa isolate 209321 after 18 hrs by CLSI broth microdilution method,F,BAO_0002146,BAO_0000218,organism-based format,C[C@H]1[C@H](NC(=O)/C(=N\OC(C)(C)C(=O)O)c2csc(N)n2)C(=O)N1S(=O)(=O)O,CHEMBL4152188,Eur J Med Chem,2018.0,CHEMBL158,AZTREONAM,CHEMBL158,0,http://www.openphacts.org/units/MicrogramPerMilliliter,3056020,=,1,1,=,MIC,ug.mL-1,64.0,CHEMBL348,Pseudomonas aeruginosa,Pseudomonas aeruginosa,287.0,,MIC,ug ml-1,UO_0000274,64.0,CHEMBL158,C[C@H]1[C@H](NC(=O)/C(=N\OC(C)(C)C(=O)O)c2csc(N)n2)C(=O)N1S(=O)(=O)O,12.562141912320484,12.562141912320484,0.0349535856009066,-4.756268639419342,0.174788224513646,20.5,435.44000000000017,418.30400000000014,435.051854504,154,0,0.3620751467724121,-0.4782270320177159,0.4782270320177159,0.3620751467724121,1.4642857142857142,2.071428571428572,2.5,32.24529764273617,10.00401161573638,2.513331128805475,-2.416338874010568,2.230948535260857,-2.707807208919476,7.836563836647012,-0.1608446168429468,2.971847309732629,2.2592762983237704,953.8851353067348,21.43879310982592,14.8114553779692,16.444448539824652,12.752743308167698,7.578995896792942,9.855612118054724,6.221230582074894,8.399971119282888,3.730567932227123,5.414072402778615,2.1128455580549623,3.54351374163482,-2.78,690205.5939907836,21.519292322605008,7.325918985638601,4.204134383579708,162.59031069995737,20.994572059745856,11.735768823996422,10.843243482610037,5.601050810983688,11.814359458703011,16.27347016397548,14.141824241834009,14.083731696315263,8.417796984328938,11.336785877934735,5.15571272675054,20.771211599071872,5.380062770465915,6.041840829147961,37.29827438881211,50.26785898322327,0.0,14.605983116249774,5.15571272675054,38.455944068351485,5.733667477162185,11.073990765314376,0.0,0.0,11.050456081168516,5.131558479839333,0.0,11.336785877934735,68.54635098380861,29.525365011975733,0.0,26.46513959392033,10.535775497216456,0.0,0.0,0.0,201.58,51.4842470947288,22.801408536544404,0.0,15.130702465984026,0.0,11.336785877934735,26.151274369537788,0.0,0.0,15.456479851704078,20.23053332942989,31.44978820569469,0.9796905422586336,44.39737831563419,16.334751159546904,3.256457088644816,-3.375611656986792,-2.3123389733980013,0.0,3.692820624691566,-4.756268639419342,0.4615384615384615,28,5,13,0,1,1,0,1,1,10,4,15,7,0,1,1,2,-1.172499999999998,95.65050000000004,1,0,0,1,0,1,0,0,1,1,3,2,0,0,0,3,1,1,0,0,0,0,0,0,0,0,0,2,0,1,0,0,0,0,0,0,0,0,0,0,0,0,0,0,0,0,0,0,0,0,0,0,0,1,0,0,0,0,0,0,0,0,0,1,0,0,0,0,0,0,0,0,0,0,0,0,0,0,0,0,1,0,0,0,0,287.0,Pseudomonas aeruginosa,Bacteria
116561,,18413521,CHEMBL4152592,Antibacterial activity against IMP-4 producing Pseudomonas aeruginosa isolate 209321 after 18 hrs by CLSI broth microdilution method,F,BAO_0002146,BAO_0000218,organism-based format,C[C@H]1[C@H](NC(=O)/C(=N\OC(C)(C)C(=O)O)c2csc(N)n2)C(=O)N1S(=O)(=O)O,CHEMBL4152188,Eur J Med Chem,2018.0,CHEMBL158,AZTREONAM,CHEMBL158,0,http://www.openphacts.org/units/MicrogramPerMilliliter,3056020,=,1,1,=,MIC,ug.mL-1,64.0,CHEMBL348,Pseudomonas aeruginosa,Pseudomonas aeruginosa,287.0,,MIC,ug ml-1,UO_0000274,64.0,CHEMBL158,C[C@H]1[C@H](NC(=O)/C(=N\OC(C)(C)C(=O)O)c2csc(N)n2)C(=O)N1S(=O)(=O)O,12.562141912320484,12.562141912320484,0.0349535856009066,-4.756268639419342,0.174788224513646,20.5,435.44000000000017,418.30400000000014,435.051854504,154,0,0.3620751467724121,-0.4782270320177159,0.4782270320177159,0.3620751467724121,1.4642857142857142,2.071428571428572,2.5,32.24529764273617,10.00401161573638,2.513331128805475,-2.416338874010568,2.230948535260857,-2.707807208919476,7.836563836647012,-0.1608446168429468,2.971847309732629,2.2592762983237704,953.8851353067348,21.43879310982592,14.8114553779692,16.444448539824652,12.752743308167698,7.578995896792942,9.855612118054724,6.221230582074894,8.399971119282888,3.730567932227123,5.414072402778615,2.1128455580549623,3.54351374163482,-2.78,690205.5939907836,21.519292322605008,7.325918985638601,4.204134383579708,162.59031069995737,20.994572059745856,11.735768823996422,10.843243482610037,5.601050810983688,11.814359458703011,16.27347016397548,14.141824241834009,14.083731696315263,8.417796984328938,11.336785877934735,5.15571272675054,20.771211599071872,5.380062770465915,6.041840829147961,37.29827438881211,50.26785898322327,0.0,14.605983116249774,5.15571272675054,38.455944068351485,5.733667477162185,11.073990765314376,0.0,0.0,11.050456081168516,5.131558479839333,0.0,11.336785877934735,68.54635098380861,29.525365011975733,0.0,26.46513959392033,10.535775497216456,0.0,0.0,0.0,201.58,51.4842470947288,22.801408536544404,0.0,15.130702465984026,0.0,11.336785877934735,26.151274369537788,0.0,0.0,15.456479851704078,20.23053332942989,31.44978820569469,0.9796905422586336,44.39737831563419,16.334751159546904,3.256457088644816,-3.375611656986792,-2.3123389733980013,0.0,3.692820624691566,-4.756268639419342,0.4615384615384615,28,5,13,0,1,1,0,1,1,10,4,15,7,0,1,1,2,-1.172499999999998,95.65050000000004,1,0,0,1,0,1,0,0,1,1,3,2,0,0,0,3,1,1,0,0,0,0,0,0,0,0,0,2,0,1,0,0,0,0,0,0,0,0,0,0,0,0,0,0,0,0,0,0,0,0,0,0,0,1,0,0,0,0,0,0,0,0,0,1,0,0,0,0,0,0,0,0,0,0,0,0,0,0,0,0,1,0,0,0,0,287.0,Pseudomonas aeruginosa,Bacteria
116561,,18413521,CHEMBL4152592,Antibacterial activity against IMP-4 producing Pseudomonas aeruginosa isolate 209321 after 18 hrs by CLSI broth microdilution method,F,BAO_0002146,BAO_0000218,organism-based format,C[C@H]1[C@H](NC(=O)/C(=N\OC(C)(C)C(=O)O)c2csc(N)n2)C(=O)N1S(=O)(=O)O,CHEMBL4152188,Eur J Med Chem,2018.0,CHEMBL158,AZTREONAM,CHEMBL158,0,http://www.openphacts.org/units/MicrogramPerMilliliter,3056020,=,1,1,=,MIC,ug.mL-1,64.0,CHEMBL348,Pseudomonas aeruginosa,Pseudomonas aeruginosa,287.0,,MIC,ug ml-1,UO_0000274,64.0,CHEMBL158,C[C@H]1[C@H](NC(=O)/C(=N\OC(C)(C)C(=O)O)c2csc(N)n2)C(=O)N1S(=O)(=O)O,12.562141912320484,12.562141912320484,0.0349535856009066,-4.756268639419342,0.174788224513646,20.5,435.44000000000017,418.30400000000014,435.051854504,154,0,0.3620751467724121,-0.4782270320177159,0.4782270320177159,0.3620751467724121,1.4642857142857142,2.071428571428572,2.5,32.24529764273617,10.00401161573638,2.513331128805475,-2.416338874010568,2.230948535260857,-2.707807208919476,7.836563836647012,-0.1608446168429468,2.971847309732629,2.2592762983237704,953.8851353067348,21.43879310982592,14.8114553779692,16.444448539824652,12.752743308167698,7.578995896792942,9.855612118054724,6.221230582074894,8.399971119282888,3.730567932227123,5.414072402778615,2.1128455580549623,3.54351374163482,-2.78,690205.5939907836,21.519292322605008,7.325918985638601,4.204134383579708,162.59031069995737,20.994572059745856,11.735768823996422,10.843243482610037,5.601050810983688,11.814359458703011,16.27347016397548,14.141824241834009,14.083731696315263,8.417796984328938,11.336785877934735,5.15571272675054,20.771211599071872,5.380062770465915,6.041840829147961,37.29827438881211,50.26785898322327,0.0,14.605983116249774,5.15571272675054,38.455944068351485,5.733667477162185,11.073990765314376,0.0,0.0,11.050456081168516,5.131558479839333,0.0,11.336785877934735,68.54635098380861,29.525365011975733,0.0,26.46513959392033,10.535775497216456,0.0,0.0,0.0,201.58,51.4842470947288,22.801408536544404,0.0,15.130702465984026,0.0,11.336785877934735,26.151274369537788,0.0,0.0,15.456479851704078,20.23053332942989,31.44978820569469,0.9796905422586336,44.39737831563419,16.334751159546904,3.256457088644816,-3.375611656986792,-2.3123389733980013,0.0,3.692820624691566,-4.756268639419342,0.4615384615384615,28,5,13,0,1,1,0,1,1,10,4,15,7,0,1,1,2,-1.172499999999998,95.65050000000004,1,0,0,1,0,1,0,0,1,1,3,2,0,0,0,3,1,1,0,0,0,0,0,0,0,0,0,2,0,1,0,0,0,0,0,0,0,0,0,0,0,0,0,0,0,0,0,0,0,0,0,0,0,1,0,0,0,0,0,0,0,0,0,1,0,0,0,0,0,0,0,0,0,0,0,0,0,0,0,0,1,0,0,0,0,287.0,Pseudomonas aeruginosa,Bacteria
116562,,18413602,CHEMBL4152595,Antibacterial activity against IMP-4 producing Pseudomonas aeruginosa isolate 207272 after 18 hrs by CLSI broth microdilution method,F,BAO_0002146,BAO_0000218,organism-based format,C[C@H]1[C@H](NC(=O)/C(=N\OC(C)(C)C(=O)O)c2csc(N)n2)C(=O)N1S(=O)(=O)O,CHEMBL4152188,Eur J Med Chem,2018.0,CHEMBL158,AZTREONAM,CHEMBL158,0,http://www.openphacts.org/units/MicrogramPerMilliliter,3056020,=,1,1,=,MIC,ug.mL-1,32.0,CHEMBL348,Pseudomonas aeruginosa,Pseudomonas aeruginosa,287.0,,MIC,ug ml-1,UO_0000274,32.0,CHEMBL158,C[C@H]1[C@H](NC(=O)/C(=N\OC(C)(C)C(=O)O)c2csc(N)n2)C(=O)N1S(=O)(=O)O,12.562141912320484,12.562141912320484,0.0349535856009066,-4.756268639419342,0.174788224513646,20.5,435.44000000000017,418.30400000000014,435.051854504,154,0,0.3620751467724121,-0.4782270320177159,0.4782270320177159,0.3620751467724121,1.4642857142857142,2.071428571428572,2.5,32.24529764273617,10.00401161573638,2.513331128805475,-2.416338874010568,2.230948535260857,-2.707807208919476,7.836563836647012,-0.1608446168429468,2.971847309732629,2.2592762983237704,953.8851353067348,21.43879310982592,14.8114553779692,16.444448539824652,12.752743308167698,7.578995896792942,9.855612118054724,6.221230582074894,8.399971119282888,3.730567932227123,5.414072402778615,2.1128455580549623,3.54351374163482,-2.78,690205.5939907836,21.519292322605008,7.325918985638601,4.204134383579708,162.59031069995737,20.994572059745856,11.735768823996422,10.843243482610037,5.601050810983688,11.814359458703011,16.27347016397548,14.141824241834009,14.083731696315263,8.417796984328938,11.336785877934735,5.15571272675054,20.771211599071872,5.380062770465915,6.041840829147961,37.29827438881211,50.26785898322327,0.0,14.605983116249774,5.15571272675054,38.455944068351485,5.733667477162185,11.073990765314376,0.0,0.0,11.050456081168516,5.131558479839333,0.0,11.336785877934735,68.54635098380861,29.525365011975733,0.0,26.46513959392033,10.535775497216456,0.0,0.0,0.0,201.58,51.4842470947288,22.801408536544404,0.0,15.130702465984026,0.0,11.336785877934735,26.151274369537788,0.0,0.0,15.456479851704078,20.23053332942989,31.44978820569469,0.9796905422586336,44.39737831563419,16.334751159546904,3.256457088644816,-3.375611656986792,-2.3123389733980013,0.0,3.692820624691566,-4.756268639419342,0.4615384615384615,28,5,13,0,1,1,0,1,1,10,4,15,7,0,1,1,2,-1.172499999999998,95.65050000000004,1,0,0,1,0,1,0,0,1,1,3,2,0,0,0,3,1,1,0,0,0,0,0,0,0,0,0,2,0,1,0,0,0,0,0,0,0,0,0,0,0,0,0,0,0,0,0,0,0,0,0,0,0,1,0,0,0,0,0,0,0,0,0,1,0,0,0,0,0,0,0,0,0,0,0,0,0,0,0,0,1,0,0,0,0,287.0,Pseudomonas aeruginosa,Bacteria
116562,,18413602,CHEMBL4152595,Antibacterial activity against IMP-4 producing Pseudomonas aeruginosa isolate 207272 after 18 hrs by CLSI broth microdilution method,F,BAO_0002146,BAO_0000218,organism-based format,C[C@H]1[C@H](NC(=O)/C(=N\OC(C)(C)C(=O)O)c2csc(N)n2)C(=O)N1S(=O)(=O)O,CHEMBL4152188,Eur J Med Chem,2018.0,CHEMBL158,AZTREONAM,CHEMBL158,0,http://www.openphacts.org/units/MicrogramPerMilliliter,3056020,=,1,1,=,MIC,ug.mL-1,32.0,CHEMBL348,Pseudomonas aeruginosa,Pseudomonas aeruginosa,287.0,,MIC,ug ml-1,UO_0000274,32.0,CHEMBL158,C[C@H]1[C@H](NC(=O)/C(=N\OC(C)(C)C(=O)O)c2csc(N)n2)C(=O)N1S(=O)(=O)O,12.562141912320484,12.562141912320484,0.0349535856009066,-4.756268639419342,0.174788224513646,20.5,435.44000000000017,418.30400000000014,435.051854504,154,0,0.3620751467724121,-0.4782270320177159,0.4782270320177159,0.3620751467724121,1.4642857142857142,2.071428571428572,2.5,32.24529764273617,10.00401161573638,2.513331128805475,-2.416338874010568,2.230948535260857,-2.707807208919476,7.836563836647012,-0.1608446168429468,2.971847309732629,2.2592762983237704,953.8851353067348,21.43879310982592,14.8114553779692,16.444448539824652,12.752743308167698,7.578995896792942,9.855612118054724,6.221230582074894,8.399971119282888,3.730567932227123,5.414072402778615,2.1128455580549623,3.54351374163482,-2.78,690205.5939907836,21.519292322605008,7.325918985638601,4.204134383579708,162.59031069995737,20.994572059745856,11.735768823996422,10.843243482610037,5.601050810983688,11.814359458703011,16.27347016397548,14.141824241834009,14.083731696315263,8.417796984328938,11.336785877934735,5.15571272675054,20.771211599071872,5.380062770465915,6.041840829147961,37.29827438881211,50.26785898322327,0.0,14.605983116249774,5.15571272675054,38.455944068351485,5.733667477162185,11.073990765314376,0.0,0.0,11.050456081168516,5.131558479839333,0.0,11.336785877934735,68.54635098380861,29.525365011975733,0.0,26.46513959392033,10.535775497216456,0.0,0.0,0.0,201.58,51.4842470947288,22.801408536544404,0.0,15.130702465984026,0.0,11.336785877934735,26.151274369537788,0.0,0.0,15.456479851704078,20.23053332942989,31.44978820569469,0.9796905422586336,44.39737831563419,16.334751159546904,3.256457088644816,-3.375611656986792,-2.3123389733980013,0.0,3.692820624691566,-4.756268639419342,0.4615384615384615,28,5,13,0,1,1,0,1,1,10,4,15,7,0,1,1,2,-1.172499999999998,95.65050000000004,1,0,0,1,0,1,0,0,1,1,3,2,0,0,0,3,1,1,0,0,0,0,0,0,0,0,0,2,0,1,0,0,0,0,0,0,0,0,0,0,0,0,0,0,0,0,0,0,0,0,0,0,0,1,0,0,0,0,0,0,0,0,0,1,0,0,0,0,0,0,0,0,0,0,0,0,0,0,0,0,1,0,0,0,0,287.0,Pseudomonas aeruginosa,Bacteria
116562,,18413602,CHEMBL4152595,Antibacterial activity against IMP-4 producing Pseudomonas aeruginosa isolate 207272 after 18 hrs by CLSI broth microdilution method,F,BAO_0002146,BAO_0000218,organism-based format,C[C@H]1[C@H](NC(=O)/C(=N\OC(C)(C)C(=O)O)c2csc(N)n2)C(=O)N1S(=O)(=O)O,CHEMBL4152188,Eur J Med Chem,2018.0,CHEMBL158,AZTREONAM,CHEMBL158,0,http://www.openphacts.org/units/MicrogramPerMilliliter,3056020,=,1,1,=,MIC,ug.mL-1,32.0,CHEMBL348,Pseudomonas aeruginosa,Pseudomonas aeruginosa,287.0,,MIC,ug ml-1,UO_0000274,32.0,CHEMBL158,C[C@H]1[C@H](NC(=O)/C(=N\OC(C)(C)C(=O)O)c2csc(N)n2)C(=O)N1S(=O)(=O)O,12.562141912320484,12.562141912320484,0.0349535856009066,-4.756268639419342,0.174788224513646,20.5,435.44000000000017,418.30400000000014,435.051854504,154,0,0.3620751467724121,-0.4782270320177159,0.4782270320177159,0.3620751467724121,1.4642857142857142,2.071428571428572,2.5,32.24529764273617,10.00401161573638,2.513331128805475,-2.416338874010568,2.230948535260857,-2.707807208919476,7.836563836647012,-0.1608446168429468,2.971847309732629,2.2592762983237704,953.8851353067348,21.43879310982592,14.8114553779692,16.444448539824652,12.752743308167698,7.578995896792942,9.855612118054724,6.221230582074894,8.399971119282888,3.730567932227123,5.414072402778615,2.1128455580549623,3.54351374163482,-2.78,690205.5939907836,21.519292322605008,7.325918985638601,4.204134383579708,162.59031069995737,20.994572059745856,11.735768823996422,10.843243482610037,5.601050810983688,11.814359458703011,16.27347016397548,14.141824241834009,14.083731696315263,8.417796984328938,11.336785877934735,5.15571272675054,20.771211599071872,5.380062770465915,6.041840829147961,37.29827438881211,50.26785898322327,0.0,14.605983116249774,5.15571272675054,38.455944068351485,5.733667477162185,11.073990765314376,0.0,0.0,11.050456081168516,5.131558479839333,0.0,11.336785877934735,68.54635098380861,29.525365011975733,0.0,26.46513959392033,10.535775497216456,0.0,0.0,0.0,201.58,51.4842470947288,22.801408536544404,0.0,15.130702465984026,0.0,11.336785877934735,26.151274369537788,0.0,0.0,15.456479851704078,20.23053332942989,31.44978820569469,0.9796905422586336,44.39737831563419,16.334751159546904,3.256457088644816,-3.375611656986792,-2.3123389733980013,0.0,3.692820624691566,-4.756268639419342,0.4615384615384615,28,5,13,0,1,1,0,1,1,10,4,15,7,0,1,1,2,-1.172499999999998,95.65050000000004,1,0,0,1,0,1,0,0,1,1,3,2,0,0,0,3,1,1,0,0,0,0,0,0,0,0,0,2,0,1,0,0,0,0,0,0,0,0,0,0,0,0,0,0,0,0,0,0,0,0,0,0,0,1,0,0,0,0,0,0,0,0,0,1,0,0,0,0,0,0,0,0,0,0,0,0,0,0,0,0,1,0,0,0,0,287.0,Pseudomonas aeruginosa,Bacteria
116563,,18491023,CHEMBL4187447,Antimicrobial activity against wild type Escherichia coli by CLSI broth microdilution method,F,BAO_0002146,BAO_0000218,organism-based format,C[C@H]1[C@H](NC(=O)/C(=N\OC(C)(C)C(=O)O)c2csc(N)n2)C(=O)N1S(=O)(=O)O,CHEMBL4184210,Bioorg Med Chem Lett,2018.0,CHEMBL158,AZTREONAM,CHEMBL158,0,http://www.openphacts.org/units/MicrogramPerMilliliter,3069226,=,1,1,=,MIC,ug.mL-1,0.125,CHEMBL354,Escherichia coli,Escherichia coli,562.0,,MIC,ug ml-1,UO_0000274,0.125,CHEMBL158,C[C@H]1[C@H](NC(=O)/C(=N\OC(C)(C)C(=O)O)c2csc(N)n2)C(=O)N1S(=O)(=O)O,12.562141912320484,12.562141912320484,0.0349535856009066,-4.756268639419342,0.174788224513646,20.5,435.44000000000017,418.30400000000014,435.051854504,154,0,0.3620751467724121,-0.4782270320177159,0.4782270320177159,0.3620751467724121,1.4642857142857142,2.071428571428572,2.5,32.24529764273617,10.00401161573638,2.513331128805475,-2.416338874010568,2.230948535260857,-2.707807208919476,7.836563836647012,-0.1608446168429468,2.971847309732629,2.2592762983237704,953.8851353067348,21.43879310982592,14.8114553779692,16.444448539824652,12.752743308167698,7.578995896792942,9.855612118054724,6.221230582074894,8.399971119282888,3.730567932227123,5.414072402778615,2.1128455580549623,3.54351374163482,-2.78,690205.5939907836,21.519292322605008,7.325918985638601,4.204134383579708,162.59031069995737,20.994572059745856,11.735768823996422,10.843243482610037,5.601050810983688,11.814359458703011,16.27347016397548,14.141824241834009,14.083731696315263,8.417796984328938,11.336785877934735,5.15571272675054,20.771211599071872,5.380062770465915,6.041840829147961,37.29827438881211,50.26785898322327,0.0,14.605983116249774,5.15571272675054,38.455944068351485,5.733667477162185,11.073990765314376,0.0,0.0,11.050456081168516,5.131558479839333,0.0,11.336785877934735,68.54635098380861,29.525365011975733,0.0,26.46513959392033,10.535775497216456,0.0,0.0,0.0,201.58,51.4842470947288,22.801408536544404,0.0,15.130702465984026,0.0,11.336785877934735,26.151274369537788,0.0,0.0,15.456479851704078,20.23053332942989,31.44978820569469,0.9796905422586336,44.39737831563419,16.334751159546904,3.256457088644816,-3.375611656986792,-2.3123389733980013,0.0,3.692820624691566,-4.756268639419342,0.4615384615384615,28,5,13,0,1,1,0,1,1,10,4,15,7,0,1,1,2,-1.172499999999998,95.65050000000004,1,0,0,1,0,1,0,0,1,1,3,2,0,0,0,3,1,1,0,0,0,0,0,0,0,0,0,2,0,1,0,0,0,0,0,0,0,0,0,0,0,0,0,0,0,0,0,0,0,0,0,0,0,1,0,0,0,0,0,0,0,0,0,1,0,0,0,0,0,0,0,0,0,0,0,0,0,0,0,0,1,0,0,0,0,562.0,Escherichia coli,Bacteria
116563,,18491023,CHEMBL4187447,Antimicrobial activity against wild type Escherichia coli by CLSI broth microdilution method,F,BAO_0002146,BAO_0000218,organism-based format,C[C@H]1[C@H](NC(=O)/C(=N\OC(C)(C)C(=O)O)c2csc(N)n2)C(=O)N1S(=O)(=O)O,CHEMBL4184210,Bioorg Med Chem Lett,2018.0,CHEMBL158,AZTREONAM,CHEMBL158,0,http://www.openphacts.org/units/MicrogramPerMilliliter,3069226,=,1,1,=,MIC,ug.mL-1,0.125,CHEMBL354,Escherichia coli,Escherichia coli,562.0,,MIC,ug ml-1,UO_0000274,0.125,CHEMBL158,C[C@H]1[C@H](NC(=O)/C(=N\OC(C)(C)C(=O)O)c2csc(N)n2)C(=O)N1S(=O)(=O)O,12.562141912320484,12.562141912320484,0.0349535856009066,-4.756268639419342,0.174788224513646,20.5,435.44000000000017,418.30400000000014,435.051854504,154,0,0.3620751467724121,-0.4782270320177159,0.4782270320177159,0.3620751467724121,1.4642857142857142,2.071428571428572,2.5,32.24529764273617,10.00401161573638,2.513331128805475,-2.416338874010568,2.230948535260857,-2.707807208919476,7.836563836647012,-0.1608446168429468,2.971847309732629,2.2592762983237704,953.8851353067348,21.43879310982592,14.8114553779692,16.444448539824652,12.752743308167698,7.578995896792942,9.855612118054724,6.221230582074894,8.399971119282888,3.730567932227123,5.414072402778615,2.1128455580549623,3.54351374163482,-2.78,690205.5939907836,21.519292322605008,7.325918985638601,4.204134383579708,162.59031069995737,20.994572059745856,11.735768823996422,10.843243482610037,5.601050810983688,11.814359458703011,16.27347016397548,14.141824241834009,14.083731696315263,8.417796984328938,11.336785877934735,5.15571272675054,20.771211599071872,5.380062770465915,6.041840829147961,37.29827438881211,50.26785898322327,0.0,14.605983116249774,5.15571272675054,38.455944068351485,5.733667477162185,11.073990765314376,0.0,0.0,11.050456081168516,5.131558479839333,0.0,11.336785877934735,68.54635098380861,29.525365011975733,0.0,26.46513959392033,10.535775497216456,0.0,0.0,0.0,201.58,51.4842470947288,22.801408536544404,0.0,15.130702465984026,0.0,11.336785877934735,26.151274369537788,0.0,0.0,15.456479851704078,20.23053332942989,31.44978820569469,0.9796905422586336,44.39737831563419,16.334751159546904,3.256457088644816,-3.375611656986792,-2.3123389733980013,0.0,3.692820624691566,-4.756268639419342,0.4615384615384615,28,5,13,0,1,1,0,1,1,10,4,15,7,0,1,1,2,-1.172499999999998,95.65050000000004,1,0,0,1,0,1,0,0,1,1,3,2,0,0,0,3,1,1,0,0,0,0,0,0,0,0,0,2,0,1,0,0,0,0,0,0,0,0,0,0,0,0,0,0,0,0,0,0,0,0,0,0,0,1,0,0,0,0,0,0,0,0,0,1,0,0,0,0,0,0,0,0,0,0,0,0,0,0,0,0,1,0,0,0,0,562.0,Escherichia coli,Bacteria
116563,,18491023,CHEMBL4187447,Antimicrobial activity against wild type Escherichia coli by CLSI broth microdilution method,F,BAO_0002146,BAO_0000218,organism-based format,C[C@H]1[C@H](NC(=O)/C(=N\OC(C)(C)C(=O)O)c2csc(N)n2)C(=O)N1S(=O)(=O)O,CHEMBL4184210,Bioorg Med Chem Lett,2018.0,CHEMBL158,AZTREONAM,CHEMBL158,0,http://www.openphacts.org/units/MicrogramPerMilliliter,3069226,=,1,1,=,MIC,ug.mL-1,0.125,CHEMBL354,Escherichia coli,Escherichia coli,562.0,,MIC,ug ml-1,UO_0000274,0.125,CHEMBL158,C[C@H]1[C@H](NC(=O)/C(=N\OC(C)(C)C(=O)O)c2csc(N)n2)C(=O)N1S(=O)(=O)O,12.562141912320484,12.562141912320484,0.0349535856009066,-4.756268639419342,0.174788224513646,20.5,435.44000000000017,418.30400000000014,435.051854504,154,0,0.3620751467724121,-0.4782270320177159,0.4782270320177159,0.3620751467724121,1.4642857142857142,2.071428571428572,2.5,32.24529764273617,10.00401161573638,2.513331128805475,-2.416338874010568,2.230948535260857,-2.707807208919476,7.836563836647012,-0.1608446168429468,2.971847309732629,2.2592762983237704,953.8851353067348,21.43879310982592,14.8114553779692,16.444448539824652,12.752743308167698,7.578995896792942,9.855612118054724,6.221230582074894,8.399971119282888,3.730567932227123,5.414072402778615,2.1128455580549623,3.54351374163482,-2.78,690205.5939907836,21.519292322605008,7.325918985638601,4.204134383579708,162.59031069995737,20.994572059745856,11.735768823996422,10.843243482610037,5.601050810983688,11.814359458703011,16.27347016397548,14.141824241834009,14.083731696315263,8.417796984328938,11.336785877934735,5.15571272675054,20.771211599071872,5.380062770465915,6.041840829147961,37.29827438881211,50.26785898322327,0.0,14.605983116249774,5.15571272675054,38.455944068351485,5.733667477162185,11.073990765314376,0.0,0.0,11.050456081168516,5.131558479839333,0.0,11.336785877934735,68.54635098380861,29.525365011975733,0.0,26.46513959392033,10.535775497216456,0.0,0.0,0.0,201.58,51.4842470947288,22.801408536544404,0.0,15.130702465984026,0.0,11.336785877934735,26.151274369537788,0.0,0.0,15.456479851704078,20.23053332942989,31.44978820569469,0.9796905422586336,44.39737831563419,16.334751159546904,3.256457088644816,-3.375611656986792,-2.3123389733980013,0.0,3.692820624691566,-4.756268639419342,0.4615384615384615,28,5,13,0,1,1,0,1,1,10,4,15,7,0,1,1,2,-1.172499999999998,95.65050000000004,1,0,0,1,0,1,0,0,1,1,3,2,0,0,0,3,1,1,0,0,0,0,0,0,0,0,0,2,0,1,0,0,0,0,0,0,0,0,0,0,0,0,0,0,0,0,0,0,0,0,0,0,0,1,0,0,0,0,0,0,0,0,0,1,0,0,0,0,0,0,0,0,0,0,0,0,0,0,0,0,1,0,0,0,0,562.0,Escherichia coli,Bacteria
116563,,18491023,CHEMBL4187447,Antimicrobial activity against wild type Escherichia coli by CLSI broth microdilution method,F,BAO_0002146,BAO_0000218,organism-based format,C[C@H]1[C@H](NC(=O)/C(=N\OC(C)(C)C(=O)O)c2csc(N)n2)C(=O)N1S(=O)(=O)O,CHEMBL4184210,Bioorg Med Chem Lett,2018.0,CHEMBL158,AZTREONAM,CHEMBL158,0,http://www.openphacts.org/units/MicrogramPerMilliliter,3069226,=,1,1,=,MIC,ug.mL-1,0.125,CHEMBL354,Escherichia coli,Escherichia coli,562.0,,MIC,ug ml-1,UO_0000274,0.125,CHEMBL158,C[C@H]1[C@H](NC(=O)/C(=N\OC(C)(C)C(=O)O)c2csc(N)n2)C(=O)N1S(=O)(=O)O,12.562141912320484,12.562141912320484,0.0349535856009066,-4.756268639419342,0.174788224513646,20.5,435.44000000000017,418.30400000000014,435.051854504,154,0,0.3620751467724121,-0.4782270320177159,0.4782270320177159,0.3620751467724121,1.4642857142857142,2.071428571428572,2.5,32.24529764273617,10.00401161573638,2.513331128805475,-2.416338874010568,2.230948535260857,-2.707807208919476,7.836563836647012,-0.1608446168429468,2.971847309732629,2.2592762983237704,953.8851353067348,21.43879310982592,14.8114553779692,16.444448539824652,12.752743308167698,7.578995896792942,9.855612118054724,6.221230582074894,8.399971119282888,3.730567932227123,5.414072402778615,2.1128455580549623,3.54351374163482,-2.78,690205.5939907836,21.519292322605008,7.325918985638601,4.204134383579708,162.59031069995737,20.994572059745856,11.735768823996422,10.843243482610037,5.601050810983688,11.814359458703011,16.27347016397548,14.141824241834009,14.083731696315263,8.417796984328938,11.336785877934735,5.15571272675054,20.771211599071872,5.380062770465915,6.041840829147961,37.29827438881211,50.26785898322327,0.0,14.605983116249774,5.15571272675054,38.455944068351485,5.733667477162185,11.073990765314376,0.0,0.0,11.050456081168516,5.131558479839333,0.0,11.336785877934735,68.54635098380861,29.525365011975733,0.0,26.46513959392033,10.535775497216456,0.0,0.0,0.0,201.58,51.4842470947288,22.801408536544404,0.0,15.130702465984026,0.0,11.336785877934735,26.151274369537788,0.0,0.0,15.456479851704078,20.23053332942989,31.44978820569469,0.9796905422586336,44.39737831563419,16.334751159546904,3.256457088644816,-3.375611656986792,-2.3123389733980013,0.0,3.692820624691566,-4.756268639419342,0.4615384615384615,28,5,13,0,1,1,0,1,1,10,4,15,7,0,1,1,2,-1.172499999999998,95.65050000000004,1,0,0,1,0,1,0,0,1,1,3,2,0,0,0,3,1,1,0,0,0,0,0,0,0,0,0,2,0,1,0,0,0,0,0,0,0,0,0,0,0,0,0,0,0,0,0,0,0,0,0,0,0,1,0,0,0,0,0,0,0,0,0,1,0,0,0,0,0,0,0,0,0,0,0,0,0,0,0,0,1,0,0,0,0,562.0,Escherichia coli,Bacteria
116564,,18491074,CHEMBL4187448,Antimicrobial activity against Escherichia coli expressing beta-lactamase CTXM-3 by CLSI broth microdilution method,F,BAO_0002146,BAO_0000218,organism-based format,C[C@H]1[C@H](NC(=O)/C(=N\OC(C)(C)C(=O)O)c2csc(N)n2)C(=O)N1S(=O)(=O)O,CHEMBL4184210,Bioorg Med Chem Lett,2018.0,CHEMBL158,AZTREONAM,CHEMBL158,0,http://www.openphacts.org/units/MicrogramPerMilliliter,3069226,=,1,1,=,MIC,ug.mL-1,16.0,CHEMBL354,Escherichia coli,Escherichia coli,562.0,,MIC,ug ml-1,UO_0000274,16.0,CHEMBL158,C[C@H]1[C@H](NC(=O)/C(=N\OC(C)(C)C(=O)O)c2csc(N)n2)C(=O)N1S(=O)(=O)O,12.562141912320484,12.562141912320484,0.0349535856009066,-4.756268639419342,0.174788224513646,20.5,435.44000000000017,418.30400000000014,435.051854504,154,0,0.3620751467724121,-0.4782270320177159,0.4782270320177159,0.3620751467724121,1.4642857142857142,2.071428571428572,2.5,32.24529764273617,10.00401161573638,2.513331128805475,-2.416338874010568,2.230948535260857,-2.707807208919476,7.836563836647012,-0.1608446168429468,2.971847309732629,2.2592762983237704,953.8851353067348,21.43879310982592,14.8114553779692,16.444448539824652,12.752743308167698,7.578995896792942,9.855612118054724,6.221230582074894,8.399971119282888,3.730567932227123,5.414072402778615,2.1128455580549623,3.54351374163482,-2.78,690205.5939907836,21.519292322605008,7.325918985638601,4.204134383579708,162.59031069995737,20.994572059745856,11.735768823996422,10.843243482610037,5.601050810983688,11.814359458703011,16.27347016397548,14.141824241834009,14.083731696315263,8.417796984328938,11.336785877934735,5.15571272675054,20.771211599071872,5.380062770465915,6.041840829147961,37.29827438881211,50.26785898322327,0.0,14.605983116249774,5.15571272675054,38.455944068351485,5.733667477162185,11.073990765314376,0.0,0.0,11.050456081168516,5.131558479839333,0.0,11.336785877934735,68.54635098380861,29.525365011975733,0.0,26.46513959392033,10.535775497216456,0.0,0.0,0.0,201.58,51.4842470947288,22.801408536544404,0.0,15.130702465984026,0.0,11.336785877934735,26.151274369537788,0.0,0.0,15.456479851704078,20.23053332942989,31.44978820569469,0.9796905422586336,44.39737831563419,16.334751159546904,3.256457088644816,-3.375611656986792,-2.3123389733980013,0.0,3.692820624691566,-4.756268639419342,0.4615384615384615,28,5,13,0,1,1,0,1,1,10,4,15,7,0,1,1,2,-1.172499999999998,95.65050000000004,1,0,0,1,0,1,0,0,1,1,3,2,0,0,0,3,1,1,0,0,0,0,0,0,0,0,0,2,0,1,0,0,0,0,0,0,0,0,0,0,0,0,0,0,0,0,0,0,0,0,0,0,0,1,0,0,0,0,0,0,0,0,0,1,0,0,0,0,0,0,0,0,0,0,0,0,0,0,0,0,1,0,0,0,0,562.0,Escherichia coli,Bacteria
116564,,18491074,CHEMBL4187448,Antimicrobial activity against Escherichia coli expressing beta-lactamase CTXM-3 by CLSI broth microdilution method,F,BAO_0002146,BAO_0000218,organism-based format,C[C@H]1[C@H](NC(=O)/C(=N\OC(C)(C)C(=O)O)c2csc(N)n2)C(=O)N1S(=O)(=O)O,CHEMBL4184210,Bioorg Med Chem Lett,2018.0,CHEMBL158,AZTREONAM,CHEMBL158,0,http://www.openphacts.org/units/MicrogramPerMilliliter,3069226,=,1,1,=,MIC,ug.mL-1,16.0,CHEMBL354,Escherichia coli,Escherichia coli,562.0,,MIC,ug ml-1,UO_0000274,16.0,CHEMBL158,C[C@H]1[C@H](NC(=O)/C(=N\OC(C)(C)C(=O)O)c2csc(N)n2)C(=O)N1S(=O)(=O)O,12.562141912320484,12.562141912320484,0.0349535856009066,-4.756268639419342,0.174788224513646,20.5,435.44000000000017,418.30400000000014,435.051854504,154,0,0.3620751467724121,-0.4782270320177159,0.4782270320177159,0.3620751467724121,1.4642857142857142,2.071428571428572,2.5,32.24529764273617,10.00401161573638,2.513331128805475,-2.416338874010568,2.230948535260857,-2.707807208919476,7.836563836647012,-0.1608446168429468,2.971847309732629,2.2592762983237704,953.8851353067348,21.43879310982592,14.8114553779692,16.444448539824652,12.752743308167698,7.578995896792942,9.855612118054724,6.221230582074894,8.399971119282888,3.730567932227123,5.414072402778615,2.1128455580549623,3.54351374163482,-2.78,690205.5939907836,21.519292322605008,7.325918985638601,4.204134383579708,162.59031069995737,20.994572059745856,11.735768823996422,10.843243482610037,5.601050810983688,11.814359458703011,16.27347016397548,14.141824241834009,14.083731696315263,8.417796984328938,11.336785877934735,5.15571272675054,20.771211599071872,5.380062770465915,6.041840829147961,37.29827438881211,50.26785898322327,0.0,14.605983116249774,5.15571272675054,38.455944068351485,5.733667477162185,11.073990765314376,0.0,0.0,11.050456081168516,5.131558479839333,0.0,11.336785877934735,68.54635098380861,29.525365011975733,0.0,26.46513959392033,10.535775497216456,0.0,0.0,0.0,201.58,51.4842470947288,22.801408536544404,0.0,15.130702465984026,0.0,11.336785877934735,26.151274369537788,0.0,0.0,15.456479851704078,20.23053332942989,31.44978820569469,0.9796905422586336,44.39737831563419,16.334751159546904,3.256457088644816,-3.375611656986792,-2.3123389733980013,0.0,3.692820624691566,-4.756268639419342,0.4615384615384615,28,5,13,0,1,1,0,1,1,10,4,15,7,0,1,1,2,-1.172499999999998,95.65050000000004,1,0,0,1,0,1,0,0,1,1,3,2,0,0,0,3,1,1,0,0,0,0,0,0,0,0,0,2,0,1,0,0,0,0,0,0,0,0,0,0,0,0,0,0,0,0,0,0,0,0,0,0,0,1,0,0,0,0,0,0,0,0,0,1,0,0,0,0,0,0,0,0,0,0,0,0,0,0,0,0,1,0,0,0,0,562.0,Escherichia coli,Bacteria
116564,,18491074,CHEMBL4187448,Antimicrobial activity against Escherichia coli expressing beta-lactamase CTXM-3 by CLSI broth microdilution method,F,BAO_0002146,BAO_0000218,organism-based format,C[C@H]1[C@H](NC(=O)/C(=N\OC(C)(C)C(=O)O)c2csc(N)n2)C(=O)N1S(=O)(=O)O,CHEMBL4184210,Bioorg Med Chem Lett,2018.0,CHEMBL158,AZTREONAM,CHEMBL158,0,http://www.openphacts.org/units/MicrogramPerMilliliter,3069226,=,1,1,=,MIC,ug.mL-1,16.0,CHEMBL354,Escherichia coli,Escherichia coli,562.0,,MIC,ug ml-1,UO_0000274,16.0,CHEMBL158,C[C@H]1[C@H](NC(=O)/C(=N\OC(C)(C)C(=O)O)c2csc(N)n2)C(=O)N1S(=O)(=O)O,12.562141912320484,12.562141912320484,0.0349535856009066,-4.756268639419342,0.174788224513646,20.5,435.44000000000017,418.30400000000014,435.051854504,154,0,0.3620751467724121,-0.4782270320177159,0.4782270320177159,0.3620751467724121,1.4642857142857142,2.071428571428572,2.5,32.24529764273617,10.00401161573638,2.513331128805475,-2.416338874010568,2.230948535260857,-2.707807208919476,7.836563836647012,-0.1608446168429468,2.971847309732629,2.2592762983237704,953.8851353067348,21.43879310982592,14.8114553779692,16.444448539824652,12.752743308167698,7.578995896792942,9.855612118054724,6.221230582074894,8.399971119282888,3.730567932227123,5.414072402778615,2.1128455580549623,3.54351374163482,-2.78,690205.5939907836,21.519292322605008,7.325918985638601,4.204134383579708,162.59031069995737,20.994572059745856,11.735768823996422,10.843243482610037,5.601050810983688,11.814359458703011,16.27347016397548,14.141824241834009,14.083731696315263,8.417796984328938,11.336785877934735,5.15571272675054,20.771211599071872,5.380062770465915,6.041840829147961,37.29827438881211,50.26785898322327,0.0,14.605983116249774,5.15571272675054,38.455944068351485,5.733667477162185,11.073990765314376,0.0,0.0,11.050456081168516,5.131558479839333,0.0,11.336785877934735,68.54635098380861,29.525365011975733,0.0,26.46513959392033,10.535775497216456,0.0,0.0,0.0,201.58,51.4842470947288,22.801408536544404,0.0,15.130702465984026,0.0,11.336785877934735,26.151274369537788,0.0,0.0,15.456479851704078,20.23053332942989,31.44978820569469,0.9796905422586336,44.39737831563419,16.334751159546904,3.256457088644816,-3.375611656986792,-2.3123389733980013,0.0,3.692820624691566,-4.756268639419342,0.4615384615384615,28,5,13,0,1,1,0,1,1,10,4,15,7,0,1,1,2,-1.172499999999998,95.65050000000004,1,0,0,1,0,1,0,0,1,1,3,2,0,0,0,3,1,1,0,0,0,0,0,0,0,0,0,2,0,1,0,0,0,0,0,0,0,0,0,0,0,0,0,0,0,0,0,0,0,0,0,0,0,1,0,0,0,0,0,0,0,0,0,1,0,0,0,0,0,0,0,0,0,0,0,0,0,0,0,0,1,0,0,0,0,562.0,Escherichia coli,Bacteria
116564,,18491074,CHEMBL4187448,Antimicrobial activity against Escherichia coli expressing beta-lactamase CTXM-3 by CLSI broth microdilution method,F,BAO_0002146,BAO_0000218,organism-based format,C[C@H]1[C@H](NC(=O)/C(=N\OC(C)(C)C(=O)O)c2csc(N)n2)C(=O)N1S(=O)(=O)O,CHEMBL4184210,Bioorg Med Chem Lett,2018.0,CHEMBL158,AZTREONAM,CHEMBL158,0,http://www.openphacts.org/units/MicrogramPerMilliliter,3069226,=,1,1,=,MIC,ug.mL-1,16.0,CHEMBL354,Escherichia coli,Escherichia coli,562.0,,MIC,ug ml-1,UO_0000274,16.0,CHEMBL158,C[C@H]1[C@H](NC(=O)/C(=N\OC(C)(C)C(=O)O)c2csc(N)n2)C(=O)N1S(=O)(=O)O,12.562141912320484,12.562141912320484,0.0349535856009066,-4.756268639419342,0.174788224513646,20.5,435.44000000000017,418.30400000000014,435.051854504,154,0,0.3620751467724121,-0.4782270320177159,0.4782270320177159,0.3620751467724121,1.4642857142857142,2.071428571428572,2.5,32.24529764273617,10.00401161573638,2.513331128805475,-2.416338874010568,2.230948535260857,-2.707807208919476,7.836563836647012,-0.1608446168429468,2.971847309732629,2.2592762983237704,953.8851353067348,21.43879310982592,14.8114553779692,16.444448539824652,12.752743308167698,7.578995896792942,9.855612118054724,6.221230582074894,8.399971119282888,3.730567932227123,5.414072402778615,2.1128455580549623,3.54351374163482,-2.78,690205.5939907836,21.519292322605008,7.325918985638601,4.204134383579708,162.59031069995737,20.994572059745856,11.735768823996422,10.843243482610037,5.601050810983688,11.814359458703011,16.27347016397548,14.141824241834009,14.083731696315263,8.417796984328938,11.336785877934735,5.15571272675054,20.771211599071872,5.380062770465915,6.041840829147961,37.29827438881211,50.26785898322327,0.0,14.605983116249774,5.15571272675054,38.455944068351485,5.733667477162185,11.073990765314376,0.0,0.0,11.050456081168516,5.131558479839333,0.0,11.336785877934735,68.54635098380861,29.525365011975733,0.0,26.46513959392033,10.535775497216456,0.0,0.0,0.0,201.58,51.4842470947288,22.801408536544404,0.0,15.130702465984026,0.0,11.336785877934735,26.151274369537788,0.0,0.0,15.456479851704078,20.23053332942989,31.44978820569469,0.9796905422586336,44.39737831563419,16.334751159546904,3.256457088644816,-3.375611656986792,-2.3123389733980013,0.0,3.692820624691566,-4.756268639419342,0.4615384615384615,28,5,13,0,1,1,0,1,1,10,4,15,7,0,1,1,2,-1.172499999999998,95.65050000000004,1,0,0,1,0,1,0,0,1,1,3,2,0,0,0,3,1,1,0,0,0,0,0,0,0,0,0,2,0,1,0,0,0,0,0,0,0,0,0,0,0,0,0,0,0,0,0,0,0,0,0,0,0,1,0,0,0,0,0,0,0,0,0,1,0,0,0,0,0,0,0,0,0,0,0,0,0,0,0,0,1,0,0,0,0,562.0,Escherichia coli,Bacteria
116565,,18491087,CHEMBL4187449,Antimicrobial activity against Escherichia coli expressing beta-lactamase CTXM-15 by CLSI broth microdilution method,F,BAO_0002146,BAO_0000218,organism-based format,C[C@H]1[C@H](NC(=O)/C(=N\OC(C)(C)C(=O)O)c2csc(N)n2)C(=O)N1S(=O)(=O)O,CHEMBL4184210,Bioorg Med Chem Lett,2018.0,CHEMBL158,AZTREONAM,CHEMBL158,0,http://www.openphacts.org/units/MicrogramPerMilliliter,3069226,=,1,1,=,MIC,ug.mL-1,64.0,CHEMBL354,Escherichia coli,Escherichia coli,562.0,,MIC,ug ml-1,UO_0000274,64.0,CHEMBL158,C[C@H]1[C@H](NC(=O)/C(=N\OC(C)(C)C(=O)O)c2csc(N)n2)C(=O)N1S(=O)(=O)O,12.562141912320484,12.562141912320484,0.0349535856009066,-4.756268639419342,0.174788224513646,20.5,435.44000000000017,418.30400000000014,435.051854504,154,0,0.3620751467724121,-0.4782270320177159,0.4782270320177159,0.3620751467724121,1.4642857142857142,2.071428571428572,2.5,32.24529764273617,10.00401161573638,2.513331128805475,-2.416338874010568,2.230948535260857,-2.707807208919476,7.836563836647012,-0.1608446168429468,2.971847309732629,2.2592762983237704,953.8851353067348,21.43879310982592,14.8114553779692,16.444448539824652,12.752743308167698,7.578995896792942,9.855612118054724,6.221230582074894,8.399971119282888,3.730567932227123,5.414072402778615,2.1128455580549623,3.54351374163482,-2.78,690205.5939907836,21.519292322605008,7.325918985638601,4.204134383579708,162.59031069995737,20.994572059745856,11.735768823996422,10.843243482610037,5.601050810983688,11.814359458703011,16.27347016397548,14.141824241834009,14.083731696315263,8.417796984328938,11.336785877934735,5.15571272675054,20.771211599071872,5.380062770465915,6.041840829147961,37.29827438881211,50.26785898322327,0.0,14.605983116249774,5.15571272675054,38.455944068351485,5.733667477162185,11.073990765314376,0.0,0.0,11.050456081168516,5.131558479839333,0.0,11.336785877934735,68.54635098380861,29.525365011975733,0.0,26.46513959392033,10.535775497216456,0.0,0.0,0.0,201.58,51.4842470947288,22.801408536544404,0.0,15.130702465984026,0.0,11.336785877934735,26.151274369537788,0.0,0.0,15.456479851704078,20.23053332942989,31.44978820569469,0.9796905422586336,44.39737831563419,16.334751159546904,3.256457088644816,-3.375611656986792,-2.3123389733980013,0.0,3.692820624691566,-4.756268639419342,0.4615384615384615,28,5,13,0,1,1,0,1,1,10,4,15,7,0,1,1,2,-1.172499999999998,95.65050000000004,1,0,0,1,0,1,0,0,1,1,3,2,0,0,0,3,1,1,0,0,0,0,0,0,0,0,0,2,0,1,0,0,0,0,0,0,0,0,0,0,0,0,0,0,0,0,0,0,0,0,0,0,0,1,0,0,0,0,0,0,0,0,0,1,0,0,0,0,0,0,0,0,0,0,0,0,0,0,0,0,1,0,0,0,0,562.0,Escherichia coli,Bacteria
116565,,18491087,CHEMBL4187449,Antimicrobial activity against Escherichia coli expressing beta-lactamase CTXM-15 by CLSI broth microdilution method,F,BAO_0002146,BAO_0000218,organism-based format,C[C@H]1[C@H](NC(=O)/C(=N\OC(C)(C)C(=O)O)c2csc(N)n2)C(=O)N1S(=O)(=O)O,CHEMBL4184210,Bioorg Med Chem Lett,2018.0,CHEMBL158,AZTREONAM,CHEMBL158,0,http://www.openphacts.org/units/MicrogramPerMilliliter,3069226,=,1,1,=,MIC,ug.mL-1,64.0,CHEMBL354,Escherichia coli,Escherichia coli,562.0,,MIC,ug ml-1,UO_0000274,64.0,CHEMBL158,C[C@H]1[C@H](NC(=O)/C(=N\OC(C)(C)C(=O)O)c2csc(N)n2)C(=O)N1S(=O)(=O)O,12.562141912320484,12.562141912320484,0.0349535856009066,-4.756268639419342,0.174788224513646,20.5,435.44000000000017,418.30400000000014,435.051854504,154,0,0.3620751467724121,-0.4782270320177159,0.4782270320177159,0.3620751467724121,1.4642857142857142,2.071428571428572,2.5,32.24529764273617,10.00401161573638,2.513331128805475,-2.416338874010568,2.230948535260857,-2.707807208919476,7.836563836647012,-0.1608446168429468,2.971847309732629,2.2592762983237704,953.8851353067348,21.43879310982592,14.8114553779692,16.444448539824652,12.752743308167698,7.578995896792942,9.855612118054724,6.221230582074894,8.399971119282888,3.730567932227123,5.414072402778615,2.1128455580549623,3.54351374163482,-2.78,690205.5939907836,21.519292322605008,7.325918985638601,4.204134383579708,162.59031069995737,20.994572059745856,11.735768823996422,10.843243482610037,5.601050810983688,11.814359458703011,16.27347016397548,14.141824241834009,14.083731696315263,8.417796984328938,11.336785877934735,5.15571272675054,20.771211599071872,5.380062770465915,6.041840829147961,37.29827438881211,50.26785898322327,0.0,14.605983116249774,5.15571272675054,38.455944068351485,5.733667477162185,11.073990765314376,0.0,0.0,11.050456081168516,5.131558479839333,0.0,11.336785877934735,68.54635098380861,29.525365011975733,0.0,26.46513959392033,10.535775497216456,0.0,0.0,0.0,201.58,51.4842470947288,22.801408536544404,0.0,15.130702465984026,0.0,11.336785877934735,26.151274369537788,0.0,0.0,15.456479851704078,20.23053332942989,31.44978820569469,0.9796905422586336,44.39737831563419,16.334751159546904,3.256457088644816,-3.375611656986792,-2.3123389733980013,0.0,3.692820624691566,-4.756268639419342,0.4615384615384615,28,5,13,0,1,1,0,1,1,10,4,15,7,0,1,1,2,-1.172499999999998,95.65050000000004,1,0,0,1,0,1,0,0,1,1,3,2,0,0,0,3,1,1,0,0,0,0,0,0,0,0,0,2,0,1,0,0,0,0,0,0,0,0,0,0,0,0,0,0,0,0,0,0,0,0,0,0,0,1,0,0,0,0,0,0,0,0,0,1,0,0,0,0,0,0,0,0,0,0,0,0,0,0,0,0,1,0,0,0,0,562.0,Escherichia coli,Bacteria
116565,,18491087,CHEMBL4187449,Antimicrobial activity against Escherichia coli expressing beta-lactamase CTXM-15 by CLSI broth microdilution method,F,BAO_0002146,BAO_0000218,organism-based format,C[C@H]1[C@H](NC(=O)/C(=N\OC(C)(C)C(=O)O)c2csc(N)n2)C(=O)N1S(=O)(=O)O,CHEMBL4184210,Bioorg Med Chem Lett,2018.0,CHEMBL158,AZTREONAM,CHEMBL158,0,http://www.openphacts.org/units/MicrogramPerMilliliter,3069226,=,1,1,=,MIC,ug.mL-1,64.0,CHEMBL354,Escherichia coli,Escherichia coli,562.0,,MIC,ug ml-1,UO_0000274,64.0,CHEMBL158,C[C@H]1[C@H](NC(=O)/C(=N\OC(C)(C)C(=O)O)c2csc(N)n2)C(=O)N1S(=O)(=O)O,12.562141912320484,12.562141912320484,0.0349535856009066,-4.756268639419342,0.174788224513646,20.5,435.44000000000017,418.30400000000014,435.051854504,154,0,0.3620751467724121,-0.4782270320177159,0.4782270320177159,0.3620751467724121,1.4642857142857142,2.071428571428572,2.5,32.24529764273617,10.00401161573638,2.513331128805475,-2.416338874010568,2.230948535260857,-2.707807208919476,7.836563836647012,-0.1608446168429468,2.971847309732629,2.2592762983237704,953.8851353067348,21.43879310982592,14.8114553779692,16.444448539824652,12.752743308167698,7.578995896792942,9.855612118054724,6.221230582074894,8.399971119282888,3.730567932227123,5.414072402778615,2.1128455580549623,3.54351374163482,-2.78,690205.5939907836,21.519292322605008,7.325918985638601,4.204134383579708,162.59031069995737,20.994572059745856,11.735768823996422,10.843243482610037,5.601050810983688,11.814359458703011,16.27347016397548,14.141824241834009,14.083731696315263,8.417796984328938,11.336785877934735,5.15571272675054,20.771211599071872,5.380062770465915,6.041840829147961,37.29827438881211,50.26785898322327,0.0,14.605983116249774,5.15571272675054,38.455944068351485,5.733667477162185,11.073990765314376,0.0,0.0,11.050456081168516,5.131558479839333,0.0,11.336785877934735,68.54635098380861,29.525365011975733,0.0,26.46513959392033,10.535775497216456,0.0,0.0,0.0,201.58,51.4842470947288,22.801408536544404,0.0,15.130702465984026,0.0,11.336785877934735,26.151274369537788,0.0,0.0,15.456479851704078,20.23053332942989,31.44978820569469,0.9796905422586336,44.39737831563419,16.334751159546904,3.256457088644816,-3.375611656986792,-2.3123389733980013,0.0,3.692820624691566,-4.756268639419342,0.4615384615384615,28,5,13,0,1,1,0,1,1,10,4,15,7,0,1,1,2,-1.172499999999998,95.65050000000004,1,0,0,1,0,1,0,0,1,1,3,2,0,0,0,3,1,1,0,0,0,0,0,0,0,0,0,2,0,1,0,0,0,0,0,0,0,0,0,0,0,0,0,0,0,0,0,0,0,0,0,0,0,1,0,0,0,0,0,0,0,0,0,1,0,0,0,0,0,0,0,0,0,0,0,0,0,0,0,0,1,0,0,0,0,562.0,Escherichia coli,Bacteria
116565,,18491087,CHEMBL4187449,Antimicrobial activity against Escherichia coli expressing beta-lactamase CTXM-15 by CLSI broth microdilution method,F,BAO_0002146,BAO_0000218,organism-based format,C[C@H]1[C@H](NC(=O)/C(=N\OC(C)(C)C(=O)O)c2csc(N)n2)C(=O)N1S(=O)(=O)O,CHEMBL4184210,Bioorg Med Chem Lett,2018.0,CHEMBL158,AZTREONAM,CHEMBL158,0,http://www.openphacts.org/units/MicrogramPerMilliliter,3069226,=,1,1,=,MIC,ug.mL-1,64.0,CHEMBL354,Escherichia coli,Escherichia coli,562.0,,MIC,ug ml-1,UO_0000274,64.0,CHEMBL158,C[C@H]1[C@H](NC(=O)/C(=N\OC(C)(C)C(=O)O)c2csc(N)n2)C(=O)N1S(=O)(=O)O,12.562141912320484,12.562141912320484,0.0349535856009066,-4.756268639419342,0.174788224513646,20.5,435.44000000000017,418.30400000000014,435.051854504,154,0,0.3620751467724121,-0.4782270320177159,0.4782270320177159,0.3620751467724121,1.4642857142857142,2.071428571428572,2.5,32.24529764273617,10.00401161573638,2.513331128805475,-2.416338874010568,2.230948535260857,-2.707807208919476,7.836563836647012,-0.1608446168429468,2.971847309732629,2.2592762983237704,953.8851353067348,21.43879310982592,14.8114553779692,16.444448539824652,12.752743308167698,7.578995896792942,9.855612118054724,6.221230582074894,8.399971119282888,3.730567932227123,5.414072402778615,2.1128455580549623,3.54351374163482,-2.78,690205.5939907836,21.519292322605008,7.325918985638601,4.204134383579708,162.59031069995737,20.994572059745856,11.735768823996422,10.843243482610037,5.601050810983688,11.814359458703011,16.27347016397548,14.141824241834009,14.083731696315263,8.417796984328938,11.336785877934735,5.15571272675054,20.771211599071872,5.380062770465915,6.041840829147961,37.29827438881211,50.26785898322327,0.0,14.605983116249774,5.15571272675054,38.455944068351485,5.733667477162185,11.073990765314376,0.0,0.0,11.050456081168516,5.131558479839333,0.0,11.336785877934735,68.54635098380861,29.525365011975733,0.0,26.46513959392033,10.535775497216456,0.0,0.0,0.0,201.58,51.4842470947288,22.801408536544404,0.0,15.130702465984026,0.0,11.336785877934735,26.151274369537788,0.0,0.0,15.456479851704078,20.23053332942989,31.44978820569469,0.9796905422586336,44.39737831563419,16.334751159546904,3.256457088644816,-3.375611656986792,-2.3123389733980013,0.0,3.692820624691566,-4.756268639419342,0.4615384615384615,28,5,13,0,1,1,0,1,1,10,4,15,7,0,1,1,2,-1.172499999999998,95.65050000000004,1,0,0,1,0,1,0,0,1,1,3,2,0,0,0,3,1,1,0,0,0,0,0,0,0,0,0,2,0,1,0,0,0,0,0,0,0,0,0,0,0,0,0,0,0,0,0,0,0,0,0,0,0,1,0,0,0,0,0,0,0,0,0,1,0,0,0,0,0,0,0,0,0,0,0,0,0,0,0,0,1,0,0,0,0,562.0,Escherichia coli,Bacteria
116566,,18491138,CHEMBL4187450,Antimicrobial activity against Escherichia coli expressing beta-lactamase GES-1 by CLSI broth microdilution method,F,BAO_0002146,BAO_0000218,organism-based format,C[C@H]1[C@H](NC(=O)/C(=N\OC(C)(C)C(=O)O)c2csc(N)n2)C(=O)N1S(=O)(=O)O,CHEMBL4184210,Bioorg Med Chem Lett,2018.0,CHEMBL158,AZTREONAM,CHEMBL158,0,http://www.openphacts.org/units/MicrogramPerMilliliter,3069226,=,1,1,=,MIC,ug.mL-1,1.0,CHEMBL354,Escherichia coli,Escherichia coli,562.0,,MIC,ug ml-1,UO_0000274,1.0,CHEMBL158,C[C@H]1[C@H](NC(=O)/C(=N\OC(C)(C)C(=O)O)c2csc(N)n2)C(=O)N1S(=O)(=O)O,12.562141912320484,12.562141912320484,0.0349535856009066,-4.756268639419342,0.174788224513646,20.5,435.44000000000017,418.30400000000014,435.051854504,154,0,0.3620751467724121,-0.4782270320177159,0.4782270320177159,0.3620751467724121,1.4642857142857142,2.071428571428572,2.5,32.24529764273617,10.00401161573638,2.513331128805475,-2.416338874010568,2.230948535260857,-2.707807208919476,7.836563836647012,-0.1608446168429468,2.971847309732629,2.2592762983237704,953.8851353067348,21.43879310982592,14.8114553779692,16.444448539824652,12.752743308167698,7.578995896792942,9.855612118054724,6.221230582074894,8.399971119282888,3.730567932227123,5.414072402778615,2.1128455580549623,3.54351374163482,-2.78,690205.5939907836,21.519292322605008,7.325918985638601,4.204134383579708,162.59031069995737,20.994572059745856,11.735768823996422,10.843243482610037,5.601050810983688,11.814359458703011,16.27347016397548,14.141824241834009,14.083731696315263,8.417796984328938,11.336785877934735,5.15571272675054,20.771211599071872,5.380062770465915,6.041840829147961,37.29827438881211,50.26785898322327,0.0,14.605983116249774,5.15571272675054,38.455944068351485,5.733667477162185,11.073990765314376,0.0,0.0,11.050456081168516,5.131558479839333,0.0,11.336785877934735,68.54635098380861,29.525365011975733,0.0,26.46513959392033,10.535775497216456,0.0,0.0,0.0,201.58,51.4842470947288,22.801408536544404,0.0,15.130702465984026,0.0,11.336785877934735,26.151274369537788,0.0,0.0,15.456479851704078,20.23053332942989,31.44978820569469,0.9796905422586336,44.39737831563419,16.334751159546904,3.256457088644816,-3.375611656986792,-2.3123389733980013,0.0,3.692820624691566,-4.756268639419342,0.4615384615384615,28,5,13,0,1,1,0,1,1,10,4,15,7,0,1,1,2,-1.172499999999998,95.65050000000004,1,0,0,1,0,1,0,0,1,1,3,2,0,0,0,3,1,1,0,0,0,0,0,0,0,0,0,2,0,1,0,0,0,0,0,0,0,0,0,0,0,0,0,0,0,0,0,0,0,0,0,0,0,1,0,0,0,0,0,0,0,0,0,1,0,0,0,0,0,0,0,0,0,0,0,0,0,0,0,0,1,0,0,0,0,562.0,Escherichia coli,Bacteria
116566,,18491138,CHEMBL4187450,Antimicrobial activity against Escherichia coli expressing beta-lactamase GES-1 by CLSI broth microdilution method,F,BAO_0002146,BAO_0000218,organism-based format,C[C@H]1[C@H](NC(=O)/C(=N\OC(C)(C)C(=O)O)c2csc(N)n2)C(=O)N1S(=O)(=O)O,CHEMBL4184210,Bioorg Med Chem Lett,2018.0,CHEMBL158,AZTREONAM,CHEMBL158,0,http://www.openphacts.org/units/MicrogramPerMilliliter,3069226,=,1,1,=,MIC,ug.mL-1,1.0,CHEMBL354,Escherichia coli,Escherichia coli,562.0,,MIC,ug ml-1,UO_0000274,1.0,CHEMBL158,C[C@H]1[C@H](NC(=O)/C(=N\OC(C)(C)C(=O)O)c2csc(N)n2)C(=O)N1S(=O)(=O)O,12.562141912320484,12.562141912320484,0.0349535856009066,-4.756268639419342,0.174788224513646,20.5,435.44000000000017,418.30400000000014,435.051854504,154,0,0.3620751467724121,-0.4782270320177159,0.4782270320177159,0.3620751467724121,1.4642857142857142,2.071428571428572,2.5,32.24529764273617,10.00401161573638,2.513331128805475,-2.416338874010568,2.230948535260857,-2.707807208919476,7.836563836647012,-0.1608446168429468,2.971847309732629,2.2592762983237704,953.8851353067348,21.43879310982592,14.8114553779692,16.444448539824652,12.752743308167698,7.578995896792942,9.855612118054724,6.221230582074894,8.399971119282888,3.730567932227123,5.414072402778615,2.1128455580549623,3.54351374163482,-2.78,690205.5939907836,21.519292322605008,7.325918985638601,4.204134383579708,162.59031069995737,20.994572059745856,11.735768823996422,10.843243482610037,5.601050810983688,11.814359458703011,16.27347016397548,14.141824241834009,14.083731696315263,8.417796984328938,11.336785877934735,5.15571272675054,20.771211599071872,5.380062770465915,6.041840829147961,37.29827438881211,50.26785898322327,0.0,14.605983116249774,5.15571272675054,38.455944068351485,5.733667477162185,11.073990765314376,0.0,0.0,11.050456081168516,5.131558479839333,0.0,11.336785877934735,68.54635098380861,29.525365011975733,0.0,26.46513959392033,10.535775497216456,0.0,0.0,0.0,201.58,51.4842470947288,22.801408536544404,0.0,15.130702465984026,0.0,11.336785877934735,26.151274369537788,0.0,0.0,15.456479851704078,20.23053332942989,31.44978820569469,0.9796905422586336,44.39737831563419,16.334751159546904,3.256457088644816,-3.375611656986792,-2.3123389733980013,0.0,3.692820624691566,-4.756268639419342,0.4615384615384615,28,5,13,0,1,1,0,1,1,10,4,15,7,0,1,1,2,-1.172499999999998,95.65050000000004,1,0,0,1,0,1,0,0,1,1,3,2,0,0,0,3,1,1,0,0,0,0,0,0,0,0,0,2,0,1,0,0,0,0,0,0,0,0,0,0,0,0,0,0,0,0,0,0,0,0,0,0,0,1,0,0,0,0,0,0,0,0,0,1,0,0,0,0,0,0,0,0,0,0,0,0,0,0,0,0,1,0,0,0,0,562.0,Escherichia coli,Bacteria
116566,,18491138,CHEMBL4187450,Antimicrobial activity against Escherichia coli expressing beta-lactamase GES-1 by CLSI broth microdilution method,F,BAO_0002146,BAO_0000218,organism-based format,C[C@H]1[C@H](NC(=O)/C(=N\OC(C)(C)C(=O)O)c2csc(N)n2)C(=O)N1S(=O)(=O)O,CHEMBL4184210,Bioorg Med Chem Lett,2018.0,CHEMBL158,AZTREONAM,CHEMBL158,0,http://www.openphacts.org/units/MicrogramPerMilliliter,3069226,=,1,1,=,MIC,ug.mL-1,1.0,CHEMBL354,Escherichia coli,Escherichia coli,562.0,,MIC,ug ml-1,UO_0000274,1.0,CHEMBL158,C[C@H]1[C@H](NC(=O)/C(=N\OC(C)(C)C(=O)O)c2csc(N)n2)C(=O)N1S(=O)(=O)O,12.562141912320484,12.562141912320484,0.0349535856009066,-4.756268639419342,0.174788224513646,20.5,435.44000000000017,418.30400000000014,435.051854504,154,0,0.3620751467724121,-0.4782270320177159,0.4782270320177159,0.3620751467724121,1.4642857142857142,2.071428571428572,2.5,32.24529764273617,10.00401161573638,2.513331128805475,-2.416338874010568,2.230948535260857,-2.707807208919476,7.836563836647012,-0.1608446168429468,2.971847309732629,2.2592762983237704,953.8851353067348,21.43879310982592,14.8114553779692,16.444448539824652,12.752743308167698,7.578995896792942,9.855612118054724,6.221230582074894,8.399971119282888,3.730567932227123,5.414072402778615,2.1128455580549623,3.54351374163482,-2.78,690205.5939907836,21.519292322605008,7.325918985638601,4.204134383579708,162.59031069995737,20.994572059745856,11.735768823996422,10.843243482610037,5.601050810983688,11.814359458703011,16.27347016397548,14.141824241834009,14.083731696315263,8.417796984328938,11.336785877934735,5.15571272675054,20.771211599071872,5.380062770465915,6.041840829147961,37.29827438881211,50.26785898322327,0.0,14.605983116249774,5.15571272675054,38.455944068351485,5.733667477162185,11.073990765314376,0.0,0.0,11.050456081168516,5.131558479839333,0.0,11.336785877934735,68.54635098380861,29.525365011975733,0.0,26.46513959392033,10.535775497216456,0.0,0.0,0.0,201.58,51.4842470947288,22.801408536544404,0.0,15.130702465984026,0.0,11.336785877934735,26.151274369537788,0.0,0.0,15.456479851704078,20.23053332942989,31.44978820569469,0.9796905422586336,44.39737831563419,16.334751159546904,3.256457088644816,-3.375611656986792,-2.3123389733980013,0.0,3.692820624691566,-4.756268639419342,0.4615384615384615,28,5,13,0,1,1,0,1,1,10,4,15,7,0,1,1,2,-1.172499999999998,95.65050000000004,1,0,0,1,0,1,0,0,1,1,3,2,0,0,0,3,1,1,0,0,0,0,0,0,0,0,0,2,0,1,0,0,0,0,0,0,0,0,0,0,0,0,0,0,0,0,0,0,0,0,0,0,0,1,0,0,0,0,0,0,0,0,0,1,0,0,0,0,0,0,0,0,0,0,0,0,0,0,0,0,1,0,0,0,0,562.0,Escherichia coli,Bacteria
116566,,18491138,CHEMBL4187450,Antimicrobial activity against Escherichia coli expressing beta-lactamase GES-1 by CLSI broth microdilution method,F,BAO_0002146,BAO_0000218,organism-based format,C[C@H]1[C@H](NC(=O)/C(=N\OC(C)(C)C(=O)O)c2csc(N)n2)C(=O)N1S(=O)(=O)O,CHEMBL4184210,Bioorg Med Chem Lett,2018.0,CHEMBL158,AZTREONAM,CHEMBL158,0,http://www.openphacts.org/units/MicrogramPerMilliliter,3069226,=,1,1,=,MIC,ug.mL-1,1.0,CHEMBL354,Escherichia coli,Escherichia coli,562.0,,MIC,ug ml-1,UO_0000274,1.0,CHEMBL158,C[C@H]1[C@H](NC(=O)/C(=N\OC(C)(C)C(=O)O)c2csc(N)n2)C(=O)N1S(=O)(=O)O,12.562141912320484,12.562141912320484,0.0349535856009066,-4.756268639419342,0.174788224513646,20.5,435.44000000000017,418.30400000000014,435.051854504,154,0,0.3620751467724121,-0.4782270320177159,0.4782270320177159,0.3620751467724121,1.4642857142857142,2.071428571428572,2.5,32.24529764273617,10.00401161573638,2.513331128805475,-2.416338874010568,2.230948535260857,-2.707807208919476,7.836563836647012,-0.1608446168429468,2.971847309732629,2.2592762983237704,953.8851353067348,21.43879310982592,14.8114553779692,16.444448539824652,12.752743308167698,7.578995896792942,9.855612118054724,6.221230582074894,8.399971119282888,3.730567932227123,5.414072402778615,2.1128455580549623,3.54351374163482,-2.78,690205.5939907836,21.519292322605008,7.325918985638601,4.204134383579708,162.59031069995737,20.994572059745856,11.735768823996422,10.843243482610037,5.601050810983688,11.814359458703011,16.27347016397548,14.141824241834009,14.083731696315263,8.417796984328938,11.336785877934735,5.15571272675054,20.771211599071872,5.380062770465915,6.041840829147961,37.29827438881211,50.26785898322327,0.0,14.605983116249774,5.15571272675054,38.455944068351485,5.733667477162185,11.073990765314376,0.0,0.0,11.050456081168516,5.131558479839333,0.0,11.336785877934735,68.54635098380861,29.525365011975733,0.0,26.46513959392033,10.535775497216456,0.0,0.0,0.0,201.58,51.4842470947288,22.801408536544404,0.0,15.130702465984026,0.0,11.336785877934735,26.151274369537788,0.0,0.0,15.456479851704078,20.23053332942989,31.44978820569469,0.9796905422586336,44.39737831563419,16.334751159546904,3.256457088644816,-3.375611656986792,-2.3123389733980013,0.0,3.692820624691566,-4.756268639419342,0.4615384615384615,28,5,13,0,1,1,0,1,1,10,4,15,7,0,1,1,2,-1.172499999999998,95.65050000000004,1,0,0,1,0,1,0,0,1,1,3,2,0,0,0,3,1,1,0,0,0,0,0,0,0,0,0,2,0,1,0,0,0,0,0,0,0,0,0,0,0,0,0,0,0,0,0,0,0,0,0,0,0,1,0,0,0,0,0,0,0,0,0,1,0,0,0,0,0,0,0,0,0,0,0,0,0,0,0,0,1,0,0,0,0,562.0,Escherichia coli,Bacteria
116567,,18491151,CHEMBL4187451,Antimicrobial activity against Escherichia coli expressing beta-lactamase IMI-1 by CLSI broth microdilution method,F,BAO_0002146,BAO_0000218,organism-based format,C[C@H]1[C@H](NC(=O)/C(=N\OC(C)(C)C(=O)O)c2csc(N)n2)C(=O)N1S(=O)(=O)O,CHEMBL4184210,Bioorg Med Chem Lett,2018.0,CHEMBL158,AZTREONAM,CHEMBL158,0,http://www.openphacts.org/units/MicrogramPerMilliliter,3069226,>,1,1,>,MIC,ug.mL-1,64.0,CHEMBL354,Escherichia coli,Escherichia coli,562.0,,MIC,ug ml-1,UO_0000274,64.0,CHEMBL158,C[C@H]1[C@H](NC(=O)/C(=N\OC(C)(C)C(=O)O)c2csc(N)n2)C(=O)N1S(=O)(=O)O,12.562141912320484,12.562141912320484,0.0349535856009066,-4.756268639419342,0.174788224513646,20.5,435.44000000000017,418.30400000000014,435.051854504,154,0,0.3620751467724121,-0.4782270320177159,0.4782270320177159,0.3620751467724121,1.4642857142857142,2.071428571428572,2.5,32.24529764273617,10.00401161573638,2.513331128805475,-2.416338874010568,2.230948535260857,-2.707807208919476,7.836563836647012,-0.1608446168429468,2.971847309732629,2.2592762983237704,953.8851353067348,21.43879310982592,14.8114553779692,16.444448539824652,12.752743308167698,7.578995896792942,9.855612118054724,6.221230582074894,8.399971119282888,3.730567932227123,5.414072402778615,2.1128455580549623,3.54351374163482,-2.78,690205.5939907836,21.519292322605008,7.325918985638601,4.204134383579708,162.59031069995737,20.994572059745856,11.735768823996422,10.843243482610037,5.601050810983688,11.814359458703011,16.27347016397548,14.141824241834009,14.083731696315263,8.417796984328938,11.336785877934735,5.15571272675054,20.771211599071872,5.380062770465915,6.041840829147961,37.29827438881211,50.26785898322327,0.0,14.605983116249774,5.15571272675054,38.455944068351485,5.733667477162185,11.073990765314376,0.0,0.0,11.050456081168516,5.131558479839333,0.0,11.336785877934735,68.54635098380861,29.525365011975733,0.0,26.46513959392033,10.535775497216456,0.0,0.0,0.0,201.58,51.4842470947288,22.801408536544404,0.0,15.130702465984026,0.0,11.336785877934735,26.151274369537788,0.0,0.0,15.456479851704078,20.23053332942989,31.44978820569469,0.9796905422586336,44.39737831563419,16.334751159546904,3.256457088644816,-3.375611656986792,-2.3123389733980013,0.0,3.692820624691566,-4.756268639419342,0.4615384615384615,28,5,13,0,1,1,0,1,1,10,4,15,7,0,1,1,2,-1.172499999999998,95.65050000000004,1,0,0,1,0,1,0,0,1,1,3,2,0,0,0,3,1,1,0,0,0,0,0,0,0,0,0,2,0,1,0,0,0,0,0,0,0,0,0,0,0,0,0,0,0,0,0,0,0,0,0,0,0,1,0,0,0,0,0,0,0,0,0,1,0,0,0,0,0,0,0,0,0,0,0,0,0,0,0,0,1,0,0,0,0,562.0,Escherichia coli,Bacteria
116567,,18491151,CHEMBL4187451,Antimicrobial activity against Escherichia coli expressing beta-lactamase IMI-1 by CLSI broth microdilution method,F,BAO_0002146,BAO_0000218,organism-based format,C[C@H]1[C@H](NC(=O)/C(=N\OC(C)(C)C(=O)O)c2csc(N)n2)C(=O)N1S(=O)(=O)O,CHEMBL4184210,Bioorg Med Chem Lett,2018.0,CHEMBL158,AZTREONAM,CHEMBL158,0,http://www.openphacts.org/units/MicrogramPerMilliliter,3069226,>,1,1,>,MIC,ug.mL-1,64.0,CHEMBL354,Escherichia coli,Escherichia coli,562.0,,MIC,ug ml-1,UO_0000274,64.0,CHEMBL158,C[C@H]1[C@H](NC(=O)/C(=N\OC(C)(C)C(=O)O)c2csc(N)n2)C(=O)N1S(=O)(=O)O,12.562141912320484,12.562141912320484,0.0349535856009066,-4.756268639419342,0.174788224513646,20.5,435.44000000000017,418.30400000000014,435.051854504,154,0,0.3620751467724121,-0.4782270320177159,0.4782270320177159,0.3620751467724121,1.4642857142857142,2.071428571428572,2.5,32.24529764273617,10.00401161573638,2.513331128805475,-2.416338874010568,2.230948535260857,-2.707807208919476,7.836563836647012,-0.1608446168429468,2.971847309732629,2.2592762983237704,953.8851353067348,21.43879310982592,14.8114553779692,16.444448539824652,12.752743308167698,7.578995896792942,9.855612118054724,6.221230582074894,8.399971119282888,3.730567932227123,5.414072402778615,2.1128455580549623,3.54351374163482,-2.78,690205.5939907836,21.519292322605008,7.325918985638601,4.204134383579708,162.59031069995737,20.994572059745856,11.735768823996422,10.843243482610037,5.601050810983688,11.814359458703011,16.27347016397548,14.141824241834009,14.083731696315263,8.417796984328938,11.336785877934735,5.15571272675054,20.771211599071872,5.380062770465915,6.041840829147961,37.29827438881211,50.26785898322327,0.0,14.605983116249774,5.15571272675054,38.455944068351485,5.733667477162185,11.073990765314376,0.0,0.0,11.050456081168516,5.131558479839333,0.0,11.336785877934735,68.54635098380861,29.525365011975733,0.0,26.46513959392033,10.535775497216456,0.0,0.0,0.0,201.58,51.4842470947288,22.801408536544404,0.0,15.130702465984026,0.0,11.336785877934735,26.151274369537788,0.0,0.0,15.456479851704078,20.23053332942989,31.44978820569469,0.9796905422586336,44.39737831563419,16.334751159546904,3.256457088644816,-3.375611656986792,-2.3123389733980013,0.0,3.692820624691566,-4.756268639419342,0.4615384615384615,28,5,13,0,1,1,0,1,1,10,4,15,7,0,1,1,2,-1.172499999999998,95.65050000000004,1,0,0,1,0,1,0,0,1,1,3,2,0,0,0,3,1,1,0,0,0,0,0,0,0,0,0,2,0,1,0,0,0,0,0,0,0,0,0,0,0,0,0,0,0,0,0,0,0,0,0,0,0,1,0,0,0,0,0,0,0,0,0,1,0,0,0,0,0,0,0,0,0,0,0,0,0,0,0,0,1,0,0,0,0,562.0,Escherichia coli,Bacteria
116567,,18491151,CHEMBL4187451,Antimicrobial activity against Escherichia coli expressing beta-lactamase IMI-1 by CLSI broth microdilution method,F,BAO_0002146,BAO_0000218,organism-based format,C[C@H]1[C@H](NC(=O)/C(=N\OC(C)(C)C(=O)O)c2csc(N)n2)C(=O)N1S(=O)(=O)O,CHEMBL4184210,Bioorg Med Chem Lett,2018.0,CHEMBL158,AZTREONAM,CHEMBL158,0,http://www.openphacts.org/units/MicrogramPerMilliliter,3069226,>,1,1,>,MIC,ug.mL-1,64.0,CHEMBL354,Escherichia coli,Escherichia coli,562.0,,MIC,ug ml-1,UO_0000274,64.0,CHEMBL158,C[C@H]1[C@H](NC(=O)/C(=N\OC(C)(C)C(=O)O)c2csc(N)n2)C(=O)N1S(=O)(=O)O,12.562141912320484,12.562141912320484,0.0349535856009066,-4.756268639419342,0.174788224513646,20.5,435.44000000000017,418.30400000000014,435.051854504,154,0,0.3620751467724121,-0.4782270320177159,0.4782270320177159,0.3620751467724121,1.4642857142857142,2.071428571428572,2.5,32.24529764273617,10.00401161573638,2.513331128805475,-2.416338874010568,2.230948535260857,-2.707807208919476,7.836563836647012,-0.1608446168429468,2.971847309732629,2.2592762983237704,953.8851353067348,21.43879310982592,14.8114553779692,16.444448539824652,12.752743308167698,7.578995896792942,9.855612118054724,6.221230582074894,8.399971119282888,3.730567932227123,5.414072402778615,2.1128455580549623,3.54351374163482,-2.78,690205.5939907836,21.519292322605008,7.325918985638601,4.204134383579708,162.59031069995737,20.994572059745856,11.735768823996422,10.843243482610037,5.601050810983688,11.814359458703011,16.27347016397548,14.141824241834009,14.083731696315263,8.417796984328938,11.336785877934735,5.15571272675054,20.771211599071872,5.380062770465915,6.041840829147961,37.29827438881211,50.26785898322327,0.0,14.605983116249774,5.15571272675054,38.455944068351485,5.733667477162185,11.073990765314376,0.0,0.0,11.050456081168516,5.131558479839333,0.0,11.336785877934735,68.54635098380861,29.525365011975733,0.0,26.46513959392033,10.535775497216456,0.0,0.0,0.0,201.58,51.4842470947288,22.801408536544404,0.0,15.130702465984026,0.0,11.336785877934735,26.151274369537788,0.0,0.0,15.456479851704078,20.23053332942989,31.44978820569469,0.9796905422586336,44.39737831563419,16.334751159546904,3.256457088644816,-3.375611656986792,-2.3123389733980013,0.0,3.692820624691566,-4.756268639419342,0.4615384615384615,28,5,13,0,1,1,0,1,1,10,4,15,7,0,1,1,2,-1.172499999999998,95.65050000000004,1,0,0,1,0,1,0,0,1,1,3,2,0,0,0,3,1,1,0,0,0,0,0,0,0,0,0,2,0,1,0,0,0,0,0,0,0,0,0,0,0,0,0,0,0,0,0,0,0,0,0,0,0,1,0,0,0,0,0,0,0,0,0,1,0,0,0,0,0,0,0,0,0,0,0,0,0,0,0,0,1,0,0,0,0,562.0,Escherichia coli,Bacteria
116567,,18491151,CHEMBL4187451,Antimicrobial activity against Escherichia coli expressing beta-lactamase IMI-1 by CLSI broth microdilution method,F,BAO_0002146,BAO_0000218,organism-based format,C[C@H]1[C@H](NC(=O)/C(=N\OC(C)(C)C(=O)O)c2csc(N)n2)C(=O)N1S(=O)(=O)O,CHEMBL4184210,Bioorg Med Chem Lett,2018.0,CHEMBL158,AZTREONAM,CHEMBL158,0,http://www.openphacts.org/units/MicrogramPerMilliliter,3069226,>,1,1,>,MIC,ug.mL-1,64.0,CHEMBL354,Escherichia coli,Escherichia coli,562.0,,MIC,ug ml-1,UO_0000274,64.0,CHEMBL158,C[C@H]1[C@H](NC(=O)/C(=N\OC(C)(C)C(=O)O)c2csc(N)n2)C(=O)N1S(=O)(=O)O,12.562141912320484,12.562141912320484,0.0349535856009066,-4.756268639419342,0.174788224513646,20.5,435.44000000000017,418.30400000000014,435.051854504,154,0,0.3620751467724121,-0.4782270320177159,0.4782270320177159,0.3620751467724121,1.4642857142857142,2.071428571428572,2.5,32.24529764273617,10.00401161573638,2.513331128805475,-2.416338874010568,2.230948535260857,-2.707807208919476,7.836563836647012,-0.1608446168429468,2.971847309732629,2.2592762983237704,953.8851353067348,21.43879310982592,14.8114553779692,16.444448539824652,12.752743308167698,7.578995896792942,9.855612118054724,6.221230582074894,8.399971119282888,3.730567932227123,5.414072402778615,2.1128455580549623,3.54351374163482,-2.78,690205.5939907836,21.519292322605008,7.325918985638601,4.204134383579708,162.59031069995737,20.994572059745856,11.735768823996422,10.843243482610037,5.601050810983688,11.814359458703011,16.27347016397548,14.141824241834009,14.083731696315263,8.417796984328938,11.336785877934735,5.15571272675054,20.771211599071872,5.380062770465915,6.041840829147961,37.29827438881211,50.26785898322327,0.0,14.605983116249774,5.15571272675054,38.455944068351485,5.733667477162185,11.073990765314376,0.0,0.0,11.050456081168516,5.131558479839333,0.0,11.336785877934735,68.54635098380861,29.525365011975733,0.0,26.46513959392033,10.535775497216456,0.0,0.0,0.0,201.58,51.4842470947288,22.801408536544404,0.0,15.130702465984026,0.0,11.336785877934735,26.151274369537788,0.0,0.0,15.456479851704078,20.23053332942989,31.44978820569469,0.9796905422586336,44.39737831563419,16.334751159546904,3.256457088644816,-3.375611656986792,-2.3123389733980013,0.0,3.692820624691566,-4.756268639419342,0.4615384615384615,28,5,13,0,1,1,0,1,1,10,4,15,7,0,1,1,2,-1.172499999999998,95.65050000000004,1,0,0,1,0,1,0,0,1,1,3,2,0,0,0,3,1,1,0,0,0,0,0,0,0,0,0,2,0,1,0,0,0,0,0,0,0,0,0,0,0,0,0,0,0,0,0,0,0,0,0,0,0,1,0,0,0,0,0,0,0,0,0,1,0,0,0,0,0,0,0,0,0,0,0,0,0,0,0,0,1,0,0,0,0,562.0,Escherichia coli,Bacteria
116568,,18491164,CHEMBL4187452,Antimicrobial activity against Escherichia coli expressing beta-lactamase KPC-2 by CLSI broth microdilution method,F,BAO_0002146,BAO_0000218,organism-based format,C[C@H]1[C@H](NC(=O)/C(=N\OC(C)(C)C(=O)O)c2csc(N)n2)C(=O)N1S(=O)(=O)O,CHEMBL4184210,Bioorg Med Chem Lett,2018.0,CHEMBL158,AZTREONAM,CHEMBL158,0,http://www.openphacts.org/units/MicrogramPerMilliliter,3069226,>,1,1,>,MIC,ug.mL-1,64.0,CHEMBL354,Escherichia coli,Escherichia coli,562.0,,MIC,ug ml-1,UO_0000274,64.0,CHEMBL158,C[C@H]1[C@H](NC(=O)/C(=N\OC(C)(C)C(=O)O)c2csc(N)n2)C(=O)N1S(=O)(=O)O,12.562141912320484,12.562141912320484,0.0349535856009066,-4.756268639419342,0.174788224513646,20.5,435.44000000000017,418.30400000000014,435.051854504,154,0,0.3620751467724121,-0.4782270320177159,0.4782270320177159,0.3620751467724121,1.4642857142857142,2.071428571428572,2.5,32.24529764273617,10.00401161573638,2.513331128805475,-2.416338874010568,2.230948535260857,-2.707807208919476,7.836563836647012,-0.1608446168429468,2.971847309732629,2.2592762983237704,953.8851353067348,21.43879310982592,14.8114553779692,16.444448539824652,12.752743308167698,7.578995896792942,9.855612118054724,6.221230582074894,8.399971119282888,3.730567932227123,5.414072402778615,2.1128455580549623,3.54351374163482,-2.78,690205.5939907836,21.519292322605008,7.325918985638601,4.204134383579708,162.59031069995737,20.994572059745856,11.735768823996422,10.843243482610037,5.601050810983688,11.814359458703011,16.27347016397548,14.141824241834009,14.083731696315263,8.417796984328938,11.336785877934735,5.15571272675054,20.771211599071872,5.380062770465915,6.041840829147961,37.29827438881211,50.26785898322327,0.0,14.605983116249774,5.15571272675054,38.455944068351485,5.733667477162185,11.073990765314376,0.0,0.0,11.050456081168516,5.131558479839333,0.0,11.336785877934735,68.54635098380861,29.525365011975733,0.0,26.46513959392033,10.535775497216456,0.0,0.0,0.0,201.58,51.4842470947288,22.801408536544404,0.0,15.130702465984026,0.0,11.336785877934735,26.151274369537788,0.0,0.0,15.456479851704078,20.23053332942989,31.44978820569469,0.9796905422586336,44.39737831563419,16.334751159546904,3.256457088644816,-3.375611656986792,-2.3123389733980013,0.0,3.692820624691566,-4.756268639419342,0.4615384615384615,28,5,13,0,1,1,0,1,1,10,4,15,7,0,1,1,2,-1.172499999999998,95.65050000000004,1,0,0,1,0,1,0,0,1,1,3,2,0,0,0,3,1,1,0,0,0,0,0,0,0,0,0,2,0,1,0,0,0,0,0,0,0,0,0,0,0,0,0,0,0,0,0,0,0,0,0,0,0,1,0,0,0,0,0,0,0,0,0,1,0,0,0,0,0,0,0,0,0,0,0,0,0,0,0,0,1,0,0,0,0,562.0,Escherichia coli,Bacteria
116568,,18491164,CHEMBL4187452,Antimicrobial activity against Escherichia coli expressing beta-lactamase KPC-2 by CLSI broth microdilution method,F,BAO_0002146,BAO_0000218,organism-based format,C[C@H]1[C@H](NC(=O)/C(=N\OC(C)(C)C(=O)O)c2csc(N)n2)C(=O)N1S(=O)(=O)O,CHEMBL4184210,Bioorg Med Chem Lett,2018.0,CHEMBL158,AZTREONAM,CHEMBL158,0,http://www.openphacts.org/units/MicrogramPerMilliliter,3069226,>,1,1,>,MIC,ug.mL-1,64.0,CHEMBL354,Escherichia coli,Escherichia coli,562.0,,MIC,ug ml-1,UO_0000274,64.0,CHEMBL158,C[C@H]1[C@H](NC(=O)/C(=N\OC(C)(C)C(=O)O)c2csc(N)n2)C(=O)N1S(=O)(=O)O,12.562141912320484,12.562141912320484,0.0349535856009066,-4.756268639419342,0.174788224513646,20.5,435.44000000000017,418.30400000000014,435.051854504,154,0,0.3620751467724121,-0.4782270320177159,0.4782270320177159,0.3620751467724121,1.4642857142857142,2.071428571428572,2.5,32.24529764273617,10.00401161573638,2.513331128805475,-2.416338874010568,2.230948535260857,-2.707807208919476,7.836563836647012,-0.1608446168429468,2.971847309732629,2.2592762983237704,953.8851353067348,21.43879310982592,14.8114553779692,16.444448539824652,12.752743308167698,7.578995896792942,9.855612118054724,6.221230582074894,8.399971119282888,3.730567932227123,5.414072402778615,2.1128455580549623,3.54351374163482,-2.78,690205.5939907836,21.519292322605008,7.325918985638601,4.204134383579708,162.59031069995737,20.994572059745856,11.735768823996422,10.843243482610037,5.601050810983688,11.814359458703011,16.27347016397548,14.141824241834009,14.083731696315263,8.417796984328938,11.336785877934735,5.15571272675054,20.771211599071872,5.380062770465915,6.041840829147961,37.29827438881211,50.26785898322327,0.0,14.605983116249774,5.15571272675054,38.455944068351485,5.733667477162185,11.073990765314376,0.0,0.0,11.050456081168516,5.131558479839333,0.0,11.336785877934735,68.54635098380861,29.525365011975733,0.0,26.46513959392033,10.535775497216456,0.0,0.0,0.0,201.58,51.4842470947288,22.801408536544404,0.0,15.130702465984026,0.0,11.336785877934735,26.151274369537788,0.0,0.0,15.456479851704078,20.23053332942989,31.44978820569469,0.9796905422586336,44.39737831563419,16.334751159546904,3.256457088644816,-3.375611656986792,-2.3123389733980013,0.0,3.692820624691566,-4.756268639419342,0.4615384615384615,28,5,13,0,1,1,0,1,1,10,4,15,7,0,1,1,2,-1.172499999999998,95.65050000000004,1,0,0,1,0,1,0,0,1,1,3,2,0,0,0,3,1,1,0,0,0,0,0,0,0,0,0,2,0,1,0,0,0,0,0,0,0,0,0,0,0,0,0,0,0,0,0,0,0,0,0,0,0,1,0,0,0,0,0,0,0,0,0,1,0,0,0,0,0,0,0,0,0,0,0,0,0,0,0,0,1,0,0,0,0,562.0,Escherichia coli,Bacteria
116568,,18491164,CHEMBL4187452,Antimicrobial activity against Escherichia coli expressing beta-lactamase KPC-2 by CLSI broth microdilution method,F,BAO_0002146,BAO_0000218,organism-based format,C[C@H]1[C@H](NC(=O)/C(=N\OC(C)(C)C(=O)O)c2csc(N)n2)C(=O)N1S(=O)(=O)O,CHEMBL4184210,Bioorg Med Chem Lett,2018.0,CHEMBL158,AZTREONAM,CHEMBL158,0,http://www.openphacts.org/units/MicrogramPerMilliliter,3069226,>,1,1,>,MIC,ug.mL-1,64.0,CHEMBL354,Escherichia coli,Escherichia coli,562.0,,MIC,ug ml-1,UO_0000274,64.0,CHEMBL158,C[C@H]1[C@H](NC(=O)/C(=N\OC(C)(C)C(=O)O)c2csc(N)n2)C(=O)N1S(=O)(=O)O,12.562141912320484,12.562141912320484,0.0349535856009066,-4.756268639419342,0.174788224513646,20.5,435.44000000000017,418.30400000000014,435.051854504,154,0,0.3620751467724121,-0.4782270320177159,0.4782270320177159,0.3620751467724121,1.4642857142857142,2.071428571428572,2.5,32.24529764273617,10.00401161573638,2.513331128805475,-2.416338874010568,2.230948535260857,-2.707807208919476,7.836563836647012,-0.1608446168429468,2.971847309732629,2.2592762983237704,953.8851353067348,21.43879310982592,14.8114553779692,16.444448539824652,12.752743308167698,7.578995896792942,9.855612118054724,6.221230582074894,8.399971119282888,3.730567932227123,5.414072402778615,2.1128455580549623,3.54351374163482,-2.78,690205.5939907836,21.519292322605008,7.325918985638601,4.204134383579708,162.59031069995737,20.994572059745856,11.735768823996422,10.843243482610037,5.601050810983688,11.814359458703011,16.27347016397548,14.141824241834009,14.083731696315263,8.417796984328938,11.336785877934735,5.15571272675054,20.771211599071872,5.380062770465915,6.041840829147961,37.29827438881211,50.26785898322327,0.0,14.605983116249774,5.15571272675054,38.455944068351485,5.733667477162185,11.073990765314376,0.0,0.0,11.050456081168516,5.131558479839333,0.0,11.336785877934735,68.54635098380861,29.525365011975733,0.0,26.46513959392033,10.535775497216456,0.0,0.0,0.0,201.58,51.4842470947288,22.801408536544404,0.0,15.130702465984026,0.0,11.336785877934735,26.151274369537788,0.0,0.0,15.456479851704078,20.23053332942989,31.44978820569469,0.9796905422586336,44.39737831563419,16.334751159546904,3.256457088644816,-3.375611656986792,-2.3123389733980013,0.0,3.692820624691566,-4.756268639419342,0.4615384615384615,28,5,13,0,1,1,0,1,1,10,4,15,7,0,1,1,2,-1.172499999999998,95.65050000000004,1,0,0,1,0,1,0,0,1,1,3,2,0,0,0,3,1,1,0,0,0,0,0,0,0,0,0,2,0,1,0,0,0,0,0,0,0,0,0,0,0,0,0,0,0,0,0,0,0,0,0,0,0,1,0,0,0,0,0,0,0,0,0,1,0,0,0,0,0,0,0,0,0,0,0,0,0,0,0,0,1,0,0,0,0,562.0,Escherichia coli,Bacteria
116568,,18491164,CHEMBL4187452,Antimicrobial activity against Escherichia coli expressing beta-lactamase KPC-2 by CLSI broth microdilution method,F,BAO_0002146,BAO_0000218,organism-based format,C[C@H]1[C@H](NC(=O)/C(=N\OC(C)(C)C(=O)O)c2csc(N)n2)C(=O)N1S(=O)(=O)O,CHEMBL4184210,Bioorg Med Chem Lett,2018.0,CHEMBL158,AZTREONAM,CHEMBL158,0,http://www.openphacts.org/units/MicrogramPerMilliliter,3069226,>,1,1,>,MIC,ug.mL-1,64.0,CHEMBL354,Escherichia coli,Escherichia coli,562.0,,MIC,ug ml-1,UO_0000274,64.0,CHEMBL158,C[C@H]1[C@H](NC(=O)/C(=N\OC(C)(C)C(=O)O)c2csc(N)n2)C(=O)N1S(=O)(=O)O,12.562141912320484,12.562141912320484,0.0349535856009066,-4.756268639419342,0.174788224513646,20.5,435.44000000000017,418.30400000000014,435.051854504,154,0,0.3620751467724121,-0.4782270320177159,0.4782270320177159,0.3620751467724121,1.4642857142857142,2.071428571428572,2.5,32.24529764273617,10.00401161573638,2.513331128805475,-2.416338874010568,2.230948535260857,-2.707807208919476,7.836563836647012,-0.1608446168429468,2.971847309732629,2.2592762983237704,953.8851353067348,21.43879310982592,14.8114553779692,16.444448539824652,12.752743308167698,7.578995896792942,9.855612118054724,6.221230582074894,8.399971119282888,3.730567932227123,5.414072402778615,2.1128455580549623,3.54351374163482,-2.78,690205.5939907836,21.519292322605008,7.325918985638601,4.204134383579708,162.59031069995737,20.994572059745856,11.735768823996422,10.843243482610037,5.601050810983688,11.814359458703011,16.27347016397548,14.141824241834009,14.083731696315263,8.417796984328938,11.336785877934735,5.15571272675054,20.771211599071872,5.380062770465915,6.041840829147961,37.29827438881211,50.26785898322327,0.0,14.605983116249774,5.15571272675054,38.455944068351485,5.733667477162185,11.073990765314376,0.0,0.0,11.050456081168516,5.131558479839333,0.0,11.336785877934735,68.54635098380861,29.525365011975733,0.0,26.46513959392033,10.535775497216456,0.0,0.0,0.0,201.58,51.4842470947288,22.801408536544404,0.0,15.130702465984026,0.0,11.336785877934735,26.151274369537788,0.0,0.0,15.456479851704078,20.23053332942989,31.44978820569469,0.9796905422586336,44.39737831563419,16.334751159546904,3.256457088644816,-3.375611656986792,-2.3123389733980013,0.0,3.692820624691566,-4.756268639419342,0.4615384615384615,28,5,13,0,1,1,0,1,1,10,4,15,7,0,1,1,2,-1.172499999999998,95.65050000000004,1,0,0,1,0,1,0,0,1,1,3,2,0,0,0,3,1,1,0,0,0,0,0,0,0,0,0,2,0,1,0,0,0,0,0,0,0,0,0,0,0,0,0,0,0,0,0,0,0,0,0,0,0,1,0,0,0,0,0,0,0,0,0,1,0,0,0,0,0,0,0,0,0,0,0,0,0,0,0,0,1,0,0,0,0,562.0,Escherichia coli,Bacteria
116569,,18491215,CHEMBL4187453,Antimicrobial activity against Escherichia coli expressing beta-lactamase KPC-3 by CLSI broth microdilution method,F,BAO_0002146,BAO_0000218,organism-based format,C[C@H]1[C@H](NC(=O)/C(=N\OC(C)(C)C(=O)O)c2csc(N)n2)C(=O)N1S(=O)(=O)O,CHEMBL4184210,Bioorg Med Chem Lett,2018.0,CHEMBL158,AZTREONAM,CHEMBL158,0,http://www.openphacts.org/units/MicrogramPerMilliliter,3069226,>,1,1,>,MIC,ug.mL-1,64.0,CHEMBL354,Escherichia coli,Escherichia coli,562.0,,MIC,ug ml-1,UO_0000274,64.0,CHEMBL158,C[C@H]1[C@H](NC(=O)/C(=N\OC(C)(C)C(=O)O)c2csc(N)n2)C(=O)N1S(=O)(=O)O,12.562141912320484,12.562141912320484,0.0349535856009066,-4.756268639419342,0.174788224513646,20.5,435.44000000000017,418.30400000000014,435.051854504,154,0,0.3620751467724121,-0.4782270320177159,0.4782270320177159,0.3620751467724121,1.4642857142857142,2.071428571428572,2.5,32.24529764273617,10.00401161573638,2.513331128805475,-2.416338874010568,2.230948535260857,-2.707807208919476,7.836563836647012,-0.1608446168429468,2.971847309732629,2.2592762983237704,953.8851353067348,21.43879310982592,14.8114553779692,16.444448539824652,12.752743308167698,7.578995896792942,9.855612118054724,6.221230582074894,8.399971119282888,3.730567932227123,5.414072402778615,2.1128455580549623,3.54351374163482,-2.78,690205.5939907836,21.519292322605008,7.325918985638601,4.204134383579708,162.59031069995737,20.994572059745856,11.735768823996422,10.843243482610037,5.601050810983688,11.814359458703011,16.27347016397548,14.141824241834009,14.083731696315263,8.417796984328938,11.336785877934735,5.15571272675054,20.771211599071872,5.380062770465915,6.041840829147961,37.29827438881211,50.26785898322327,0.0,14.605983116249774,5.15571272675054,38.455944068351485,5.733667477162185,11.073990765314376,0.0,0.0,11.050456081168516,5.131558479839333,0.0,11.336785877934735,68.54635098380861,29.525365011975733,0.0,26.46513959392033,10.535775497216456,0.0,0.0,0.0,201.58,51.4842470947288,22.801408536544404,0.0,15.130702465984026,0.0,11.336785877934735,26.151274369537788,0.0,0.0,15.456479851704078,20.23053332942989,31.44978820569469,0.9796905422586336,44.39737831563419,16.334751159546904,3.256457088644816,-3.375611656986792,-2.3123389733980013,0.0,3.692820624691566,-4.756268639419342,0.4615384615384615,28,5,13,0,1,1,0,1,1,10,4,15,7,0,1,1,2,-1.172499999999998,95.65050000000004,1,0,0,1,0,1,0,0,1,1,3,2,0,0,0,3,1,1,0,0,0,0,0,0,0,0,0,2,0,1,0,0,0,0,0,0,0,0,0,0,0,0,0,0,0,0,0,0,0,0,0,0,0,1,0,0,0,0,0,0,0,0,0,1,0,0,0,0,0,0,0,0,0,0,0,0,0,0,0,0,1,0,0,0,0,562.0,Escherichia coli,Bacteria
116569,,18491215,CHEMBL4187453,Antimicrobial activity against Escherichia coli expressing beta-lactamase KPC-3 by CLSI broth microdilution method,F,BAO_0002146,BAO_0000218,organism-based format,C[C@H]1[C@H](NC(=O)/C(=N\OC(C)(C)C(=O)O)c2csc(N)n2)C(=O)N1S(=O)(=O)O,CHEMBL4184210,Bioorg Med Chem Lett,2018.0,CHEMBL158,AZTREONAM,CHEMBL158,0,http://www.openphacts.org/units/MicrogramPerMilliliter,3069226,>,1,1,>,MIC,ug.mL-1,64.0,CHEMBL354,Escherichia coli,Escherichia coli,562.0,,MIC,ug ml-1,UO_0000274,64.0,CHEMBL158,C[C@H]1[C@H](NC(=O)/C(=N\OC(C)(C)C(=O)O)c2csc(N)n2)C(=O)N1S(=O)(=O)O,12.562141912320484,12.562141912320484,0.0349535856009066,-4.756268639419342,0.174788224513646,20.5,435.44000000000017,418.30400000000014,435.051854504,154,0,0.3620751467724121,-0.4782270320177159,0.4782270320177159,0.3620751467724121,1.4642857142857142,2.071428571428572,2.5,32.24529764273617,10.00401161573638,2.513331128805475,-2.416338874010568,2.230948535260857,-2.707807208919476,7.836563836647012,-0.1608446168429468,2.971847309732629,2.2592762983237704,953.8851353067348,21.43879310982592,14.8114553779692,16.444448539824652,12.752743308167698,7.578995896792942,9.855612118054724,6.221230582074894,8.399971119282888,3.730567932227123,5.414072402778615,2.1128455580549623,3.54351374163482,-2.78,690205.5939907836,21.519292322605008,7.325918985638601,4.204134383579708,162.59031069995737,20.994572059745856,11.735768823996422,10.843243482610037,5.601050810983688,11.814359458703011,16.27347016397548,14.141824241834009,14.083731696315263,8.417796984328938,11.336785877934735,5.15571272675054,20.771211599071872,5.380062770465915,6.041840829147961,37.29827438881211,50.26785898322327,0.0,14.605983116249774,5.15571272675054,38.455944068351485,5.733667477162185,11.073990765314376,0.0,0.0,11.050456081168516,5.131558479839333,0.0,11.336785877934735,68.54635098380861,29.525365011975733,0.0,26.46513959392033,10.535775497216456,0.0,0.0,0.0,201.58,51.4842470947288,22.801408536544404,0.0,15.130702465984026,0.0,11.336785877934735,26.151274369537788,0.0,0.0,15.456479851704078,20.23053332942989,31.44978820569469,0.9796905422586336,44.39737831563419,16.334751159546904,3.256457088644816,-3.375611656986792,-2.3123389733980013,0.0,3.692820624691566,-4.756268639419342,0.4615384615384615,28,5,13,0,1,1,0,1,1,10,4,15,7,0,1,1,2,-1.172499999999998,95.65050000000004,1,0,0,1,0,1,0,0,1,1,3,2,0,0,0,3,1,1,0,0,0,0,0,0,0,0,0,2,0,1,0,0,0,0,0,0,0,0,0,0,0,0,0,0,0,0,0,0,0,0,0,0,0,1,0,0,0,0,0,0,0,0,0,1,0,0,0,0,0,0,0,0,0,0,0,0,0,0,0,0,1,0,0,0,0,562.0,Escherichia coli,Bacteria
116569,,18491215,CHEMBL4187453,Antimicrobial activity against Escherichia coli expressing beta-lactamase KPC-3 by CLSI broth microdilution method,F,BAO_0002146,BAO_0000218,organism-based format,C[C@H]1[C@H](NC(=O)/C(=N\OC(C)(C)C(=O)O)c2csc(N)n2)C(=O)N1S(=O)(=O)O,CHEMBL4184210,Bioorg Med Chem Lett,2018.0,CHEMBL158,AZTREONAM,CHEMBL158,0,http://www.openphacts.org/units/MicrogramPerMilliliter,3069226,>,1,1,>,MIC,ug.mL-1,64.0,CHEMBL354,Escherichia coli,Escherichia coli,562.0,,MIC,ug ml-1,UO_0000274,64.0,CHEMBL158,C[C@H]1[C@H](NC(=O)/C(=N\OC(C)(C)C(=O)O)c2csc(N)n2)C(=O)N1S(=O)(=O)O,12.562141912320484,12.562141912320484,0.0349535856009066,-4.756268639419342,0.174788224513646,20.5,435.44000000000017,418.30400000000014,435.051854504,154,0,0.3620751467724121,-0.4782270320177159,0.4782270320177159,0.3620751467724121,1.4642857142857142,2.071428571428572,2.5,32.24529764273617,10.00401161573638,2.513331128805475,-2.416338874010568,2.230948535260857,-2.707807208919476,7.836563836647012,-0.1608446168429468,2.971847309732629,2.2592762983237704,953.8851353067348,21.43879310982592,14.8114553779692,16.444448539824652,12.752743308167698,7.578995896792942,9.855612118054724,6.221230582074894,8.399971119282888,3.730567932227123,5.414072402778615,2.1128455580549623,3.54351374163482,-2.78,690205.5939907836,21.519292322605008,7.325918985638601,4.204134383579708,162.59031069995737,20.994572059745856,11.735768823996422,10.843243482610037,5.601050810983688,11.814359458703011,16.27347016397548,14.141824241834009,14.083731696315263,8.417796984328938,11.336785877934735,5.15571272675054,20.771211599071872,5.380062770465915,6.041840829147961,37.29827438881211,50.26785898322327,0.0,14.605983116249774,5.15571272675054,38.455944068351485,5.733667477162185,11.073990765314376,0.0,0.0,11.050456081168516,5.131558479839333,0.0,11.336785877934735,68.54635098380861,29.525365011975733,0.0,26.46513959392033,10.535775497216456,0.0,0.0,0.0,201.58,51.4842470947288,22.801408536544404,0.0,15.130702465984026,0.0,11.336785877934735,26.151274369537788,0.0,0.0,15.456479851704078,20.23053332942989,31.44978820569469,0.9796905422586336,44.39737831563419,16.334751159546904,3.256457088644816,-3.375611656986792,-2.3123389733980013,0.0,3.692820624691566,-4.756268639419342,0.4615384615384615,28,5,13,0,1,1,0,1,1,10,4,15,7,0,1,1,2,-1.172499999999998,95.65050000000004,1,0,0,1,0,1,0,0,1,1,3,2,0,0,0,3,1,1,0,0,0,0,0,0,0,0,0,2,0,1,0,0,0,0,0,0,0,0,0,0,0,0,0,0,0,0,0,0,0,0,0,0,0,1,0,0,0,0,0,0,0,0,0,1,0,0,0,0,0,0,0,0,0,0,0,0,0,0,0,0,1,0,0,0,0,562.0,Escherichia coli,Bacteria
116569,,18491215,CHEMBL4187453,Antimicrobial activity against Escherichia coli expressing beta-lactamase KPC-3 by CLSI broth microdilution method,F,BAO_0002146,BAO_0000218,organism-based format,C[C@H]1[C@H](NC(=O)/C(=N\OC(C)(C)C(=O)O)c2csc(N)n2)C(=O)N1S(=O)(=O)O,CHEMBL4184210,Bioorg Med Chem Lett,2018.0,CHEMBL158,AZTREONAM,CHEMBL158,0,http://www.openphacts.org/units/MicrogramPerMilliliter,3069226,>,1,1,>,MIC,ug.mL-1,64.0,CHEMBL354,Escherichia coli,Escherichia coli,562.0,,MIC,ug ml-1,UO_0000274,64.0,CHEMBL158,C[C@H]1[C@H](NC(=O)/C(=N\OC(C)(C)C(=O)O)c2csc(N)n2)C(=O)N1S(=O)(=O)O,12.562141912320484,12.562141912320484,0.0349535856009066,-4.756268639419342,0.174788224513646,20.5,435.44000000000017,418.30400000000014,435.051854504,154,0,0.3620751467724121,-0.4782270320177159,0.4782270320177159,0.3620751467724121,1.4642857142857142,2.071428571428572,2.5,32.24529764273617,10.00401161573638,2.513331128805475,-2.416338874010568,2.230948535260857,-2.707807208919476,7.836563836647012,-0.1608446168429468,2.971847309732629,2.2592762983237704,953.8851353067348,21.43879310982592,14.8114553779692,16.444448539824652,12.752743308167698,7.578995896792942,9.855612118054724,6.221230582074894,8.399971119282888,3.730567932227123,5.414072402778615,2.1128455580549623,3.54351374163482,-2.78,690205.5939907836,21.519292322605008,7.325918985638601,4.204134383579708,162.59031069995737,20.994572059745856,11.735768823996422,10.843243482610037,5.601050810983688,11.814359458703011,16.27347016397548,14.141824241834009,14.083731696315263,8.417796984328938,11.336785877934735,5.15571272675054,20.771211599071872,5.380062770465915,6.041840829147961,37.29827438881211,50.26785898322327,0.0,14.605983116249774,5.15571272675054,38.455944068351485,5.733667477162185,11.073990765314376,0.0,0.0,11.050456081168516,5.131558479839333,0.0,11.336785877934735,68.54635098380861,29.525365011975733,0.0,26.46513959392033,10.535775497216456,0.0,0.0,0.0,201.58,51.4842470947288,22.801408536544404,0.0,15.130702465984026,0.0,11.336785877934735,26.151274369537788,0.0,0.0,15.456479851704078,20.23053332942989,31.44978820569469,0.9796905422586336,44.39737831563419,16.334751159546904,3.256457088644816,-3.375611656986792,-2.3123389733980013,0.0,3.692820624691566,-4.756268639419342,0.4615384615384615,28,5,13,0,1,1,0,1,1,10,4,15,7,0,1,1,2,-1.172499999999998,95.65050000000004,1,0,0,1,0,1,0,0,1,1,3,2,0,0,0,3,1,1,0,0,0,0,0,0,0,0,0,2,0,1,0,0,0,0,0,0,0,0,0,0,0,0,0,0,0,0,0,0,0,0,0,0,0,1,0,0,0,0,0,0,0,0,0,1,0,0,0,0,0,0,0,0,0,0,0,0,0,0,0,0,1,0,0,0,0,562.0,Escherichia coli,Bacteria
116570,,18491228,CHEMBL4187454,Antimicrobial activity against Escherichia coli expressing beta-lactamase KPC-4 by CLSI broth microdilution method,F,BAO_0002146,BAO_0000218,organism-based format,C[C@H]1[C@H](NC(=O)/C(=N\OC(C)(C)C(=O)O)c2csc(N)n2)C(=O)N1S(=O)(=O)O,CHEMBL4184210,Bioorg Med Chem Lett,2018.0,CHEMBL158,AZTREONAM,CHEMBL158,0,http://www.openphacts.org/units/MicrogramPerMilliliter,3069226,>,1,1,>,MIC,ug.mL-1,64.0,CHEMBL354,Escherichia coli,Escherichia coli,562.0,,MIC,ug ml-1,UO_0000274,64.0,CHEMBL158,C[C@H]1[C@H](NC(=O)/C(=N\OC(C)(C)C(=O)O)c2csc(N)n2)C(=O)N1S(=O)(=O)O,12.562141912320484,12.562141912320484,0.0349535856009066,-4.756268639419342,0.174788224513646,20.5,435.44000000000017,418.30400000000014,435.051854504,154,0,0.3620751467724121,-0.4782270320177159,0.4782270320177159,0.3620751467724121,1.4642857142857142,2.071428571428572,2.5,32.24529764273617,10.00401161573638,2.513331128805475,-2.416338874010568,2.230948535260857,-2.707807208919476,7.836563836647012,-0.1608446168429468,2.971847309732629,2.2592762983237704,953.8851353067348,21.43879310982592,14.8114553779692,16.444448539824652,12.752743308167698,7.578995896792942,9.855612118054724,6.221230582074894,8.399971119282888,3.730567932227123,5.414072402778615,2.1128455580549623,3.54351374163482,-2.78,690205.5939907836,21.519292322605008,7.325918985638601,4.204134383579708,162.59031069995737,20.994572059745856,11.735768823996422,10.843243482610037,5.601050810983688,11.814359458703011,16.27347016397548,14.141824241834009,14.083731696315263,8.417796984328938,11.336785877934735,5.15571272675054,20.771211599071872,5.380062770465915,6.041840829147961,37.29827438881211,50.26785898322327,0.0,14.605983116249774,5.15571272675054,38.455944068351485,5.733667477162185,11.073990765314376,0.0,0.0,11.050456081168516,5.131558479839333,0.0,11.336785877934735,68.54635098380861,29.525365011975733,0.0,26.46513959392033,10.535775497216456,0.0,0.0,0.0,201.58,51.4842470947288,22.801408536544404,0.0,15.130702465984026,0.0,11.336785877934735,26.151274369537788,0.0,0.0,15.456479851704078,20.23053332942989,31.44978820569469,0.9796905422586336,44.39737831563419,16.334751159546904,3.256457088644816,-3.375611656986792,-2.3123389733980013,0.0,3.692820624691566,-4.756268639419342,0.4615384615384615,28,5,13,0,1,1,0,1,1,10,4,15,7,0,1,1,2,-1.172499999999998,95.65050000000004,1,0,0,1,0,1,0,0,1,1,3,2,0,0,0,3,1,1,0,0,0,0,0,0,0,0,0,2,0,1,0,0,0,0,0,0,0,0,0,0,0,0,0,0,0,0,0,0,0,0,0,0,0,1,0,0,0,0,0,0,0,0,0,1,0,0,0,0,0,0,0,0,0,0,0,0,0,0,0,0,1,0,0,0,0,562.0,Escherichia coli,Bacteria
116570,,18491228,CHEMBL4187454,Antimicrobial activity against Escherichia coli expressing beta-lactamase KPC-4 by CLSI broth microdilution method,F,BAO_0002146,BAO_0000218,organism-based format,C[C@H]1[C@H](NC(=O)/C(=N\OC(C)(C)C(=O)O)c2csc(N)n2)C(=O)N1S(=O)(=O)O,CHEMBL4184210,Bioorg Med Chem Lett,2018.0,CHEMBL158,AZTREONAM,CHEMBL158,0,http://www.openphacts.org/units/MicrogramPerMilliliter,3069226,>,1,1,>,MIC,ug.mL-1,64.0,CHEMBL354,Escherichia coli,Escherichia coli,562.0,,MIC,ug ml-1,UO_0000274,64.0,CHEMBL158,C[C@H]1[C@H](NC(=O)/C(=N\OC(C)(C)C(=O)O)c2csc(N)n2)C(=O)N1S(=O)(=O)O,12.562141912320484,12.562141912320484,0.0349535856009066,-4.756268639419342,0.174788224513646,20.5,435.44000000000017,418.30400000000014,435.051854504,154,0,0.3620751467724121,-0.4782270320177159,0.4782270320177159,0.3620751467724121,1.4642857142857142,2.071428571428572,2.5,32.24529764273617,10.00401161573638,2.513331128805475,-2.416338874010568,2.230948535260857,-2.707807208919476,7.836563836647012,-0.1608446168429468,2.971847309732629,2.2592762983237704,953.8851353067348,21.43879310982592,14.8114553779692,16.444448539824652,12.752743308167698,7.578995896792942,9.855612118054724,6.221230582074894,8.399971119282888,3.730567932227123,5.414072402778615,2.1128455580549623,3.54351374163482,-2.78,690205.5939907836,21.519292322605008,7.325918985638601,4.204134383579708,162.59031069995737,20.994572059745856,11.735768823996422,10.843243482610037,5.601050810983688,11.814359458703011,16.27347016397548,14.141824241834009,14.083731696315263,8.417796984328938,11.336785877934735,5.15571272675054,20.771211599071872,5.380062770465915,6.041840829147961,37.29827438881211,50.26785898322327,0.0,14.605983116249774,5.15571272675054,38.455944068351485,5.733667477162185,11.073990765314376,0.0,0.0,11.050456081168516,5.131558479839333,0.0,11.336785877934735,68.54635098380861,29.525365011975733,0.0,26.46513959392033,10.535775497216456,0.0,0.0,0.0,201.58,51.4842470947288,22.801408536544404,0.0,15.130702465984026,0.0,11.336785877934735,26.151274369537788,0.0,0.0,15.456479851704078,20.23053332942989,31.44978820569469,0.9796905422586336,44.39737831563419,16.334751159546904,3.256457088644816,-3.375611656986792,-2.3123389733980013,0.0,3.692820624691566,-4.756268639419342,0.4615384615384615,28,5,13,0,1,1,0,1,1,10,4,15,7,0,1,1,2,-1.172499999999998,95.65050000000004,1,0,0,1,0,1,0,0,1,1,3,2,0,0,0,3,1,1,0,0,0,0,0,0,0,0,0,2,0,1,0,0,0,0,0,0,0,0,0,0,0,0,0,0,0,0,0,0,0,0,0,0,0,1,0,0,0,0,0,0,0,0,0,1,0,0,0,0,0,0,0,0,0,0,0,0,0,0,0,0,1,0,0,0,0,562.0,Escherichia coli,Bacteria
116570,,18491228,CHEMBL4187454,Antimicrobial activity against Escherichia coli expressing beta-lactamase KPC-4 by CLSI broth microdilution method,F,BAO_0002146,BAO_0000218,organism-based format,C[C@H]1[C@H](NC(=O)/C(=N\OC(C)(C)C(=O)O)c2csc(N)n2)C(=O)N1S(=O)(=O)O,CHEMBL4184210,Bioorg Med Chem Lett,2018.0,CHEMBL158,AZTREONAM,CHEMBL158,0,http://www.openphacts.org/units/MicrogramPerMilliliter,3069226,>,1,1,>,MIC,ug.mL-1,64.0,CHEMBL354,Escherichia coli,Escherichia coli,562.0,,MIC,ug ml-1,UO_0000274,64.0,CHEMBL158,C[C@H]1[C@H](NC(=O)/C(=N\OC(C)(C)C(=O)O)c2csc(N)n2)C(=O)N1S(=O)(=O)O,12.562141912320484,12.562141912320484,0.0349535856009066,-4.756268639419342,0.174788224513646,20.5,435.44000000000017,418.30400000000014,435.051854504,154,0,0.3620751467724121,-0.4782270320177159,0.4782270320177159,0.3620751467724121,1.4642857142857142,2.071428571428572,2.5,32.24529764273617,10.00401161573638,2.513331128805475,-2.416338874010568,2.230948535260857,-2.707807208919476,7.836563836647012,-0.1608446168429468,2.971847309732629,2.2592762983237704,953.8851353067348,21.43879310982592,14.8114553779692,16.444448539824652,12.752743308167698,7.578995896792942,9.855612118054724,6.221230582074894,8.399971119282888,3.730567932227123,5.414072402778615,2.1128455580549623,3.54351374163482,-2.78,690205.5939907836,21.519292322605008,7.325918985638601,4.204134383579708,162.59031069995737,20.994572059745856,11.735768823996422,10.843243482610037,5.601050810983688,11.814359458703011,16.27347016397548,14.141824241834009,14.083731696315263,8.417796984328938,11.336785877934735,5.15571272675054,20.771211599071872,5.380062770465915,6.041840829147961,37.29827438881211,50.26785898322327,0.0,14.605983116249774,5.15571272675054,38.455944068351485,5.733667477162185,11.073990765314376,0.0,0.0,11.050456081168516,5.131558479839333,0.0,11.336785877934735,68.54635098380861,29.525365011975733,0.0,26.46513959392033,10.535775497216456,0.0,0.0,0.0,201.58,51.4842470947288,22.801408536544404,0.0,15.130702465984026,0.0,11.336785877934735,26.151274369537788,0.0,0.0,15.456479851704078,20.23053332942989,31.44978820569469,0.9796905422586336,44.39737831563419,16.334751159546904,3.256457088644816,-3.375611656986792,-2.3123389733980013,0.0,3.692820624691566,-4.756268639419342,0.4615384615384615,28,5,13,0,1,1,0,1,1,10,4,15,7,0,1,1,2,-1.172499999999998,95.65050000000004,1,0,0,1,0,1,0,0,1,1,3,2,0,0,0,3,1,1,0,0,0,0,0,0,0,0,0,2,0,1,0,0,0,0,0,0,0,0,0,0,0,0,0,0,0,0,0,0,0,0,0,0,0,1,0,0,0,0,0,0,0,0,0,1,0,0,0,0,0,0,0,0,0,0,0,0,0,0,0,0,1,0,0,0,0,562.0,Escherichia coli,Bacteria
116570,,18491228,CHEMBL4187454,Antimicrobial activity against Escherichia coli expressing beta-lactamase KPC-4 by CLSI broth microdilution method,F,BAO_0002146,BAO_0000218,organism-based format,C[C@H]1[C@H](NC(=O)/C(=N\OC(C)(C)C(=O)O)c2csc(N)n2)C(=O)N1S(=O)(=O)O,CHEMBL4184210,Bioorg Med Chem Lett,2018.0,CHEMBL158,AZTREONAM,CHEMBL158,0,http://www.openphacts.org/units/MicrogramPerMilliliter,3069226,>,1,1,>,MIC,ug.mL-1,64.0,CHEMBL354,Escherichia coli,Escherichia coli,562.0,,MIC,ug ml-1,UO_0000274,64.0,CHEMBL158,C[C@H]1[C@H](NC(=O)/C(=N\OC(C)(C)C(=O)O)c2csc(N)n2)C(=O)N1S(=O)(=O)O,12.562141912320484,12.562141912320484,0.0349535856009066,-4.756268639419342,0.174788224513646,20.5,435.44000000000017,418.30400000000014,435.051854504,154,0,0.3620751467724121,-0.4782270320177159,0.4782270320177159,0.3620751467724121,1.4642857142857142,2.071428571428572,2.5,32.24529764273617,10.00401161573638,2.513331128805475,-2.416338874010568,2.230948535260857,-2.707807208919476,7.836563836647012,-0.1608446168429468,2.971847309732629,2.2592762983237704,953.8851353067348,21.43879310982592,14.8114553779692,16.444448539824652,12.752743308167698,7.578995896792942,9.855612118054724,6.221230582074894,8.399971119282888,3.730567932227123,5.414072402778615,2.1128455580549623,3.54351374163482,-2.78,690205.5939907836,21.519292322605008,7.325918985638601,4.204134383579708,162.59031069995737,20.994572059745856,11.735768823996422,10.843243482610037,5.601050810983688,11.814359458703011,16.27347016397548,14.141824241834009,14.083731696315263,8.417796984328938,11.336785877934735,5.15571272675054,20.771211599071872,5.380062770465915,6.041840829147961,37.29827438881211,50.26785898322327,0.0,14.605983116249774,5.15571272675054,38.455944068351485,5.733667477162185,11.073990765314376,0.0,0.0,11.050456081168516,5.131558479839333,0.0,11.336785877934735,68.54635098380861,29.525365011975733,0.0,26.46513959392033,10.535775497216456,0.0,0.0,0.0,201.58,51.4842470947288,22.801408536544404,0.0,15.130702465984026,0.0,11.336785877934735,26.151274369537788,0.0,0.0,15.456479851704078,20.23053332942989,31.44978820569469,0.9796905422586336,44.39737831563419,16.334751159546904,3.256457088644816,-3.375611656986792,-2.3123389733980013,0.0,3.692820624691566,-4.756268639419342,0.4615384615384615,28,5,13,0,1,1,0,1,1,10,4,15,7,0,1,1,2,-1.172499999999998,95.65050000000004,1,0,0,1,0,1,0,0,1,1,3,2,0,0,0,3,1,1,0,0,0,0,0,0,0,0,0,2,0,1,0,0,0,0,0,0,0,0,0,0,0,0,0,0,0,0,0,0,0,0,0,0,0,1,0,0,0,0,0,0,0,0,0,1,0,0,0,0,0,0,0,0,0,0,0,0,0,0,0,0,1,0,0,0,0,562.0,Escherichia coli,Bacteria
116571,,18491241,CHEMBL4187455,Antimicrobial activity against Escherichia coli expressing beta-lactamase KPC-8 by CLSI broth microdilution method,F,BAO_0002146,BAO_0000218,organism-based format,C[C@H]1[C@H](NC(=O)/C(=N\OC(C)(C)C(=O)O)c2csc(N)n2)C(=O)N1S(=O)(=O)O,CHEMBL4184210,Bioorg Med Chem Lett,2018.0,CHEMBL158,AZTREONAM,CHEMBL158,0,http://www.openphacts.org/units/MicrogramPerMilliliter,3069226,>,1,1,>,MIC,ug.mL-1,64.0,CHEMBL354,Escherichia coli,Escherichia coli,562.0,,MIC,ug ml-1,UO_0000274,64.0,CHEMBL158,C[C@H]1[C@H](NC(=O)/C(=N\OC(C)(C)C(=O)O)c2csc(N)n2)C(=O)N1S(=O)(=O)O,12.562141912320484,12.562141912320484,0.0349535856009066,-4.756268639419342,0.174788224513646,20.5,435.44000000000017,418.30400000000014,435.051854504,154,0,0.3620751467724121,-0.4782270320177159,0.4782270320177159,0.3620751467724121,1.4642857142857142,2.071428571428572,2.5,32.24529764273617,10.00401161573638,2.513331128805475,-2.416338874010568,2.230948535260857,-2.707807208919476,7.836563836647012,-0.1608446168429468,2.971847309732629,2.2592762983237704,953.8851353067348,21.43879310982592,14.8114553779692,16.444448539824652,12.752743308167698,7.578995896792942,9.855612118054724,6.221230582074894,8.399971119282888,3.730567932227123,5.414072402778615,2.1128455580549623,3.54351374163482,-2.78,690205.5939907836,21.519292322605008,7.325918985638601,4.204134383579708,162.59031069995737,20.994572059745856,11.735768823996422,10.843243482610037,5.601050810983688,11.814359458703011,16.27347016397548,14.141824241834009,14.083731696315263,8.417796984328938,11.336785877934735,5.15571272675054,20.771211599071872,5.380062770465915,6.041840829147961,37.29827438881211,50.26785898322327,0.0,14.605983116249774,5.15571272675054,38.455944068351485,5.733667477162185,11.073990765314376,0.0,0.0,11.050456081168516,5.131558479839333,0.0,11.336785877934735,68.54635098380861,29.525365011975733,0.0,26.46513959392033,10.535775497216456,0.0,0.0,0.0,201.58,51.4842470947288,22.801408536544404,0.0,15.130702465984026,0.0,11.336785877934735,26.151274369537788,0.0,0.0,15.456479851704078,20.23053332942989,31.44978820569469,0.9796905422586336,44.39737831563419,16.334751159546904,3.256457088644816,-3.375611656986792,-2.3123389733980013,0.0,3.692820624691566,-4.756268639419342,0.4615384615384615,28,5,13,0,1,1,0,1,1,10,4,15,7,0,1,1,2,-1.172499999999998,95.65050000000004,1,0,0,1,0,1,0,0,1,1,3,2,0,0,0,3,1,1,0,0,0,0,0,0,0,0,0,2,0,1,0,0,0,0,0,0,0,0,0,0,0,0,0,0,0,0,0,0,0,0,0,0,0,1,0,0,0,0,0,0,0,0,0,1,0,0,0,0,0,0,0,0,0,0,0,0,0,0,0,0,1,0,0,0,0,562.0,Escherichia coli,Bacteria
116571,,18491241,CHEMBL4187455,Antimicrobial activity against Escherichia coli expressing beta-lactamase KPC-8 by CLSI broth microdilution method,F,BAO_0002146,BAO_0000218,organism-based format,C[C@H]1[C@H](NC(=O)/C(=N\OC(C)(C)C(=O)O)c2csc(N)n2)C(=O)N1S(=O)(=O)O,CHEMBL4184210,Bioorg Med Chem Lett,2018.0,CHEMBL158,AZTREONAM,CHEMBL158,0,http://www.openphacts.org/units/MicrogramPerMilliliter,3069226,>,1,1,>,MIC,ug.mL-1,64.0,CHEMBL354,Escherichia coli,Escherichia coli,562.0,,MIC,ug ml-1,UO_0000274,64.0,CHEMBL158,C[C@H]1[C@H](NC(=O)/C(=N\OC(C)(C)C(=O)O)c2csc(N)n2)C(=O)N1S(=O)(=O)O,12.562141912320484,12.562141912320484,0.0349535856009066,-4.756268639419342,0.174788224513646,20.5,435.44000000000017,418.30400000000014,435.051854504,154,0,0.3620751467724121,-0.4782270320177159,0.4782270320177159,0.3620751467724121,1.4642857142857142,2.071428571428572,2.5,32.24529764273617,10.00401161573638,2.513331128805475,-2.416338874010568,2.230948535260857,-2.707807208919476,7.836563836647012,-0.1608446168429468,2.971847309732629,2.2592762983237704,953.8851353067348,21.43879310982592,14.8114553779692,16.444448539824652,12.752743308167698,7.578995896792942,9.855612118054724,6.221230582074894,8.399971119282888,3.730567932227123,5.414072402778615,2.1128455580549623,3.54351374163482,-2.78,690205.5939907836,21.519292322605008,7.325918985638601,4.204134383579708,162.59031069995737,20.994572059745856,11.735768823996422,10.843243482610037,5.601050810983688,11.814359458703011,16.27347016397548,14.141824241834009,14.083731696315263,8.417796984328938,11.336785877934735,5.15571272675054,20.771211599071872,5.380062770465915,6.041840829147961,37.29827438881211,50.26785898322327,0.0,14.605983116249774,5.15571272675054,38.455944068351485,5.733667477162185,11.073990765314376,0.0,0.0,11.050456081168516,5.131558479839333,0.0,11.336785877934735,68.54635098380861,29.525365011975733,0.0,26.46513959392033,10.535775497216456,0.0,0.0,0.0,201.58,51.4842470947288,22.801408536544404,0.0,15.130702465984026,0.0,11.336785877934735,26.151274369537788,0.0,0.0,15.456479851704078,20.23053332942989,31.44978820569469,0.9796905422586336,44.39737831563419,16.334751159546904,3.256457088644816,-3.375611656986792,-2.3123389733980013,0.0,3.692820624691566,-4.756268639419342,0.4615384615384615,28,5,13,0,1,1,0,1,1,10,4,15,7,0,1,1,2,-1.172499999999998,95.65050000000004,1,0,0,1,0,1,0,0,1,1,3,2,0,0,0,3,1,1,0,0,0,0,0,0,0,0,0,2,0,1,0,0,0,0,0,0,0,0,0,0,0,0,0,0,0,0,0,0,0,0,0,0,0,1,0,0,0,0,0,0,0,0,0,1,0,0,0,0,0,0,0,0,0,0,0,0,0,0,0,0,1,0,0,0,0,562.0,Escherichia coli,Bacteria
116571,,18491241,CHEMBL4187455,Antimicrobial activity against Escherichia coli expressing beta-lactamase KPC-8 by CLSI broth microdilution method,F,BAO_0002146,BAO_0000218,organism-based format,C[C@H]1[C@H](NC(=O)/C(=N\OC(C)(C)C(=O)O)c2csc(N)n2)C(=O)N1S(=O)(=O)O,CHEMBL4184210,Bioorg Med Chem Lett,2018.0,CHEMBL158,AZTREONAM,CHEMBL158,0,http://www.openphacts.org/units/MicrogramPerMilliliter,3069226,>,1,1,>,MIC,ug.mL-1,64.0,CHEMBL354,Escherichia coli,Escherichia coli,562.0,,MIC,ug ml-1,UO_0000274,64.0,CHEMBL158,C[C@H]1[C@H](NC(=O)/C(=N\OC(C)(C)C(=O)O)c2csc(N)n2)C(=O)N1S(=O)(=O)O,12.562141912320484,12.562141912320484,0.0349535856009066,-4.756268639419342,0.174788224513646,20.5,435.44000000000017,418.30400000000014,435.051854504,154,0,0.3620751467724121,-0.4782270320177159,0.4782270320177159,0.3620751467724121,1.4642857142857142,2.071428571428572,2.5,32.24529764273617,10.00401161573638,2.513331128805475,-2.416338874010568,2.230948535260857,-2.707807208919476,7.836563836647012,-0.1608446168429468,2.971847309732629,2.2592762983237704,953.8851353067348,21.43879310982592,14.8114553779692,16.444448539824652,12.752743308167698,7.578995896792942,9.855612118054724,6.221230582074894,8.399971119282888,3.730567932227123,5.414072402778615,2.1128455580549623,3.54351374163482,-2.78,690205.5939907836,21.519292322605008,7.325918985638601,4.204134383579708,162.59031069995737,20.994572059745856,11.735768823996422,10.843243482610037,5.601050810983688,11.814359458703011,16.27347016397548,14.141824241834009,14.083731696315263,8.417796984328938,11.336785877934735,5.15571272675054,20.771211599071872,5.380062770465915,6.041840829147961,37.29827438881211,50.26785898322327,0.0,14.605983116249774,5.15571272675054,38.455944068351485,5.733667477162185,11.073990765314376,0.0,0.0,11.050456081168516,5.131558479839333,0.0,11.336785877934735,68.54635098380861,29.525365011975733,0.0,26.46513959392033,10.535775497216456,0.0,0.0,0.0,201.58,51.4842470947288,22.801408536544404,0.0,15.130702465984026,0.0,11.336785877934735,26.151274369537788,0.0,0.0,15.456479851704078,20.23053332942989,31.44978820569469,0.9796905422586336,44.39737831563419,16.334751159546904,3.256457088644816,-3.375611656986792,-2.3123389733980013,0.0,3.692820624691566,-4.756268639419342,0.4615384615384615,28,5,13,0,1,1,0,1,1,10,4,15,7,0,1,1,2,-1.172499999999998,95.65050000000004,1,0,0,1,0,1,0,0,1,1,3,2,0,0,0,3,1,1,0,0,0,0,0,0,0,0,0,2,0,1,0,0,0,0,0,0,0,0,0,0,0,0,0,0,0,0,0,0,0,0,0,0,0,1,0,0,0,0,0,0,0,0,0,1,0,0,0,0,0,0,0,0,0,0,0,0,0,0,0,0,1,0,0,0,0,562.0,Escherichia coli,Bacteria
116571,,18491241,CHEMBL4187455,Antimicrobial activity against Escherichia coli expressing beta-lactamase KPC-8 by CLSI broth microdilution method,F,BAO_0002146,BAO_0000218,organism-based format,C[C@H]1[C@H](NC(=O)/C(=N\OC(C)(C)C(=O)O)c2csc(N)n2)C(=O)N1S(=O)(=O)O,CHEMBL4184210,Bioorg Med Chem Lett,2018.0,CHEMBL158,AZTREONAM,CHEMBL158,0,http://www.openphacts.org/units/MicrogramPerMilliliter,3069226,>,1,1,>,MIC,ug.mL-1,64.0,CHEMBL354,Escherichia coli,Escherichia coli,562.0,,MIC,ug ml-1,UO_0000274,64.0,CHEMBL158,C[C@H]1[C@H](NC(=O)/C(=N\OC(C)(C)C(=O)O)c2csc(N)n2)C(=O)N1S(=O)(=O)O,12.562141912320484,12.562141912320484,0.0349535856009066,-4.756268639419342,0.174788224513646,20.5,435.44000000000017,418.30400000000014,435.051854504,154,0,0.3620751467724121,-0.4782270320177159,0.4782270320177159,0.3620751467724121,1.4642857142857142,2.071428571428572,2.5,32.24529764273617,10.00401161573638,2.513331128805475,-2.416338874010568,2.230948535260857,-2.707807208919476,7.836563836647012,-0.1608446168429468,2.971847309732629,2.2592762983237704,953.8851353067348,21.43879310982592,14.8114553779692,16.444448539824652,12.752743308167698,7.578995896792942,9.855612118054724,6.221230582074894,8.399971119282888,3.730567932227123,5.414072402778615,2.1128455580549623,3.54351374163482,-2.78,690205.5939907836,21.519292322605008,7.325918985638601,4.204134383579708,162.59031069995737,20.994572059745856,11.735768823996422,10.843243482610037,5.601050810983688,11.814359458703011,16.27347016397548,14.141824241834009,14.083731696315263,8.417796984328938,11.336785877934735,5.15571272675054,20.771211599071872,5.380062770465915,6.041840829147961,37.29827438881211,50.26785898322327,0.0,14.605983116249774,5.15571272675054,38.455944068351485,5.733667477162185,11.073990765314376,0.0,0.0,11.050456081168516,5.131558479839333,0.0,11.336785877934735,68.54635098380861,29.525365011975733,0.0,26.46513959392033,10.535775497216456,0.0,0.0,0.0,201.58,51.4842470947288,22.801408536544404,0.0,15.130702465984026,0.0,11.336785877934735,26.151274369537788,0.0,0.0,15.456479851704078,20.23053332942989,31.44978820569469,0.9796905422586336,44.39737831563419,16.334751159546904,3.256457088644816,-3.375611656986792,-2.3123389733980013,0.0,3.692820624691566,-4.756268639419342,0.4615384615384615,28,5,13,0,1,1,0,1,1,10,4,15,7,0,1,1,2,-1.172499999999998,95.65050000000004,1,0,0,1,0,1,0,0,1,1,3,2,0,0,0,3,1,1,0,0,0,0,0,0,0,0,0,2,0,1,0,0,0,0,0,0,0,0,0,0,0,0,0,0,0,0,0,0,0,0,0,0,0,1,0,0,0,0,0,0,0,0,0,1,0,0,0,0,0,0,0,0,0,0,0,0,0,0,0,0,1,0,0,0,0,562.0,Escherichia coli,Bacteria
116572,,18491254,CHEMBL4187456,Antimicrobial activity against Escherichia coli expressing beta-lactamase NMC-A by CLSI broth microdilution method,F,BAO_0002146,BAO_0000218,organism-based format,C[C@H]1[C@H](NC(=O)/C(=N\OC(C)(C)C(=O)O)c2csc(N)n2)C(=O)N1S(=O)(=O)O,CHEMBL4184210,Bioorg Med Chem Lett,2018.0,CHEMBL158,AZTREONAM,CHEMBL158,0,http://www.openphacts.org/units/MicrogramPerMilliliter,3069226,>,1,1,>,MIC,ug.mL-1,64.0,CHEMBL354,Escherichia coli,Escherichia coli,562.0,,MIC,ug ml-1,UO_0000274,64.0,CHEMBL158,C[C@H]1[C@H](NC(=O)/C(=N\OC(C)(C)C(=O)O)c2csc(N)n2)C(=O)N1S(=O)(=O)O,12.562141912320484,12.562141912320484,0.0349535856009066,-4.756268639419342,0.174788224513646,20.5,435.44000000000017,418.30400000000014,435.051854504,154,0,0.3620751467724121,-0.4782270320177159,0.4782270320177159,0.3620751467724121,1.4642857142857142,2.071428571428572,2.5,32.24529764273617,10.00401161573638,2.513331128805475,-2.416338874010568,2.230948535260857,-2.707807208919476,7.836563836647012,-0.1608446168429468,2.971847309732629,2.2592762983237704,953.8851353067348,21.43879310982592,14.8114553779692,16.444448539824652,12.752743308167698,7.578995896792942,9.855612118054724,6.221230582074894,8.399971119282888,3.730567932227123,5.414072402778615,2.1128455580549623,3.54351374163482,-2.78,690205.5939907836,21.519292322605008,7.325918985638601,4.204134383579708,162.59031069995737,20.994572059745856,11.735768823996422,10.843243482610037,5.601050810983688,11.814359458703011,16.27347016397548,14.141824241834009,14.083731696315263,8.417796984328938,11.336785877934735,5.15571272675054,20.771211599071872,5.380062770465915,6.041840829147961,37.29827438881211,50.26785898322327,0.0,14.605983116249774,5.15571272675054,38.455944068351485,5.733667477162185,11.073990765314376,0.0,0.0,11.050456081168516,5.131558479839333,0.0,11.336785877934735,68.54635098380861,29.525365011975733,0.0,26.46513959392033,10.535775497216456,0.0,0.0,0.0,201.58,51.4842470947288,22.801408536544404,0.0,15.130702465984026,0.0,11.336785877934735,26.151274369537788,0.0,0.0,15.456479851704078,20.23053332942989,31.44978820569469,0.9796905422586336,44.39737831563419,16.334751159546904,3.256457088644816,-3.375611656986792,-2.3123389733980013,0.0,3.692820624691566,-4.756268639419342,0.4615384615384615,28,5,13,0,1,1,0,1,1,10,4,15,7,0,1,1,2,-1.172499999999998,95.65050000000004,1,0,0,1,0,1,0,0,1,1,3,2,0,0,0,3,1,1,0,0,0,0,0,0,0,0,0,2,0,1,0,0,0,0,0,0,0,0,0,0,0,0,0,0,0,0,0,0,0,0,0,0,0,1,0,0,0,0,0,0,0,0,0,1,0,0,0,0,0,0,0,0,0,0,0,0,0,0,0,0,1,0,0,0,0,562.0,Escherichia coli,Bacteria
116572,,18491254,CHEMBL4187456,Antimicrobial activity against Escherichia coli expressing beta-lactamase NMC-A by CLSI broth microdilution method,F,BAO_0002146,BAO_0000218,organism-based format,C[C@H]1[C@H](NC(=O)/C(=N\OC(C)(C)C(=O)O)c2csc(N)n2)C(=O)N1S(=O)(=O)O,CHEMBL4184210,Bioorg Med Chem Lett,2018.0,CHEMBL158,AZTREONAM,CHEMBL158,0,http://www.openphacts.org/units/MicrogramPerMilliliter,3069226,>,1,1,>,MIC,ug.mL-1,64.0,CHEMBL354,Escherichia coli,Escherichia coli,562.0,,MIC,ug ml-1,UO_0000274,64.0,CHEMBL158,C[C@H]1[C@H](NC(=O)/C(=N\OC(C)(C)C(=O)O)c2csc(N)n2)C(=O)N1S(=O)(=O)O,12.562141912320484,12.562141912320484,0.0349535856009066,-4.756268639419342,0.174788224513646,20.5,435.44000000000017,418.30400000000014,435.051854504,154,0,0.3620751467724121,-0.4782270320177159,0.4782270320177159,0.3620751467724121,1.4642857142857142,2.071428571428572,2.5,32.24529764273617,10.00401161573638,2.513331128805475,-2.416338874010568,2.230948535260857,-2.707807208919476,7.836563836647012,-0.1608446168429468,2.971847309732629,2.2592762983237704,953.8851353067348,21.43879310982592,14.8114553779692,16.444448539824652,12.752743308167698,7.578995896792942,9.855612118054724,6.221230582074894,8.399971119282888,3.730567932227123,5.414072402778615,2.1128455580549623,3.54351374163482,-2.78,690205.5939907836,21.519292322605008,7.325918985638601,4.204134383579708,162.59031069995737,20.994572059745856,11.735768823996422,10.843243482610037,5.601050810983688,11.814359458703011,16.27347016397548,14.141824241834009,14.083731696315263,8.417796984328938,11.336785877934735,5.15571272675054,20.771211599071872,5.380062770465915,6.041840829147961,37.29827438881211,50.26785898322327,0.0,14.605983116249774,5.15571272675054,38.455944068351485,5.733667477162185,11.073990765314376,0.0,0.0,11.050456081168516,5.131558479839333,0.0,11.336785877934735,68.54635098380861,29.525365011975733,0.0,26.46513959392033,10.535775497216456,0.0,0.0,0.0,201.58,51.4842470947288,22.801408536544404,0.0,15.130702465984026,0.0,11.336785877934735,26.151274369537788,0.0,0.0,15.456479851704078,20.23053332942989,31.44978820569469,0.9796905422586336,44.39737831563419,16.334751159546904,3.256457088644816,-3.375611656986792,-2.3123389733980013,0.0,3.692820624691566,-4.756268639419342,0.4615384615384615,28,5,13,0,1,1,0,1,1,10,4,15,7,0,1,1,2,-1.172499999999998,95.65050000000004,1,0,0,1,0,1,0,0,1,1,3,2,0,0,0,3,1,1,0,0,0,0,0,0,0,0,0,2,0,1,0,0,0,0,0,0,0,0,0,0,0,0,0,0,0,0,0,0,0,0,0,0,0,1,0,0,0,0,0,0,0,0,0,1,0,0,0,0,0,0,0,0,0,0,0,0,0,0,0,0,1,0,0,0,0,562.0,Escherichia coli,Bacteria
116572,,18491254,CHEMBL4187456,Antimicrobial activity against Escherichia coli expressing beta-lactamase NMC-A by CLSI broth microdilution method,F,BAO_0002146,BAO_0000218,organism-based format,C[C@H]1[C@H](NC(=O)/C(=N\OC(C)(C)C(=O)O)c2csc(N)n2)C(=O)N1S(=O)(=O)O,CHEMBL4184210,Bioorg Med Chem Lett,2018.0,CHEMBL158,AZTREONAM,CHEMBL158,0,http://www.openphacts.org/units/MicrogramPerMilliliter,3069226,>,1,1,>,MIC,ug.mL-1,64.0,CHEMBL354,Escherichia coli,Escherichia coli,562.0,,MIC,ug ml-1,UO_0000274,64.0,CHEMBL158,C[C@H]1[C@H](NC(=O)/C(=N\OC(C)(C)C(=O)O)c2csc(N)n2)C(=O)N1S(=O)(=O)O,12.562141912320484,12.562141912320484,0.0349535856009066,-4.756268639419342,0.174788224513646,20.5,435.44000000000017,418.30400000000014,435.051854504,154,0,0.3620751467724121,-0.4782270320177159,0.4782270320177159,0.3620751467724121,1.4642857142857142,2.071428571428572,2.5,32.24529764273617,10.00401161573638,2.513331128805475,-2.416338874010568,2.230948535260857,-2.707807208919476,7.836563836647012,-0.1608446168429468,2.971847309732629,2.2592762983237704,953.8851353067348,21.43879310982592,14.8114553779692,16.444448539824652,12.752743308167698,7.578995896792942,9.855612118054724,6.221230582074894,8.399971119282888,3.730567932227123,5.414072402778615,2.1128455580549623,3.54351374163482,-2.78,690205.5939907836,21.519292322605008,7.325918985638601,4.204134383579708,162.59031069995737,20.994572059745856,11.735768823996422,10.843243482610037,5.601050810983688,11.814359458703011,16.27347016397548,14.141824241834009,14.083731696315263,8.417796984328938,11.336785877934735,5.15571272675054,20.771211599071872,5.380062770465915,6.041840829147961,37.29827438881211,50.26785898322327,0.0,14.605983116249774,5.15571272675054,38.455944068351485,5.733667477162185,11.073990765314376,0.0,0.0,11.050456081168516,5.131558479839333,0.0,11.336785877934735,68.54635098380861,29.525365011975733,0.0,26.46513959392033,10.535775497216456,0.0,0.0,0.0,201.58,51.4842470947288,22.801408536544404,0.0,15.130702465984026,0.0,11.336785877934735,26.151274369537788,0.0,0.0,15.456479851704078,20.23053332942989,31.44978820569469,0.9796905422586336,44.39737831563419,16.334751159546904,3.256457088644816,-3.375611656986792,-2.3123389733980013,0.0,3.692820624691566,-4.756268639419342,0.4615384615384615,28,5,13,0,1,1,0,1,1,10,4,15,7,0,1,1,2,-1.172499999999998,95.65050000000004,1,0,0,1,0,1,0,0,1,1,3,2,0,0,0,3,1,1,0,0,0,0,0,0,0,0,0,2,0,1,0,0,0,0,0,0,0,0,0,0,0,0,0,0,0,0,0,0,0,0,0,0,0,1,0,0,0,0,0,0,0,0,0,1,0,0,0,0,0,0,0,0,0,0,0,0,0,0,0,0,1,0,0,0,0,562.0,Escherichia coli,Bacteria
116572,,18491254,CHEMBL4187456,Antimicrobial activity against Escherichia coli expressing beta-lactamase NMC-A by CLSI broth microdilution method,F,BAO_0002146,BAO_0000218,organism-based format,C[C@H]1[C@H](NC(=O)/C(=N\OC(C)(C)C(=O)O)c2csc(N)n2)C(=O)N1S(=O)(=O)O,CHEMBL4184210,Bioorg Med Chem Lett,2018.0,CHEMBL158,AZTREONAM,CHEMBL158,0,http://www.openphacts.org/units/MicrogramPerMilliliter,3069226,>,1,1,>,MIC,ug.mL-1,64.0,CHEMBL354,Escherichia coli,Escherichia coli,562.0,,MIC,ug ml-1,UO_0000274,64.0,CHEMBL158,C[C@H]1[C@H](NC(=O)/C(=N\OC(C)(C)C(=O)O)c2csc(N)n2)C(=O)N1S(=O)(=O)O,12.562141912320484,12.562141912320484,0.0349535856009066,-4.756268639419342,0.174788224513646,20.5,435.44000000000017,418.30400000000014,435.051854504,154,0,0.3620751467724121,-0.4782270320177159,0.4782270320177159,0.3620751467724121,1.4642857142857142,2.071428571428572,2.5,32.24529764273617,10.00401161573638,2.513331128805475,-2.416338874010568,2.230948535260857,-2.707807208919476,7.836563836647012,-0.1608446168429468,2.971847309732629,2.2592762983237704,953.8851353067348,21.43879310982592,14.8114553779692,16.444448539824652,12.752743308167698,7.578995896792942,9.855612118054724,6.221230582074894,8.399971119282888,3.730567932227123,5.414072402778615,2.1128455580549623,3.54351374163482,-2.78,690205.5939907836,21.519292322605008,7.325918985638601,4.204134383579708,162.59031069995737,20.994572059745856,11.735768823996422,10.843243482610037,5.601050810983688,11.814359458703011,16.27347016397548,14.141824241834009,14.083731696315263,8.417796984328938,11.336785877934735,5.15571272675054,20.771211599071872,5.380062770465915,6.041840829147961,37.29827438881211,50.26785898322327,0.0,14.605983116249774,5.15571272675054,38.455944068351485,5.733667477162185,11.073990765314376,0.0,0.0,11.050456081168516,5.131558479839333,0.0,11.336785877934735,68.54635098380861,29.525365011975733,0.0,26.46513959392033,10.535775497216456,0.0,0.0,0.0,201.58,51.4842470947288,22.801408536544404,0.0,15.130702465984026,0.0,11.336785877934735,26.151274369537788,0.0,0.0,15.456479851704078,20.23053332942989,31.44978820569469,0.9796905422586336,44.39737831563419,16.334751159546904,3.256457088644816,-3.375611656986792,-2.3123389733980013,0.0,3.692820624691566,-4.756268639419342,0.4615384615384615,28,5,13,0,1,1,0,1,1,10,4,15,7,0,1,1,2,-1.172499999999998,95.65050000000004,1,0,0,1,0,1,0,0,1,1,3,2,0,0,0,3,1,1,0,0,0,0,0,0,0,0,0,2,0,1,0,0,0,0,0,0,0,0,0,0,0,0,0,0,0,0,0,0,0,0,0,0,0,1,0,0,0,0,0,0,0,0,0,1,0,0,0,0,0,0,0,0,0,0,0,0,0,0,0,0,1,0,0,0,0,562.0,Escherichia coli,Bacteria
116573,,18491267,CHEMBL4187457,Antimicrobial activity against Escherichia coli expressing beta-lactamase PER-1 by CLSI broth microdilution method,F,BAO_0002146,BAO_0000218,organism-based format,C[C@H]1[C@H](NC(=O)/C(=N\OC(C)(C)C(=O)O)c2csc(N)n2)C(=O)N1S(=O)(=O)O,CHEMBL4184210,Bioorg Med Chem Lett,2018.0,CHEMBL158,AZTREONAM,CHEMBL158,0,http://www.openphacts.org/units/MicrogramPerMilliliter,3069226,=,1,1,=,MIC,ug.mL-1,256.0,CHEMBL354,Escherichia coli,Escherichia coli,562.0,,MIC,ug ml-1,UO_0000274,256.0,CHEMBL158,C[C@H]1[C@H](NC(=O)/C(=N\OC(C)(C)C(=O)O)c2csc(N)n2)C(=O)N1S(=O)(=O)O,12.562141912320484,12.562141912320484,0.0349535856009066,-4.756268639419342,0.174788224513646,20.5,435.44000000000017,418.30400000000014,435.051854504,154,0,0.3620751467724121,-0.4782270320177159,0.4782270320177159,0.3620751467724121,1.4642857142857142,2.071428571428572,2.5,32.24529764273617,10.00401161573638,2.513331128805475,-2.416338874010568,2.230948535260857,-2.707807208919476,7.836563836647012,-0.1608446168429468,2.971847309732629,2.2592762983237704,953.8851353067348,21.43879310982592,14.8114553779692,16.444448539824652,12.752743308167698,7.578995896792942,9.855612118054724,6.221230582074894,8.399971119282888,3.730567932227123,5.414072402778615,2.1128455580549623,3.54351374163482,-2.78,690205.5939907836,21.519292322605008,7.325918985638601,4.204134383579708,162.59031069995737,20.994572059745856,11.735768823996422,10.843243482610037,5.601050810983688,11.814359458703011,16.27347016397548,14.141824241834009,14.083731696315263,8.417796984328938,11.336785877934735,5.15571272675054,20.771211599071872,5.380062770465915,6.041840829147961,37.29827438881211,50.26785898322327,0.0,14.605983116249774,5.15571272675054,38.455944068351485,5.733667477162185,11.073990765314376,0.0,0.0,11.050456081168516,5.131558479839333,0.0,11.336785877934735,68.54635098380861,29.525365011975733,0.0,26.46513959392033,10.535775497216456,0.0,0.0,0.0,201.58,51.4842470947288,22.801408536544404,0.0,15.130702465984026,0.0,11.336785877934735,26.151274369537788,0.0,0.0,15.456479851704078,20.23053332942989,31.44978820569469,0.9796905422586336,44.39737831563419,16.334751159546904,3.256457088644816,-3.375611656986792,-2.3123389733980013,0.0,3.692820624691566,-4.756268639419342,0.4615384615384615,28,5,13,0,1,1,0,1,1,10,4,15,7,0,1,1,2,-1.172499999999998,95.65050000000004,1,0,0,1,0,1,0,0,1,1,3,2,0,0,0,3,1,1,0,0,0,0,0,0,0,0,0,2,0,1,0,0,0,0,0,0,0,0,0,0,0,0,0,0,0,0,0,0,0,0,0,0,0,1,0,0,0,0,0,0,0,0,0,1,0,0,0,0,0,0,0,0,0,0,0,0,0,0,0,0,1,0,0,0,0,562.0,Escherichia coli,Bacteria
116573,,18491267,CHEMBL4187457,Antimicrobial activity against Escherichia coli expressing beta-lactamase PER-1 by CLSI broth microdilution method,F,BAO_0002146,BAO_0000218,organism-based format,C[C@H]1[C@H](NC(=O)/C(=N\OC(C)(C)C(=O)O)c2csc(N)n2)C(=O)N1S(=O)(=O)O,CHEMBL4184210,Bioorg Med Chem Lett,2018.0,CHEMBL158,AZTREONAM,CHEMBL158,0,http://www.openphacts.org/units/MicrogramPerMilliliter,3069226,=,1,1,=,MIC,ug.mL-1,256.0,CHEMBL354,Escherichia coli,Escherichia coli,562.0,,MIC,ug ml-1,UO_0000274,256.0,CHEMBL158,C[C@H]1[C@H](NC(=O)/C(=N\OC(C)(C)C(=O)O)c2csc(N)n2)C(=O)N1S(=O)(=O)O,12.562141912320484,12.562141912320484,0.0349535856009066,-4.756268639419342,0.174788224513646,20.5,435.44000000000017,418.30400000000014,435.051854504,154,0,0.3620751467724121,-0.4782270320177159,0.4782270320177159,0.3620751467724121,1.4642857142857142,2.071428571428572,2.5,32.24529764273617,10.00401161573638,2.513331128805475,-2.416338874010568,2.230948535260857,-2.707807208919476,7.836563836647012,-0.1608446168429468,2.971847309732629,2.2592762983237704,953.8851353067348,21.43879310982592,14.8114553779692,16.444448539824652,12.752743308167698,7.578995896792942,9.855612118054724,6.221230582074894,8.399971119282888,3.730567932227123,5.414072402778615,2.1128455580549623,3.54351374163482,-2.78,690205.5939907836,21.519292322605008,7.325918985638601,4.204134383579708,162.59031069995737,20.994572059745856,11.735768823996422,10.843243482610037,5.601050810983688,11.814359458703011,16.27347016397548,14.141824241834009,14.083731696315263,8.417796984328938,11.336785877934735,5.15571272675054,20.771211599071872,5.380062770465915,6.041840829147961,37.29827438881211,50.26785898322327,0.0,14.605983116249774,5.15571272675054,38.455944068351485,5.733667477162185,11.073990765314376,0.0,0.0,11.050456081168516,5.131558479839333,0.0,11.336785877934735,68.54635098380861,29.525365011975733,0.0,26.46513959392033,10.535775497216456,0.0,0.0,0.0,201.58,51.4842470947288,22.801408536544404,0.0,15.130702465984026,0.0,11.336785877934735,26.151274369537788,0.0,0.0,15.456479851704078,20.23053332942989,31.44978820569469,0.9796905422586336,44.39737831563419,16.334751159546904,3.256457088644816,-3.375611656986792,-2.3123389733980013,0.0,3.692820624691566,-4.756268639419342,0.4615384615384615,28,5,13,0,1,1,0,1,1,10,4,15,7,0,1,1,2,-1.172499999999998,95.65050000000004,1,0,0,1,0,1,0,0,1,1,3,2,0,0,0,3,1,1,0,0,0,0,0,0,0,0,0,2,0,1,0,0,0,0,0,0,0,0,0,0,0,0,0,0,0,0,0,0,0,0,0,0,0,1,0,0,0,0,0,0,0,0,0,1,0,0,0,0,0,0,0,0,0,0,0,0,0,0,0,0,1,0,0,0,0,562.0,Escherichia coli,Bacteria
116573,,18491267,CHEMBL4187457,Antimicrobial activity against Escherichia coli expressing beta-lactamase PER-1 by CLSI broth microdilution method,F,BAO_0002146,BAO_0000218,organism-based format,C[C@H]1[C@H](NC(=O)/C(=N\OC(C)(C)C(=O)O)c2csc(N)n2)C(=O)N1S(=O)(=O)O,CHEMBL4184210,Bioorg Med Chem Lett,2018.0,CHEMBL158,AZTREONAM,CHEMBL158,0,http://www.openphacts.org/units/MicrogramPerMilliliter,3069226,=,1,1,=,MIC,ug.mL-1,256.0,CHEMBL354,Escherichia coli,Escherichia coli,562.0,,MIC,ug ml-1,UO_0000274,256.0,CHEMBL158,C[C@H]1[C@H](NC(=O)/C(=N\OC(C)(C)C(=O)O)c2csc(N)n2)C(=O)N1S(=O)(=O)O,12.562141912320484,12.562141912320484,0.0349535856009066,-4.756268639419342,0.174788224513646,20.5,435.44000000000017,418.30400000000014,435.051854504,154,0,0.3620751467724121,-0.4782270320177159,0.4782270320177159,0.3620751467724121,1.4642857142857142,2.071428571428572,2.5,32.24529764273617,10.00401161573638,2.513331128805475,-2.416338874010568,2.230948535260857,-2.707807208919476,7.836563836647012,-0.1608446168429468,2.971847309732629,2.2592762983237704,953.8851353067348,21.43879310982592,14.8114553779692,16.444448539824652,12.752743308167698,7.578995896792942,9.855612118054724,6.221230582074894,8.399971119282888,3.730567932227123,5.414072402778615,2.1128455580549623,3.54351374163482,-2.78,690205.5939907836,21.519292322605008,7.325918985638601,4.204134383579708,162.59031069995737,20.994572059745856,11.735768823996422,10.843243482610037,5.601050810983688,11.814359458703011,16.27347016397548,14.141824241834009,14.083731696315263,8.417796984328938,11.336785877934735,5.15571272675054,20.771211599071872,5.380062770465915,6.041840829147961,37.29827438881211,50.26785898322327,0.0,14.605983116249774,5.15571272675054,38.455944068351485,5.733667477162185,11.073990765314376,0.0,0.0,11.050456081168516,5.131558479839333,0.0,11.336785877934735,68.54635098380861,29.525365011975733,0.0,26.46513959392033,10.535775497216456,0.0,0.0,0.0,201.58,51.4842470947288,22.801408536544404,0.0,15.130702465984026,0.0,11.336785877934735,26.151274369537788,0.0,0.0,15.456479851704078,20.23053332942989,31.44978820569469,0.9796905422586336,44.39737831563419,16.334751159546904,3.256457088644816,-3.375611656986792,-2.3123389733980013,0.0,3.692820624691566,-4.756268639419342,0.4615384615384615,28,5,13,0,1,1,0,1,1,10,4,15,7,0,1,1,2,-1.172499999999998,95.65050000000004,1,0,0,1,0,1,0,0,1,1,3,2,0,0,0,3,1,1,0,0,0,0,0,0,0,0,0,2,0,1,0,0,0,0,0,0,0,0,0,0,0,0,0,0,0,0,0,0,0,0,0,0,0,1,0,0,0,0,0,0,0,0,0,1,0,0,0,0,0,0,0,0,0,0,0,0,0,0,0,0,1,0,0,0,0,562.0,Escherichia coli,Bacteria
116573,,18491267,CHEMBL4187457,Antimicrobial activity against Escherichia coli expressing beta-lactamase PER-1 by CLSI broth microdilution method,F,BAO_0002146,BAO_0000218,organism-based format,C[C@H]1[C@H](NC(=O)/C(=N\OC(C)(C)C(=O)O)c2csc(N)n2)C(=O)N1S(=O)(=O)O,CHEMBL4184210,Bioorg Med Chem Lett,2018.0,CHEMBL158,AZTREONAM,CHEMBL158,0,http://www.openphacts.org/units/MicrogramPerMilliliter,3069226,=,1,1,=,MIC,ug.mL-1,256.0,CHEMBL354,Escherichia coli,Escherichia coli,562.0,,MIC,ug ml-1,UO_0000274,256.0,CHEMBL158,C[C@H]1[C@H](NC(=O)/C(=N\OC(C)(C)C(=O)O)c2csc(N)n2)C(=O)N1S(=O)(=O)O,12.562141912320484,12.562141912320484,0.0349535856009066,-4.756268639419342,0.174788224513646,20.5,435.44000000000017,418.30400000000014,435.051854504,154,0,0.3620751467724121,-0.4782270320177159,0.4782270320177159,0.3620751467724121,1.4642857142857142,2.071428571428572,2.5,32.24529764273617,10.00401161573638,2.513331128805475,-2.416338874010568,2.230948535260857,-2.707807208919476,7.836563836647012,-0.1608446168429468,2.971847309732629,2.2592762983237704,953.8851353067348,21.43879310982592,14.8114553779692,16.444448539824652,12.752743308167698,7.578995896792942,9.855612118054724,6.221230582074894,8.399971119282888,3.730567932227123,5.414072402778615,2.1128455580549623,3.54351374163482,-2.78,690205.5939907836,21.519292322605008,7.325918985638601,4.204134383579708,162.59031069995737,20.994572059745856,11.735768823996422,10.843243482610037,5.601050810983688,11.814359458703011,16.27347016397548,14.141824241834009,14.083731696315263,8.417796984328938,11.336785877934735,5.15571272675054,20.771211599071872,5.380062770465915,6.041840829147961,37.29827438881211,50.26785898322327,0.0,14.605983116249774,5.15571272675054,38.455944068351485,5.733667477162185,11.073990765314376,0.0,0.0,11.050456081168516,5.131558479839333,0.0,11.336785877934735,68.54635098380861,29.525365011975733,0.0,26.46513959392033,10.535775497216456,0.0,0.0,0.0,201.58,51.4842470947288,22.801408536544404,0.0,15.130702465984026,0.0,11.336785877934735,26.151274369537788,0.0,0.0,15.456479851704078,20.23053332942989,31.44978820569469,0.9796905422586336,44.39737831563419,16.334751159546904,3.256457088644816,-3.375611656986792,-2.3123389733980013,0.0,3.692820624691566,-4.756268639419342,0.4615384615384615,28,5,13,0,1,1,0,1,1,10,4,15,7,0,1,1,2,-1.172499999999998,95.65050000000004,1,0,0,1,0,1,0,0,1,1,3,2,0,0,0,3,1,1,0,0,0,0,0,0,0,0,0,2,0,1,0,0,0,0,0,0,0,0,0,0,0,0,0,0,0,0,0,0,0,0,0,0,0,1,0,0,0,0,0,0,0,0,0,1,0,0,0,0,0,0,0,0,0,0,0,0,0,0,0,0,1,0,0,0,0,562.0,Escherichia coli,Bacteria
116574,,18491280,CHEMBL4187458,Antimicrobial activity against Escherichia coli expressing beta-lactamase PER-2 by CLSI broth microdilution method,F,BAO_0002146,BAO_0000218,organism-based format,C[C@H]1[C@H](NC(=O)/C(=N\OC(C)(C)C(=O)O)c2csc(N)n2)C(=O)N1S(=O)(=O)O,CHEMBL4184210,Bioorg Med Chem Lett,2018.0,CHEMBL158,AZTREONAM,CHEMBL158,0,http://www.openphacts.org/units/MicrogramPerMilliliter,3069226,>,1,1,>,MIC,ug.mL-1,1024.0,CHEMBL354,Escherichia coli,Escherichia coli,562.0,,MIC,ug ml-1,UO_0000274,1024.0,CHEMBL158,C[C@H]1[C@H](NC(=O)/C(=N\OC(C)(C)C(=O)O)c2csc(N)n2)C(=O)N1S(=O)(=O)O,12.562141912320484,12.562141912320484,0.0349535856009066,-4.756268639419342,0.174788224513646,20.5,435.44000000000017,418.30400000000014,435.051854504,154,0,0.3620751467724121,-0.4782270320177159,0.4782270320177159,0.3620751467724121,1.4642857142857142,2.071428571428572,2.5,32.24529764273617,10.00401161573638,2.513331128805475,-2.416338874010568,2.230948535260857,-2.707807208919476,7.836563836647012,-0.1608446168429468,2.971847309732629,2.2592762983237704,953.8851353067348,21.43879310982592,14.8114553779692,16.444448539824652,12.752743308167698,7.578995896792942,9.855612118054724,6.221230582074894,8.399971119282888,3.730567932227123,5.414072402778615,2.1128455580549623,3.54351374163482,-2.78,690205.5939907836,21.519292322605008,7.325918985638601,4.204134383579708,162.59031069995737,20.994572059745856,11.735768823996422,10.843243482610037,5.601050810983688,11.814359458703011,16.27347016397548,14.141824241834009,14.083731696315263,8.417796984328938,11.336785877934735,5.15571272675054,20.771211599071872,5.380062770465915,6.041840829147961,37.29827438881211,50.26785898322327,0.0,14.605983116249774,5.15571272675054,38.455944068351485,5.733667477162185,11.073990765314376,0.0,0.0,11.050456081168516,5.131558479839333,0.0,11.336785877934735,68.54635098380861,29.525365011975733,0.0,26.46513959392033,10.535775497216456,0.0,0.0,0.0,201.58,51.4842470947288,22.801408536544404,0.0,15.130702465984026,0.0,11.336785877934735,26.151274369537788,0.0,0.0,15.456479851704078,20.23053332942989,31.44978820569469,0.9796905422586336,44.39737831563419,16.334751159546904,3.256457088644816,-3.375611656986792,-2.3123389733980013,0.0,3.692820624691566,-4.756268639419342,0.4615384615384615,28,5,13,0,1,1,0,1,1,10,4,15,7,0,1,1,2,-1.172499999999998,95.65050000000004,1,0,0,1,0,1,0,0,1,1,3,2,0,0,0,3,1,1,0,0,0,0,0,0,0,0,0,2,0,1,0,0,0,0,0,0,0,0,0,0,0,0,0,0,0,0,0,0,0,0,0,0,0,1,0,0,0,0,0,0,0,0,0,1,0,0,0,0,0,0,0,0,0,0,0,0,0,0,0,0,1,0,0,0,0,562.0,Escherichia coli,Bacteria
116574,,18491280,CHEMBL4187458,Antimicrobial activity against Escherichia coli expressing beta-lactamase PER-2 by CLSI broth microdilution method,F,BAO_0002146,BAO_0000218,organism-based format,C[C@H]1[C@H](NC(=O)/C(=N\OC(C)(C)C(=O)O)c2csc(N)n2)C(=O)N1S(=O)(=O)O,CHEMBL4184210,Bioorg Med Chem Lett,2018.0,CHEMBL158,AZTREONAM,CHEMBL158,0,http://www.openphacts.org/units/MicrogramPerMilliliter,3069226,>,1,1,>,MIC,ug.mL-1,1024.0,CHEMBL354,Escherichia coli,Escherichia coli,562.0,,MIC,ug ml-1,UO_0000274,1024.0,CHEMBL158,C[C@H]1[C@H](NC(=O)/C(=N\OC(C)(C)C(=O)O)c2csc(N)n2)C(=O)N1S(=O)(=O)O,12.562141912320484,12.562141912320484,0.0349535856009066,-4.756268639419342,0.174788224513646,20.5,435.44000000000017,418.30400000000014,435.051854504,154,0,0.3620751467724121,-0.4782270320177159,0.4782270320177159,0.3620751467724121,1.4642857142857142,2.071428571428572,2.5,32.24529764273617,10.00401161573638,2.513331128805475,-2.416338874010568,2.230948535260857,-2.707807208919476,7.836563836647012,-0.1608446168429468,2.971847309732629,2.2592762983237704,953.8851353067348,21.43879310982592,14.8114553779692,16.444448539824652,12.752743308167698,7.578995896792942,9.855612118054724,6.221230582074894,8.399971119282888,3.730567932227123,5.414072402778615,2.1128455580549623,3.54351374163482,-2.78,690205.5939907836,21.519292322605008,7.325918985638601,4.204134383579708,162.59031069995737,20.994572059745856,11.735768823996422,10.843243482610037,5.601050810983688,11.814359458703011,16.27347016397548,14.141824241834009,14.083731696315263,8.417796984328938,11.336785877934735,5.15571272675054,20.771211599071872,5.380062770465915,6.041840829147961,37.29827438881211,50.26785898322327,0.0,14.605983116249774,5.15571272675054,38.455944068351485,5.733667477162185,11.073990765314376,0.0,0.0,11.050456081168516,5.131558479839333,0.0,11.336785877934735,68.54635098380861,29.525365011975733,0.0,26.46513959392033,10.535775497216456,0.0,0.0,0.0,201.58,51.4842470947288,22.801408536544404,0.0,15.130702465984026,0.0,11.336785877934735,26.151274369537788,0.0,0.0,15.456479851704078,20.23053332942989,31.44978820569469,0.9796905422586336,44.39737831563419,16.334751159546904,3.256457088644816,-3.375611656986792,-2.3123389733980013,0.0,3.692820624691566,-4.756268639419342,0.4615384615384615,28,5,13,0,1,1,0,1,1,10,4,15,7,0,1,1,2,-1.172499999999998,95.65050000000004,1,0,0,1,0,1,0,0,1,1,3,2,0,0,0,3,1,1,0,0,0,0,0,0,0,0,0,2,0,1,0,0,0,0,0,0,0,0,0,0,0,0,0,0,0,0,0,0,0,0,0,0,0,1,0,0,0,0,0,0,0,0,0,1,0,0,0,0,0,0,0,0,0,0,0,0,0,0,0,0,1,0,0,0,0,562.0,Escherichia coli,Bacteria
116574,,18491280,CHEMBL4187458,Antimicrobial activity against Escherichia coli expressing beta-lactamase PER-2 by CLSI broth microdilution method,F,BAO_0002146,BAO_0000218,organism-based format,C[C@H]1[C@H](NC(=O)/C(=N\OC(C)(C)C(=O)O)c2csc(N)n2)C(=O)N1S(=O)(=O)O,CHEMBL4184210,Bioorg Med Chem Lett,2018.0,CHEMBL158,AZTREONAM,CHEMBL158,0,http://www.openphacts.org/units/MicrogramPerMilliliter,3069226,>,1,1,>,MIC,ug.mL-1,1024.0,CHEMBL354,Escherichia coli,Escherichia coli,562.0,,MIC,ug ml-1,UO_0000274,1024.0,CHEMBL158,C[C@H]1[C@H](NC(=O)/C(=N\OC(C)(C)C(=O)O)c2csc(N)n2)C(=O)N1S(=O)(=O)O,12.562141912320484,12.562141912320484,0.0349535856009066,-4.756268639419342,0.174788224513646,20.5,435.44000000000017,418.30400000000014,435.051854504,154,0,0.3620751467724121,-0.4782270320177159,0.4782270320177159,0.3620751467724121,1.4642857142857142,2.071428571428572,2.5,32.24529764273617,10.00401161573638,2.513331128805475,-2.416338874010568,2.230948535260857,-2.707807208919476,7.836563836647012,-0.1608446168429468,2.971847309732629,2.2592762983237704,953.8851353067348,21.43879310982592,14.8114553779692,16.444448539824652,12.752743308167698,7.578995896792942,9.855612118054724,6.221230582074894,8.399971119282888,3.730567932227123,5.414072402778615,2.1128455580549623,3.54351374163482,-2.78,690205.5939907836,21.519292322605008,7.325918985638601,4.204134383579708,162.59031069995737,20.994572059745856,11.735768823996422,10.843243482610037,5.601050810983688,11.814359458703011,16.27347016397548,14.141824241834009,14.083731696315263,8.417796984328938,11.336785877934735,5.15571272675054,20.771211599071872,5.380062770465915,6.041840829147961,37.29827438881211,50.26785898322327,0.0,14.605983116249774,5.15571272675054,38.455944068351485,5.733667477162185,11.073990765314376,0.0,0.0,11.050456081168516,5.131558479839333,0.0,11.336785877934735,68.54635098380861,29.525365011975733,0.0,26.46513959392033,10.535775497216456,0.0,0.0,0.0,201.58,51.4842470947288,22.801408536544404,0.0,15.130702465984026,0.0,11.336785877934735,26.151274369537788,0.0,0.0,15.456479851704078,20.23053332942989,31.44978820569469,0.9796905422586336,44.39737831563419,16.334751159546904,3.256457088644816,-3.375611656986792,-2.3123389733980013,0.0,3.692820624691566,-4.756268639419342,0.4615384615384615,28,5,13,0,1,1,0,1,1,10,4,15,7,0,1,1,2,-1.172499999999998,95.65050000000004,1,0,0,1,0,1,0,0,1,1,3,2,0,0,0,3,1,1,0,0,0,0,0,0,0,0,0,2,0,1,0,0,0,0,0,0,0,0,0,0,0,0,0,0,0,0,0,0,0,0,0,0,0,1,0,0,0,0,0,0,0,0,0,1,0,0,0,0,0,0,0,0,0,0,0,0,0,0,0,0,1,0,0,0,0,562.0,Escherichia coli,Bacteria
116574,,18491280,CHEMBL4187458,Antimicrobial activity against Escherichia coli expressing beta-lactamase PER-2 by CLSI broth microdilution method,F,BAO_0002146,BAO_0000218,organism-based format,C[C@H]1[C@H](NC(=O)/C(=N\OC(C)(C)C(=O)O)c2csc(N)n2)C(=O)N1S(=O)(=O)O,CHEMBL4184210,Bioorg Med Chem Lett,2018.0,CHEMBL158,AZTREONAM,CHEMBL158,0,http://www.openphacts.org/units/MicrogramPerMilliliter,3069226,>,1,1,>,MIC,ug.mL-1,1024.0,CHEMBL354,Escherichia coli,Escherichia coli,562.0,,MIC,ug ml-1,UO_0000274,1024.0,CHEMBL158,C[C@H]1[C@H](NC(=O)/C(=N\OC(C)(C)C(=O)O)c2csc(N)n2)C(=O)N1S(=O)(=O)O,12.562141912320484,12.562141912320484,0.0349535856009066,-4.756268639419342,0.174788224513646,20.5,435.44000000000017,418.30400000000014,435.051854504,154,0,0.3620751467724121,-0.4782270320177159,0.4782270320177159,0.3620751467724121,1.4642857142857142,2.071428571428572,2.5,32.24529764273617,10.00401161573638,2.513331128805475,-2.416338874010568,2.230948535260857,-2.707807208919476,7.836563836647012,-0.1608446168429468,2.971847309732629,2.2592762983237704,953.8851353067348,21.43879310982592,14.8114553779692,16.444448539824652,12.752743308167698,7.578995896792942,9.855612118054724,6.221230582074894,8.399971119282888,3.730567932227123,5.414072402778615,2.1128455580549623,3.54351374163482,-2.78,690205.5939907836,21.519292322605008,7.325918985638601,4.204134383579708,162.59031069995737,20.994572059745856,11.735768823996422,10.843243482610037,5.601050810983688,11.814359458703011,16.27347016397548,14.141824241834009,14.083731696315263,8.417796984328938,11.336785877934735,5.15571272675054,20.771211599071872,5.380062770465915,6.041840829147961,37.29827438881211,50.26785898322327,0.0,14.605983116249774,5.15571272675054,38.455944068351485,5.733667477162185,11.073990765314376,0.0,0.0,11.050456081168516,5.131558479839333,0.0,11.336785877934735,68.54635098380861,29.525365011975733,0.0,26.46513959392033,10.535775497216456,0.0,0.0,0.0,201.58,51.4842470947288,22.801408536544404,0.0,15.130702465984026,0.0,11.336785877934735,26.151274369537788,0.0,0.0,15.456479851704078,20.23053332942989,31.44978820569469,0.9796905422586336,44.39737831563419,16.334751159546904,3.256457088644816,-3.375611656986792,-2.3123389733980013,0.0,3.692820624691566,-4.756268639419342,0.4615384615384615,28,5,13,0,1,1,0,1,1,10,4,15,7,0,1,1,2,-1.172499999999998,95.65050000000004,1,0,0,1,0,1,0,0,1,1,3,2,0,0,0,3,1,1,0,0,0,0,0,0,0,0,0,2,0,1,0,0,0,0,0,0,0,0,0,0,0,0,0,0,0,0,0,0,0,0,0,0,0,1,0,0,0,0,0,0,0,0,0,1,0,0,0,0,0,0,0,0,0,0,0,0,0,0,0,0,1,0,0,0,0,562.0,Escherichia coli,Bacteria
116575,,18491293,CHEMBL4187459,Antimicrobial activity against Escherichia coli expressing beta-lactamase PER-4 by CLSI broth microdilution method,F,BAO_0002146,BAO_0000218,organism-based format,C[C@H]1[C@H](NC(=O)/C(=N\OC(C)(C)C(=O)O)c2csc(N)n2)C(=O)N1S(=O)(=O)O,CHEMBL4184210,Bioorg Med Chem Lett,2018.0,CHEMBL158,AZTREONAM,CHEMBL158,0,http://www.openphacts.org/units/MicrogramPerMilliliter,3069226,=,1,1,=,MIC,ug.mL-1,128.0,CHEMBL354,Escherichia coli,Escherichia coli,562.0,,MIC,ug ml-1,UO_0000274,128.0,CHEMBL158,C[C@H]1[C@H](NC(=O)/C(=N\OC(C)(C)C(=O)O)c2csc(N)n2)C(=O)N1S(=O)(=O)O,12.562141912320484,12.562141912320484,0.0349535856009066,-4.756268639419342,0.174788224513646,20.5,435.44000000000017,418.30400000000014,435.051854504,154,0,0.3620751467724121,-0.4782270320177159,0.4782270320177159,0.3620751467724121,1.4642857142857142,2.071428571428572,2.5,32.24529764273617,10.00401161573638,2.513331128805475,-2.416338874010568,2.230948535260857,-2.707807208919476,7.836563836647012,-0.1608446168429468,2.971847309732629,2.2592762983237704,953.8851353067348,21.43879310982592,14.8114553779692,16.444448539824652,12.752743308167698,7.578995896792942,9.855612118054724,6.221230582074894,8.399971119282888,3.730567932227123,5.414072402778615,2.1128455580549623,3.54351374163482,-2.78,690205.5939907836,21.519292322605008,7.325918985638601,4.204134383579708,162.59031069995737,20.994572059745856,11.735768823996422,10.843243482610037,5.601050810983688,11.814359458703011,16.27347016397548,14.141824241834009,14.083731696315263,8.417796984328938,11.336785877934735,5.15571272675054,20.771211599071872,5.380062770465915,6.041840829147961,37.29827438881211,50.26785898322327,0.0,14.605983116249774,5.15571272675054,38.455944068351485,5.733667477162185,11.073990765314376,0.0,0.0,11.050456081168516,5.131558479839333,0.0,11.336785877934735,68.54635098380861,29.525365011975733,0.0,26.46513959392033,10.535775497216456,0.0,0.0,0.0,201.58,51.4842470947288,22.801408536544404,0.0,15.130702465984026,0.0,11.336785877934735,26.151274369537788,0.0,0.0,15.456479851704078,20.23053332942989,31.44978820569469,0.9796905422586336,44.39737831563419,16.334751159546904,3.256457088644816,-3.375611656986792,-2.3123389733980013,0.0,3.692820624691566,-4.756268639419342,0.4615384615384615,28,5,13,0,1,1,0,1,1,10,4,15,7,0,1,1,2,-1.172499999999998,95.65050000000004,1,0,0,1,0,1,0,0,1,1,3,2,0,0,0,3,1,1,0,0,0,0,0,0,0,0,0,2,0,1,0,0,0,0,0,0,0,0,0,0,0,0,0,0,0,0,0,0,0,0,0,0,0,1,0,0,0,0,0,0,0,0,0,1,0,0,0,0,0,0,0,0,0,0,0,0,0,0,0,0,1,0,0,0,0,562.0,Escherichia coli,Bacteria
116575,,18491293,CHEMBL4187459,Antimicrobial activity against Escherichia coli expressing beta-lactamase PER-4 by CLSI broth microdilution method,F,BAO_0002146,BAO_0000218,organism-based format,C[C@H]1[C@H](NC(=O)/C(=N\OC(C)(C)C(=O)O)c2csc(N)n2)C(=O)N1S(=O)(=O)O,CHEMBL4184210,Bioorg Med Chem Lett,2018.0,CHEMBL158,AZTREONAM,CHEMBL158,0,http://www.openphacts.org/units/MicrogramPerMilliliter,3069226,=,1,1,=,MIC,ug.mL-1,128.0,CHEMBL354,Escherichia coli,Escherichia coli,562.0,,MIC,ug ml-1,UO_0000274,128.0,CHEMBL158,C[C@H]1[C@H](NC(=O)/C(=N\OC(C)(C)C(=O)O)c2csc(N)n2)C(=O)N1S(=O)(=O)O,12.562141912320484,12.562141912320484,0.0349535856009066,-4.756268639419342,0.174788224513646,20.5,435.44000000000017,418.30400000000014,435.051854504,154,0,0.3620751467724121,-0.4782270320177159,0.4782270320177159,0.3620751467724121,1.4642857142857142,2.071428571428572,2.5,32.24529764273617,10.00401161573638,2.513331128805475,-2.416338874010568,2.230948535260857,-2.707807208919476,7.836563836647012,-0.1608446168429468,2.971847309732629,2.2592762983237704,953.8851353067348,21.43879310982592,14.8114553779692,16.444448539824652,12.752743308167698,7.578995896792942,9.855612118054724,6.221230582074894,8.399971119282888,3.730567932227123,5.414072402778615,2.1128455580549623,3.54351374163482,-2.78,690205.5939907836,21.519292322605008,7.325918985638601,4.204134383579708,162.59031069995737,20.994572059745856,11.735768823996422,10.843243482610037,5.601050810983688,11.814359458703011,16.27347016397548,14.141824241834009,14.083731696315263,8.417796984328938,11.336785877934735,5.15571272675054,20.771211599071872,5.380062770465915,6.041840829147961,37.29827438881211,50.26785898322327,0.0,14.605983116249774,5.15571272675054,38.455944068351485,5.733667477162185,11.073990765314376,0.0,0.0,11.050456081168516,5.131558479839333,0.0,11.336785877934735,68.54635098380861,29.525365011975733,0.0,26.46513959392033,10.535775497216456,0.0,0.0,0.0,201.58,51.4842470947288,22.801408536544404,0.0,15.130702465984026,0.0,11.336785877934735,26.151274369537788,0.0,0.0,15.456479851704078,20.23053332942989,31.44978820569469,0.9796905422586336,44.39737831563419,16.334751159546904,3.256457088644816,-3.375611656986792,-2.3123389733980013,0.0,3.692820624691566,-4.756268639419342,0.4615384615384615,28,5,13,0,1,1,0,1,1,10,4,15,7,0,1,1,2,-1.172499999999998,95.65050000000004,1,0,0,1,0,1,0,0,1,1,3,2,0,0,0,3,1,1,0,0,0,0,0,0,0,0,0,2,0,1,0,0,0,0,0,0,0,0,0,0,0,0,0,0,0,0,0,0,0,0,0,0,0,1,0,0,0,0,0,0,0,0,0,1,0,0,0,0,0,0,0,0,0,0,0,0,0,0,0,0,1,0,0,0,0,562.0,Escherichia coli,Bacteria
116575,,18491293,CHEMBL4187459,Antimicrobial activity against Escherichia coli expressing beta-lactamase PER-4 by CLSI broth microdilution method,F,BAO_0002146,BAO_0000218,organism-based format,C[C@H]1[C@H](NC(=O)/C(=N\OC(C)(C)C(=O)O)c2csc(N)n2)C(=O)N1S(=O)(=O)O,CHEMBL4184210,Bioorg Med Chem Lett,2018.0,CHEMBL158,AZTREONAM,CHEMBL158,0,http://www.openphacts.org/units/MicrogramPerMilliliter,3069226,=,1,1,=,MIC,ug.mL-1,128.0,CHEMBL354,Escherichia coli,Escherichia coli,562.0,,MIC,ug ml-1,UO_0000274,128.0,CHEMBL158,C[C@H]1[C@H](NC(=O)/C(=N\OC(C)(C)C(=O)O)c2csc(N)n2)C(=O)N1S(=O)(=O)O,12.562141912320484,12.562141912320484,0.0349535856009066,-4.756268639419342,0.174788224513646,20.5,435.44000000000017,418.30400000000014,435.051854504,154,0,0.3620751467724121,-0.4782270320177159,0.4782270320177159,0.3620751467724121,1.4642857142857142,2.071428571428572,2.5,32.24529764273617,10.00401161573638,2.513331128805475,-2.416338874010568,2.230948535260857,-2.707807208919476,7.836563836647012,-0.1608446168429468,2.971847309732629,2.2592762983237704,953.8851353067348,21.43879310982592,14.8114553779692,16.444448539824652,12.752743308167698,7.578995896792942,9.855612118054724,6.221230582074894,8.399971119282888,3.730567932227123,5.414072402778615,2.1128455580549623,3.54351374163482,-2.78,690205.5939907836,21.519292322605008,7.325918985638601,4.204134383579708,162.59031069995737,20.994572059745856,11.735768823996422,10.843243482610037,5.601050810983688,11.814359458703011,16.27347016397548,14.141824241834009,14.083731696315263,8.417796984328938,11.336785877934735,5.15571272675054,20.771211599071872,5.380062770465915,6.041840829147961,37.29827438881211,50.26785898322327,0.0,14.605983116249774,5.15571272675054,38.455944068351485,5.733667477162185,11.073990765314376,0.0,0.0,11.050456081168516,5.131558479839333,0.0,11.336785877934735,68.54635098380861,29.525365011975733,0.0,26.46513959392033,10.535775497216456,0.0,0.0,0.0,201.58,51.4842470947288,22.801408536544404,0.0,15.130702465984026,0.0,11.336785877934735,26.151274369537788,0.0,0.0,15.456479851704078,20.23053332942989,31.44978820569469,0.9796905422586336,44.39737831563419,16.334751159546904,3.256457088644816,-3.375611656986792,-2.3123389733980013,0.0,3.692820624691566,-4.756268639419342,0.4615384615384615,28,5,13,0,1,1,0,1,1,10,4,15,7,0,1,1,2,-1.172499999999998,95.65050000000004,1,0,0,1,0,1,0,0,1,1,3,2,0,0,0,3,1,1,0,0,0,0,0,0,0,0,0,2,0,1,0,0,0,0,0,0,0,0,0,0,0,0,0,0,0,0,0,0,0,0,0,0,0,1,0,0,0,0,0,0,0,0,0,1,0,0,0,0,0,0,0,0,0,0,0,0,0,0,0,0,1,0,0,0,0,562.0,Escherichia coli,Bacteria
116575,,18491293,CHEMBL4187459,Antimicrobial activity against Escherichia coli expressing beta-lactamase PER-4 by CLSI broth microdilution method,F,BAO_0002146,BAO_0000218,organism-based format,C[C@H]1[C@H](NC(=O)/C(=N\OC(C)(C)C(=O)O)c2csc(N)n2)C(=O)N1S(=O)(=O)O,CHEMBL4184210,Bioorg Med Chem Lett,2018.0,CHEMBL158,AZTREONAM,CHEMBL158,0,http://www.openphacts.org/units/MicrogramPerMilliliter,3069226,=,1,1,=,MIC,ug.mL-1,128.0,CHEMBL354,Escherichia coli,Escherichia coli,562.0,,MIC,ug ml-1,UO_0000274,128.0,CHEMBL158,C[C@H]1[C@H](NC(=O)/C(=N\OC(C)(C)C(=O)O)c2csc(N)n2)C(=O)N1S(=O)(=O)O,12.562141912320484,12.562141912320484,0.0349535856009066,-4.756268639419342,0.174788224513646,20.5,435.44000000000017,418.30400000000014,435.051854504,154,0,0.3620751467724121,-0.4782270320177159,0.4782270320177159,0.3620751467724121,1.4642857142857142,2.071428571428572,2.5,32.24529764273617,10.00401161573638,2.513331128805475,-2.416338874010568,2.230948535260857,-2.707807208919476,7.836563836647012,-0.1608446168429468,2.971847309732629,2.2592762983237704,953.8851353067348,21.43879310982592,14.8114553779692,16.444448539824652,12.752743308167698,7.578995896792942,9.855612118054724,6.221230582074894,8.399971119282888,3.730567932227123,5.414072402778615,2.1128455580549623,3.54351374163482,-2.78,690205.5939907836,21.519292322605008,7.325918985638601,4.204134383579708,162.59031069995737,20.994572059745856,11.735768823996422,10.843243482610037,5.601050810983688,11.814359458703011,16.27347016397548,14.141824241834009,14.083731696315263,8.417796984328938,11.336785877934735,5.15571272675054,20.771211599071872,5.380062770465915,6.041840829147961,37.29827438881211,50.26785898322327,0.0,14.605983116249774,5.15571272675054,38.455944068351485,5.733667477162185,11.073990765314376,0.0,0.0,11.050456081168516,5.131558479839333,0.0,11.336785877934735,68.54635098380861,29.525365011975733,0.0,26.46513959392033,10.535775497216456,0.0,0.0,0.0,201.58,51.4842470947288,22.801408536544404,0.0,15.130702465984026,0.0,11.336785877934735,26.151274369537788,0.0,0.0,15.456479851704078,20.23053332942989,31.44978820569469,0.9796905422586336,44.39737831563419,16.334751159546904,3.256457088644816,-3.375611656986792,-2.3123389733980013,0.0,3.692820624691566,-4.756268639419342,0.4615384615384615,28,5,13,0,1,1,0,1,1,10,4,15,7,0,1,1,2,-1.172499999999998,95.65050000000004,1,0,0,1,0,1,0,0,1,1,3,2,0,0,0,3,1,1,0,0,0,0,0,0,0,0,0,2,0,1,0,0,0,0,0,0,0,0,0,0,0,0,0,0,0,0,0,0,0,0,0,0,0,1,0,0,0,0,0,0,0,0,0,1,0,0,0,0,0,0,0,0,0,0,0,0,0,0,0,0,1,0,0,0,0,562.0,Escherichia coli,Bacteria
116576,,18491306,CHEMBL4187460,Antimicrobial activity against Escherichia coli expressing beta-lactamase SHV-12 by CLSI broth microdilution method,F,BAO_0002146,BAO_0000218,organism-based format,C[C@H]1[C@H](NC(=O)/C(=N\OC(C)(C)C(=O)O)c2csc(N)n2)C(=O)N1S(=O)(=O)O,CHEMBL4184210,Bioorg Med Chem Lett,2018.0,CHEMBL158,AZTREONAM,CHEMBL158,0,http://www.openphacts.org/units/MicrogramPerMilliliter,3069226,>,1,1,>,MIC,ug.mL-1,64.0,CHEMBL354,Escherichia coli,Escherichia coli,562.0,,MIC,ug ml-1,UO_0000274,64.0,CHEMBL158,C[C@H]1[C@H](NC(=O)/C(=N\OC(C)(C)C(=O)O)c2csc(N)n2)C(=O)N1S(=O)(=O)O,12.562141912320484,12.562141912320484,0.0349535856009066,-4.756268639419342,0.174788224513646,20.5,435.44000000000017,418.30400000000014,435.051854504,154,0,0.3620751467724121,-0.4782270320177159,0.4782270320177159,0.3620751467724121,1.4642857142857142,2.071428571428572,2.5,32.24529764273617,10.00401161573638,2.513331128805475,-2.416338874010568,2.230948535260857,-2.707807208919476,7.836563836647012,-0.1608446168429468,2.971847309732629,2.2592762983237704,953.8851353067348,21.43879310982592,14.8114553779692,16.444448539824652,12.752743308167698,7.578995896792942,9.855612118054724,6.221230582074894,8.399971119282888,3.730567932227123,5.414072402778615,2.1128455580549623,3.54351374163482,-2.78,690205.5939907836,21.519292322605008,7.325918985638601,4.204134383579708,162.59031069995737,20.994572059745856,11.735768823996422,10.843243482610037,5.601050810983688,11.814359458703011,16.27347016397548,14.141824241834009,14.083731696315263,8.417796984328938,11.336785877934735,5.15571272675054,20.771211599071872,5.380062770465915,6.041840829147961,37.29827438881211,50.26785898322327,0.0,14.605983116249774,5.15571272675054,38.455944068351485,5.733667477162185,11.073990765314376,0.0,0.0,11.050456081168516,5.131558479839333,0.0,11.336785877934735,68.54635098380861,29.525365011975733,0.0,26.46513959392033,10.535775497216456,0.0,0.0,0.0,201.58,51.4842470947288,22.801408536544404,0.0,15.130702465984026,0.0,11.336785877934735,26.151274369537788,0.0,0.0,15.456479851704078,20.23053332942989,31.44978820569469,0.9796905422586336,44.39737831563419,16.334751159546904,3.256457088644816,-3.375611656986792,-2.3123389733980013,0.0,3.692820624691566,-4.756268639419342,0.4615384615384615,28,5,13,0,1,1,0,1,1,10,4,15,7,0,1,1,2,-1.172499999999998,95.65050000000004,1,0,0,1,0,1,0,0,1,1,3,2,0,0,0,3,1,1,0,0,0,0,0,0,0,0,0,2,0,1,0,0,0,0,0,0,0,0,0,0,0,0,0,0,0,0,0,0,0,0,0,0,0,1,0,0,0,0,0,0,0,0,0,1,0,0,0,0,0,0,0,0,0,0,0,0,0,0,0,0,1,0,0,0,0,562.0,Escherichia coli,Bacteria
116576,,18491306,CHEMBL4187460,Antimicrobial activity against Escherichia coli expressing beta-lactamase SHV-12 by CLSI broth microdilution method,F,BAO_0002146,BAO_0000218,organism-based format,C[C@H]1[C@H](NC(=O)/C(=N\OC(C)(C)C(=O)O)c2csc(N)n2)C(=O)N1S(=O)(=O)O,CHEMBL4184210,Bioorg Med Chem Lett,2018.0,CHEMBL158,AZTREONAM,CHEMBL158,0,http://www.openphacts.org/units/MicrogramPerMilliliter,3069226,>,1,1,>,MIC,ug.mL-1,64.0,CHEMBL354,Escherichia coli,Escherichia coli,562.0,,MIC,ug ml-1,UO_0000274,64.0,CHEMBL158,C[C@H]1[C@H](NC(=O)/C(=N\OC(C)(C)C(=O)O)c2csc(N)n2)C(=O)N1S(=O)(=O)O,12.562141912320484,12.562141912320484,0.0349535856009066,-4.756268639419342,0.174788224513646,20.5,435.44000000000017,418.30400000000014,435.051854504,154,0,0.3620751467724121,-0.4782270320177159,0.4782270320177159,0.3620751467724121,1.4642857142857142,2.071428571428572,2.5,32.24529764273617,10.00401161573638,2.513331128805475,-2.416338874010568,2.230948535260857,-2.707807208919476,7.836563836647012,-0.1608446168429468,2.971847309732629,2.2592762983237704,953.8851353067348,21.43879310982592,14.8114553779692,16.444448539824652,12.752743308167698,7.578995896792942,9.855612118054724,6.221230582074894,8.399971119282888,3.730567932227123,5.414072402778615,2.1128455580549623,3.54351374163482,-2.78,690205.5939907836,21.519292322605008,7.325918985638601,4.204134383579708,162.59031069995737,20.994572059745856,11.735768823996422,10.843243482610037,5.601050810983688,11.814359458703011,16.27347016397548,14.141824241834009,14.083731696315263,8.417796984328938,11.336785877934735,5.15571272675054,20.771211599071872,5.380062770465915,6.041840829147961,37.29827438881211,50.26785898322327,0.0,14.605983116249774,5.15571272675054,38.455944068351485,5.733667477162185,11.073990765314376,0.0,0.0,11.050456081168516,5.131558479839333,0.0,11.336785877934735,68.54635098380861,29.525365011975733,0.0,26.46513959392033,10.535775497216456,0.0,0.0,0.0,201.58,51.4842470947288,22.801408536544404,0.0,15.130702465984026,0.0,11.336785877934735,26.151274369537788,0.0,0.0,15.456479851704078,20.23053332942989,31.44978820569469,0.9796905422586336,44.39737831563419,16.334751159546904,3.256457088644816,-3.375611656986792,-2.3123389733980013,0.0,3.692820624691566,-4.756268639419342,0.4615384615384615,28,5,13,0,1,1,0,1,1,10,4,15,7,0,1,1,2,-1.172499999999998,95.65050000000004,1,0,0,1,0,1,0,0,1,1,3,2,0,0,0,3,1,1,0,0,0,0,0,0,0,0,0,2,0,1,0,0,0,0,0,0,0,0,0,0,0,0,0,0,0,0,0,0,0,0,0,0,0,1,0,0,0,0,0,0,0,0,0,1,0,0,0,0,0,0,0,0,0,0,0,0,0,0,0,0,1,0,0,0,0,562.0,Escherichia coli,Bacteria
116576,,18491306,CHEMBL4187460,Antimicrobial activity against Escherichia coli expressing beta-lactamase SHV-12 by CLSI broth microdilution method,F,BAO_0002146,BAO_0000218,organism-based format,C[C@H]1[C@H](NC(=O)/C(=N\OC(C)(C)C(=O)O)c2csc(N)n2)C(=O)N1S(=O)(=O)O,CHEMBL4184210,Bioorg Med Chem Lett,2018.0,CHEMBL158,AZTREONAM,CHEMBL158,0,http://www.openphacts.org/units/MicrogramPerMilliliter,3069226,>,1,1,>,MIC,ug.mL-1,64.0,CHEMBL354,Escherichia coli,Escherichia coli,562.0,,MIC,ug ml-1,UO_0000274,64.0,CHEMBL158,C[C@H]1[C@H](NC(=O)/C(=N\OC(C)(C)C(=O)O)c2csc(N)n2)C(=O)N1S(=O)(=O)O,12.562141912320484,12.562141912320484,0.0349535856009066,-4.756268639419342,0.174788224513646,20.5,435.44000000000017,418.30400000000014,435.051854504,154,0,0.3620751467724121,-0.4782270320177159,0.4782270320177159,0.3620751467724121,1.4642857142857142,2.071428571428572,2.5,32.24529764273617,10.00401161573638,2.513331128805475,-2.416338874010568,2.230948535260857,-2.707807208919476,7.836563836647012,-0.1608446168429468,2.971847309732629,2.2592762983237704,953.8851353067348,21.43879310982592,14.8114553779692,16.444448539824652,12.752743308167698,7.578995896792942,9.855612118054724,6.221230582074894,8.399971119282888,3.730567932227123,5.414072402778615,2.1128455580549623,3.54351374163482,-2.78,690205.5939907836,21.519292322605008,7.325918985638601,4.204134383579708,162.59031069995737,20.994572059745856,11.735768823996422,10.843243482610037,5.601050810983688,11.814359458703011,16.27347016397548,14.141824241834009,14.083731696315263,8.417796984328938,11.336785877934735,5.15571272675054,20.771211599071872,5.380062770465915,6.041840829147961,37.29827438881211,50.26785898322327,0.0,14.605983116249774,5.15571272675054,38.455944068351485,5.733667477162185,11.073990765314376,0.0,0.0,11.050456081168516,5.131558479839333,0.0,11.336785877934735,68.54635098380861,29.525365011975733,0.0,26.46513959392033,10.535775497216456,0.0,0.0,0.0,201.58,51.4842470947288,22.801408536544404,0.0,15.130702465984026,0.0,11.336785877934735,26.151274369537788,0.0,0.0,15.456479851704078,20.23053332942989,31.44978820569469,0.9796905422586336,44.39737831563419,16.334751159546904,3.256457088644816,-3.375611656986792,-2.3123389733980013,0.0,3.692820624691566,-4.756268639419342,0.4615384615384615,28,5,13,0,1,1,0,1,1,10,4,15,7,0,1,1,2,-1.172499999999998,95.65050000000004,1,0,0,1,0,1,0,0,1,1,3,2,0,0,0,3,1,1,0,0,0,0,0,0,0,0,0,2,0,1,0,0,0,0,0,0,0,0,0,0,0,0,0,0,0,0,0,0,0,0,0,0,0,1,0,0,0,0,0,0,0,0,0,1,0,0,0,0,0,0,0,0,0,0,0,0,0,0,0,0,1,0,0,0,0,562.0,Escherichia coli,Bacteria
116576,,18491306,CHEMBL4187460,Antimicrobial activity against Escherichia coli expressing beta-lactamase SHV-12 by CLSI broth microdilution method,F,BAO_0002146,BAO_0000218,organism-based format,C[C@H]1[C@H](NC(=O)/C(=N\OC(C)(C)C(=O)O)c2csc(N)n2)C(=O)N1S(=O)(=O)O,CHEMBL4184210,Bioorg Med Chem Lett,2018.0,CHEMBL158,AZTREONAM,CHEMBL158,0,http://www.openphacts.org/units/MicrogramPerMilliliter,3069226,>,1,1,>,MIC,ug.mL-1,64.0,CHEMBL354,Escherichia coli,Escherichia coli,562.0,,MIC,ug ml-1,UO_0000274,64.0,CHEMBL158,C[C@H]1[C@H](NC(=O)/C(=N\OC(C)(C)C(=O)O)c2csc(N)n2)C(=O)N1S(=O)(=O)O,12.562141912320484,12.562141912320484,0.0349535856009066,-4.756268639419342,0.174788224513646,20.5,435.44000000000017,418.30400000000014,435.051854504,154,0,0.3620751467724121,-0.4782270320177159,0.4782270320177159,0.3620751467724121,1.4642857142857142,2.071428571428572,2.5,32.24529764273617,10.00401161573638,2.513331128805475,-2.416338874010568,2.230948535260857,-2.707807208919476,7.836563836647012,-0.1608446168429468,2.971847309732629,2.2592762983237704,953.8851353067348,21.43879310982592,14.8114553779692,16.444448539824652,12.752743308167698,7.578995896792942,9.855612118054724,6.221230582074894,8.399971119282888,3.730567932227123,5.414072402778615,2.1128455580549623,3.54351374163482,-2.78,690205.5939907836,21.519292322605008,7.325918985638601,4.204134383579708,162.59031069995737,20.994572059745856,11.735768823996422,10.843243482610037,5.601050810983688,11.814359458703011,16.27347016397548,14.141824241834009,14.083731696315263,8.417796984328938,11.336785877934735,5.15571272675054,20.771211599071872,5.380062770465915,6.041840829147961,37.29827438881211,50.26785898322327,0.0,14.605983116249774,5.15571272675054,38.455944068351485,5.733667477162185,11.073990765314376,0.0,0.0,11.050456081168516,5.131558479839333,0.0,11.336785877934735,68.54635098380861,29.525365011975733,0.0,26.46513959392033,10.535775497216456,0.0,0.0,0.0,201.58,51.4842470947288,22.801408536544404,0.0,15.130702465984026,0.0,11.336785877934735,26.151274369537788,0.0,0.0,15.456479851704078,20.23053332942989,31.44978820569469,0.9796905422586336,44.39737831563419,16.334751159546904,3.256457088644816,-3.375611656986792,-2.3123389733980013,0.0,3.692820624691566,-4.756268639419342,0.4615384615384615,28,5,13,0,1,1,0,1,1,10,4,15,7,0,1,1,2,-1.172499999999998,95.65050000000004,1,0,0,1,0,1,0,0,1,1,3,2,0,0,0,3,1,1,0,0,0,0,0,0,0,0,0,2,0,1,0,0,0,0,0,0,0,0,0,0,0,0,0,0,0,0,0,0,0,0,0,0,0,1,0,0,0,0,0,0,0,0,0,1,0,0,0,0,0,0,0,0,0,0,0,0,0,0,0,0,1,0,0,0,0,562.0,Escherichia coli,Bacteria
116577,,18491357,CHEMBL4187461,Antimicrobial activity against Escherichia coli expressing beta-lactamase SME-1 by CLSI broth microdilution method,F,BAO_0002146,BAO_0000218,organism-based format,C[C@H]1[C@H](NC(=O)/C(=N\OC(C)(C)C(=O)O)c2csc(N)n2)C(=O)N1S(=O)(=O)O,CHEMBL4184210,Bioorg Med Chem Lett,2018.0,CHEMBL158,AZTREONAM,CHEMBL158,0,http://www.openphacts.org/units/MicrogramPerMilliliter,3069226,>,1,1,>,MIC,ug.mL-1,64.0,CHEMBL354,Escherichia coli,Escherichia coli,562.0,,MIC,ug ml-1,UO_0000274,64.0,CHEMBL158,C[C@H]1[C@H](NC(=O)/C(=N\OC(C)(C)C(=O)O)c2csc(N)n2)C(=O)N1S(=O)(=O)O,12.562141912320484,12.562141912320484,0.0349535856009066,-4.756268639419342,0.174788224513646,20.5,435.44000000000017,418.30400000000014,435.051854504,154,0,0.3620751467724121,-0.4782270320177159,0.4782270320177159,0.3620751467724121,1.4642857142857142,2.071428571428572,2.5,32.24529764273617,10.00401161573638,2.513331128805475,-2.416338874010568,2.230948535260857,-2.707807208919476,7.836563836647012,-0.1608446168429468,2.971847309732629,2.2592762983237704,953.8851353067348,21.43879310982592,14.8114553779692,16.444448539824652,12.752743308167698,7.578995896792942,9.855612118054724,6.221230582074894,8.399971119282888,3.730567932227123,5.414072402778615,2.1128455580549623,3.54351374163482,-2.78,690205.5939907836,21.519292322605008,7.325918985638601,4.204134383579708,162.59031069995737,20.994572059745856,11.735768823996422,10.843243482610037,5.601050810983688,11.814359458703011,16.27347016397548,14.141824241834009,14.083731696315263,8.417796984328938,11.336785877934735,5.15571272675054,20.771211599071872,5.380062770465915,6.041840829147961,37.29827438881211,50.26785898322327,0.0,14.605983116249774,5.15571272675054,38.455944068351485,5.733667477162185,11.073990765314376,0.0,0.0,11.050456081168516,5.131558479839333,0.0,11.336785877934735,68.54635098380861,29.525365011975733,0.0,26.46513959392033,10.535775497216456,0.0,0.0,0.0,201.58,51.4842470947288,22.801408536544404,0.0,15.130702465984026,0.0,11.336785877934735,26.151274369537788,0.0,0.0,15.456479851704078,20.23053332942989,31.44978820569469,0.9796905422586336,44.39737831563419,16.334751159546904,3.256457088644816,-3.375611656986792,-2.3123389733980013,0.0,3.692820624691566,-4.756268639419342,0.4615384615384615,28,5,13,0,1,1,0,1,1,10,4,15,7,0,1,1,2,-1.172499999999998,95.65050000000004,1,0,0,1,0,1,0,0,1,1,3,2,0,0,0,3,1,1,0,0,0,0,0,0,0,0,0,2,0,1,0,0,0,0,0,0,0,0,0,0,0,0,0,0,0,0,0,0,0,0,0,0,0,1,0,0,0,0,0,0,0,0,0,1,0,0,0,0,0,0,0,0,0,0,0,0,0,0,0,0,1,0,0,0,0,562.0,Escherichia coli,Bacteria
116577,,18491357,CHEMBL4187461,Antimicrobial activity against Escherichia coli expressing beta-lactamase SME-1 by CLSI broth microdilution method,F,BAO_0002146,BAO_0000218,organism-based format,C[C@H]1[C@H](NC(=O)/C(=N\OC(C)(C)C(=O)O)c2csc(N)n2)C(=O)N1S(=O)(=O)O,CHEMBL4184210,Bioorg Med Chem Lett,2018.0,CHEMBL158,AZTREONAM,CHEMBL158,0,http://www.openphacts.org/units/MicrogramPerMilliliter,3069226,>,1,1,>,MIC,ug.mL-1,64.0,CHEMBL354,Escherichia coli,Escherichia coli,562.0,,MIC,ug ml-1,UO_0000274,64.0,CHEMBL158,C[C@H]1[C@H](NC(=O)/C(=N\OC(C)(C)C(=O)O)c2csc(N)n2)C(=O)N1S(=O)(=O)O,12.562141912320484,12.562141912320484,0.0349535856009066,-4.756268639419342,0.174788224513646,20.5,435.44000000000017,418.30400000000014,435.051854504,154,0,0.3620751467724121,-0.4782270320177159,0.4782270320177159,0.3620751467724121,1.4642857142857142,2.071428571428572,2.5,32.24529764273617,10.00401161573638,2.513331128805475,-2.416338874010568,2.230948535260857,-2.707807208919476,7.836563836647012,-0.1608446168429468,2.971847309732629,2.2592762983237704,953.8851353067348,21.43879310982592,14.8114553779692,16.444448539824652,12.752743308167698,7.578995896792942,9.855612118054724,6.221230582074894,8.399971119282888,3.730567932227123,5.414072402778615,2.1128455580549623,3.54351374163482,-2.78,690205.5939907836,21.519292322605008,7.325918985638601,4.204134383579708,162.59031069995737,20.994572059745856,11.735768823996422,10.843243482610037,5.601050810983688,11.814359458703011,16.27347016397548,14.141824241834009,14.083731696315263,8.417796984328938,11.336785877934735,5.15571272675054,20.771211599071872,5.380062770465915,6.041840829147961,37.29827438881211,50.26785898322327,0.0,14.605983116249774,5.15571272675054,38.455944068351485,5.733667477162185,11.073990765314376,0.0,0.0,11.050456081168516,5.131558479839333,0.0,11.336785877934735,68.54635098380861,29.525365011975733,0.0,26.46513959392033,10.535775497216456,0.0,0.0,0.0,201.58,51.4842470947288,22.801408536544404,0.0,15.130702465984026,0.0,11.336785877934735,26.151274369537788,0.0,0.0,15.456479851704078,20.23053332942989,31.44978820569469,0.9796905422586336,44.39737831563419,16.334751159546904,3.256457088644816,-3.375611656986792,-2.3123389733980013,0.0,3.692820624691566,-4.756268639419342,0.4615384615384615,28,5,13,0,1,1,0,1,1,10,4,15,7,0,1,1,2,-1.172499999999998,95.65050000000004,1,0,0,1,0,1,0,0,1,1,3,2,0,0,0,3,1,1,0,0,0,0,0,0,0,0,0,2,0,1,0,0,0,0,0,0,0,0,0,0,0,0,0,0,0,0,0,0,0,0,0,0,0,1,0,0,0,0,0,0,0,0,0,1,0,0,0,0,0,0,0,0,0,0,0,0,0,0,0,0,1,0,0,0,0,562.0,Escherichia coli,Bacteria
116577,,18491357,CHEMBL4187461,Antimicrobial activity against Escherichia coli expressing beta-lactamase SME-1 by CLSI broth microdilution method,F,BAO_0002146,BAO_0000218,organism-based format,C[C@H]1[C@H](NC(=O)/C(=N\OC(C)(C)C(=O)O)c2csc(N)n2)C(=O)N1S(=O)(=O)O,CHEMBL4184210,Bioorg Med Chem Lett,2018.0,CHEMBL158,AZTREONAM,CHEMBL158,0,http://www.openphacts.org/units/MicrogramPerMilliliter,3069226,>,1,1,>,MIC,ug.mL-1,64.0,CHEMBL354,Escherichia coli,Escherichia coli,562.0,,MIC,ug ml-1,UO_0000274,64.0,CHEMBL158,C[C@H]1[C@H](NC(=O)/C(=N\OC(C)(C)C(=O)O)c2csc(N)n2)C(=O)N1S(=O)(=O)O,12.562141912320484,12.562141912320484,0.0349535856009066,-4.756268639419342,0.174788224513646,20.5,435.44000000000017,418.30400000000014,435.051854504,154,0,0.3620751467724121,-0.4782270320177159,0.4782270320177159,0.3620751467724121,1.4642857142857142,2.071428571428572,2.5,32.24529764273617,10.00401161573638,2.513331128805475,-2.416338874010568,2.230948535260857,-2.707807208919476,7.836563836647012,-0.1608446168429468,2.971847309732629,2.2592762983237704,953.8851353067348,21.43879310982592,14.8114553779692,16.444448539824652,12.752743308167698,7.578995896792942,9.855612118054724,6.221230582074894,8.399971119282888,3.730567932227123,5.414072402778615,2.1128455580549623,3.54351374163482,-2.78,690205.5939907836,21.519292322605008,7.325918985638601,4.204134383579708,162.59031069995737,20.994572059745856,11.735768823996422,10.843243482610037,5.601050810983688,11.814359458703011,16.27347016397548,14.141824241834009,14.083731696315263,8.417796984328938,11.336785877934735,5.15571272675054,20.771211599071872,5.380062770465915,6.041840829147961,37.29827438881211,50.26785898322327,0.0,14.605983116249774,5.15571272675054,38.455944068351485,5.733667477162185,11.073990765314376,0.0,0.0,11.050456081168516,5.131558479839333,0.0,11.336785877934735,68.54635098380861,29.525365011975733,0.0,26.46513959392033,10.535775497216456,0.0,0.0,0.0,201.58,51.4842470947288,22.801408536544404,0.0,15.130702465984026,0.0,11.336785877934735,26.151274369537788,0.0,0.0,15.456479851704078,20.23053332942989,31.44978820569469,0.9796905422586336,44.39737831563419,16.334751159546904,3.256457088644816,-3.375611656986792,-2.3123389733980013,0.0,3.692820624691566,-4.756268639419342,0.4615384615384615,28,5,13,0,1,1,0,1,1,10,4,15,7,0,1,1,2,-1.172499999999998,95.65050000000004,1,0,0,1,0,1,0,0,1,1,3,2,0,0,0,3,1,1,0,0,0,0,0,0,0,0,0,2,0,1,0,0,0,0,0,0,0,0,0,0,0,0,0,0,0,0,0,0,0,0,0,0,0,1,0,0,0,0,0,0,0,0,0,1,0,0,0,0,0,0,0,0,0,0,0,0,0,0,0,0,1,0,0,0,0,562.0,Escherichia coli,Bacteria
116577,,18491357,CHEMBL4187461,Antimicrobial activity against Escherichia coli expressing beta-lactamase SME-1 by CLSI broth microdilution method,F,BAO_0002146,BAO_0000218,organism-based format,C[C@H]1[C@H](NC(=O)/C(=N\OC(C)(C)C(=O)O)c2csc(N)n2)C(=O)N1S(=O)(=O)O,CHEMBL4184210,Bioorg Med Chem Lett,2018.0,CHEMBL158,AZTREONAM,CHEMBL158,0,http://www.openphacts.org/units/MicrogramPerMilliliter,3069226,>,1,1,>,MIC,ug.mL-1,64.0,CHEMBL354,Escherichia coli,Escherichia coli,562.0,,MIC,ug ml-1,UO_0000274,64.0,CHEMBL158,C[C@H]1[C@H](NC(=O)/C(=N\OC(C)(C)C(=O)O)c2csc(N)n2)C(=O)N1S(=O)(=O)O,12.562141912320484,12.562141912320484,0.0349535856009066,-4.756268639419342,0.174788224513646,20.5,435.44000000000017,418.30400000000014,435.051854504,154,0,0.3620751467724121,-0.4782270320177159,0.4782270320177159,0.3620751467724121,1.4642857142857142,2.071428571428572,2.5,32.24529764273617,10.00401161573638,2.513331128805475,-2.416338874010568,2.230948535260857,-2.707807208919476,7.836563836647012,-0.1608446168429468,2.971847309732629,2.2592762983237704,953.8851353067348,21.43879310982592,14.8114553779692,16.444448539824652,12.752743308167698,7.578995896792942,9.855612118054724,6.221230582074894,8.399971119282888,3.730567932227123,5.414072402778615,2.1128455580549623,3.54351374163482,-2.78,690205.5939907836,21.519292322605008,7.325918985638601,4.204134383579708,162.59031069995737,20.994572059745856,11.735768823996422,10.843243482610037,5.601050810983688,11.814359458703011,16.27347016397548,14.141824241834009,14.083731696315263,8.417796984328938,11.336785877934735,5.15571272675054,20.771211599071872,5.380062770465915,6.041840829147961,37.29827438881211,50.26785898322327,0.0,14.605983116249774,5.15571272675054,38.455944068351485,5.733667477162185,11.073990765314376,0.0,0.0,11.050456081168516,5.131558479839333,0.0,11.336785877934735,68.54635098380861,29.525365011975733,0.0,26.46513959392033,10.535775497216456,0.0,0.0,0.0,201.58,51.4842470947288,22.801408536544404,0.0,15.130702465984026,0.0,11.336785877934735,26.151274369537788,0.0,0.0,15.456479851704078,20.23053332942989,31.44978820569469,0.9796905422586336,44.39737831563419,16.334751159546904,3.256457088644816,-3.375611656986792,-2.3123389733980013,0.0,3.692820624691566,-4.756268639419342,0.4615384615384615,28,5,13,0,1,1,0,1,1,10,4,15,7,0,1,1,2,-1.172499999999998,95.65050000000004,1,0,0,1,0,1,0,0,1,1,3,2,0,0,0,3,1,1,0,0,0,0,0,0,0,0,0,2,0,1,0,0,0,0,0,0,0,0,0,0,0,0,0,0,0,0,0,0,0,0,0,0,0,1,0,0,0,0,0,0,0,0,0,1,0,0,0,0,0,0,0,0,0,0,0,0,0,0,0,0,1,0,0,0,0,562.0,Escherichia coli,Bacteria
116578,,18491370,CHEMBL4187462,Antimicrobial activity against Escherichia coli expressing beta-lactamase VEB-1 by CLSI broth microdilution method,F,BAO_0002146,BAO_0000218,organism-based format,C[C@H]1[C@H](NC(=O)/C(=N\OC(C)(C)C(=O)O)c2csc(N)n2)C(=O)N1S(=O)(=O)O,CHEMBL4184210,Bioorg Med Chem Lett,2018.0,CHEMBL158,AZTREONAM,CHEMBL158,0,http://www.openphacts.org/units/MicrogramPerMilliliter,3069226,>,1,1,>,MIC,ug.mL-1,64.0,CHEMBL354,Escherichia coli,Escherichia coli,562.0,,MIC,ug ml-1,UO_0000274,64.0,CHEMBL158,C[C@H]1[C@H](NC(=O)/C(=N\OC(C)(C)C(=O)O)c2csc(N)n2)C(=O)N1S(=O)(=O)O,12.562141912320484,12.562141912320484,0.0349535856009066,-4.756268639419342,0.174788224513646,20.5,435.44000000000017,418.30400000000014,435.051854504,154,0,0.3620751467724121,-0.4782270320177159,0.4782270320177159,0.3620751467724121,1.4642857142857142,2.071428571428572,2.5,32.24529764273617,10.00401161573638,2.513331128805475,-2.416338874010568,2.230948535260857,-2.707807208919476,7.836563836647012,-0.1608446168429468,2.971847309732629,2.2592762983237704,953.8851353067348,21.43879310982592,14.8114553779692,16.444448539824652,12.752743308167698,7.578995896792942,9.855612118054724,6.221230582074894,8.399971119282888,3.730567932227123,5.414072402778615,2.1128455580549623,3.54351374163482,-2.78,690205.5939907836,21.519292322605008,7.325918985638601,4.204134383579708,162.59031069995737,20.994572059745856,11.735768823996422,10.843243482610037,5.601050810983688,11.814359458703011,16.27347016397548,14.141824241834009,14.083731696315263,8.417796984328938,11.336785877934735,5.15571272675054,20.771211599071872,5.380062770465915,6.041840829147961,37.29827438881211,50.26785898322327,0.0,14.605983116249774,5.15571272675054,38.455944068351485,5.733667477162185,11.073990765314376,0.0,0.0,11.050456081168516,5.131558479839333,0.0,11.336785877934735,68.54635098380861,29.525365011975733,0.0,26.46513959392033,10.535775497216456,0.0,0.0,0.0,201.58,51.4842470947288,22.801408536544404,0.0,15.130702465984026,0.0,11.336785877934735,26.151274369537788,0.0,0.0,15.456479851704078,20.23053332942989,31.44978820569469,0.9796905422586336,44.39737831563419,16.334751159546904,3.256457088644816,-3.375611656986792,-2.3123389733980013,0.0,3.692820624691566,-4.756268639419342,0.4615384615384615,28,5,13,0,1,1,0,1,1,10,4,15,7,0,1,1,2,-1.172499999999998,95.65050000000004,1,0,0,1,0,1,0,0,1,1,3,2,0,0,0,3,1,1,0,0,0,0,0,0,0,0,0,2,0,1,0,0,0,0,0,0,0,0,0,0,0,0,0,0,0,0,0,0,0,0,0,0,0,1,0,0,0,0,0,0,0,0,0,1,0,0,0,0,0,0,0,0,0,0,0,0,0,0,0,0,1,0,0,0,0,562.0,Escherichia coli,Bacteria
116578,,18491370,CHEMBL4187462,Antimicrobial activity against Escherichia coli expressing beta-lactamase VEB-1 by CLSI broth microdilution method,F,BAO_0002146,BAO_0000218,organism-based format,C[C@H]1[C@H](NC(=O)/C(=N\OC(C)(C)C(=O)O)c2csc(N)n2)C(=O)N1S(=O)(=O)O,CHEMBL4184210,Bioorg Med Chem Lett,2018.0,CHEMBL158,AZTREONAM,CHEMBL158,0,http://www.openphacts.org/units/MicrogramPerMilliliter,3069226,>,1,1,>,MIC,ug.mL-1,64.0,CHEMBL354,Escherichia coli,Escherichia coli,562.0,,MIC,ug ml-1,UO_0000274,64.0,CHEMBL158,C[C@H]1[C@H](NC(=O)/C(=N\OC(C)(C)C(=O)O)c2csc(N)n2)C(=O)N1S(=O)(=O)O,12.562141912320484,12.562141912320484,0.0349535856009066,-4.756268639419342,0.174788224513646,20.5,435.44000000000017,418.30400000000014,435.051854504,154,0,0.3620751467724121,-0.4782270320177159,0.4782270320177159,0.3620751467724121,1.4642857142857142,2.071428571428572,2.5,32.24529764273617,10.00401161573638,2.513331128805475,-2.416338874010568,2.230948535260857,-2.707807208919476,7.836563836647012,-0.1608446168429468,2.971847309732629,2.2592762983237704,953.8851353067348,21.43879310982592,14.8114553779692,16.444448539824652,12.752743308167698,7.578995896792942,9.855612118054724,6.221230582074894,8.399971119282888,3.730567932227123,5.414072402778615,2.1128455580549623,3.54351374163482,-2.78,690205.5939907836,21.519292322605008,7.325918985638601,4.204134383579708,162.59031069995737,20.994572059745856,11.735768823996422,10.843243482610037,5.601050810983688,11.814359458703011,16.27347016397548,14.141824241834009,14.083731696315263,8.417796984328938,11.336785877934735,5.15571272675054,20.771211599071872,5.380062770465915,6.041840829147961,37.29827438881211,50.26785898322327,0.0,14.605983116249774,5.15571272675054,38.455944068351485,5.733667477162185,11.073990765314376,0.0,0.0,11.050456081168516,5.131558479839333,0.0,11.336785877934735,68.54635098380861,29.525365011975733,0.0,26.46513959392033,10.535775497216456,0.0,0.0,0.0,201.58,51.4842470947288,22.801408536544404,0.0,15.130702465984026,0.0,11.336785877934735,26.151274369537788,0.0,0.0,15.456479851704078,20.23053332942989,31.44978820569469,0.9796905422586336,44.39737831563419,16.334751159546904,3.256457088644816,-3.375611656986792,-2.3123389733980013,0.0,3.692820624691566,-4.756268639419342,0.4615384615384615,28,5,13,0,1,1,0,1,1,10,4,15,7,0,1,1,2,-1.172499999999998,95.65050000000004,1,0,0,1,0,1,0,0,1,1,3,2,0,0,0,3,1,1,0,0,0,0,0,0,0,0,0,2,0,1,0,0,0,0,0,0,0,0,0,0,0,0,0,0,0,0,0,0,0,0,0,0,0,1,0,0,0,0,0,0,0,0,0,1,0,0,0,0,0,0,0,0,0,0,0,0,0,0,0,0,1,0,0,0,0,562.0,Escherichia coli,Bacteria
116578,,18491370,CHEMBL4187462,Antimicrobial activity against Escherichia coli expressing beta-lactamase VEB-1 by CLSI broth microdilution method,F,BAO_0002146,BAO_0000218,organism-based format,C[C@H]1[C@H](NC(=O)/C(=N\OC(C)(C)C(=O)O)c2csc(N)n2)C(=O)N1S(=O)(=O)O,CHEMBL4184210,Bioorg Med Chem Lett,2018.0,CHEMBL158,AZTREONAM,CHEMBL158,0,http://www.openphacts.org/units/MicrogramPerMilliliter,3069226,>,1,1,>,MIC,ug.mL-1,64.0,CHEMBL354,Escherichia coli,Escherichia coli,562.0,,MIC,ug ml-1,UO_0000274,64.0,CHEMBL158,C[C@H]1[C@H](NC(=O)/C(=N\OC(C)(C)C(=O)O)c2csc(N)n2)C(=O)N1S(=O)(=O)O,12.562141912320484,12.562141912320484,0.0349535856009066,-4.756268639419342,0.174788224513646,20.5,435.44000000000017,418.30400000000014,435.051854504,154,0,0.3620751467724121,-0.4782270320177159,0.4782270320177159,0.3620751467724121,1.4642857142857142,2.071428571428572,2.5,32.24529764273617,10.00401161573638,2.513331128805475,-2.416338874010568,2.230948535260857,-2.707807208919476,7.836563836647012,-0.1608446168429468,2.971847309732629,2.2592762983237704,953.8851353067348,21.43879310982592,14.8114553779692,16.444448539824652,12.752743308167698,7.578995896792942,9.855612118054724,6.221230582074894,8.399971119282888,3.730567932227123,5.414072402778615,2.1128455580549623,3.54351374163482,-2.78,690205.5939907836,21.519292322605008,7.325918985638601,4.204134383579708,162.59031069995737,20.994572059745856,11.735768823996422,10.843243482610037,5.601050810983688,11.814359458703011,16.27347016397548,14.141824241834009,14.083731696315263,8.417796984328938,11.336785877934735,5.15571272675054,20.771211599071872,5.380062770465915,6.041840829147961,37.29827438881211,50.26785898322327,0.0,14.605983116249774,5.15571272675054,38.455944068351485,5.733667477162185,11.073990765314376,0.0,0.0,11.050456081168516,5.131558479839333,0.0,11.336785877934735,68.54635098380861,29.525365011975733,0.0,26.46513959392033,10.535775497216456,0.0,0.0,0.0,201.58,51.4842470947288,22.801408536544404,0.0,15.130702465984026,0.0,11.336785877934735,26.151274369537788,0.0,0.0,15.456479851704078,20.23053332942989,31.44978820569469,0.9796905422586336,44.39737831563419,16.334751159546904,3.256457088644816,-3.375611656986792,-2.3123389733980013,0.0,3.692820624691566,-4.756268639419342,0.4615384615384615,28,5,13,0,1,1,0,1,1,10,4,15,7,0,1,1,2,-1.172499999999998,95.65050000000004,1,0,0,1,0,1,0,0,1,1,3,2,0,0,0,3,1,1,0,0,0,0,0,0,0,0,0,2,0,1,0,0,0,0,0,0,0,0,0,0,0,0,0,0,0,0,0,0,0,0,0,0,0,1,0,0,0,0,0,0,0,0,0,1,0,0,0,0,0,0,0,0,0,0,0,0,0,0,0,0,1,0,0,0,0,562.0,Escherichia coli,Bacteria
116578,,18491370,CHEMBL4187462,Antimicrobial activity against Escherichia coli expressing beta-lactamase VEB-1 by CLSI broth microdilution method,F,BAO_0002146,BAO_0000218,organism-based format,C[C@H]1[C@H](NC(=O)/C(=N\OC(C)(C)C(=O)O)c2csc(N)n2)C(=O)N1S(=O)(=O)O,CHEMBL4184210,Bioorg Med Chem Lett,2018.0,CHEMBL158,AZTREONAM,CHEMBL158,0,http://www.openphacts.org/units/MicrogramPerMilliliter,3069226,>,1,1,>,MIC,ug.mL-1,64.0,CHEMBL354,Escherichia coli,Escherichia coli,562.0,,MIC,ug ml-1,UO_0000274,64.0,CHEMBL158,C[C@H]1[C@H](NC(=O)/C(=N\OC(C)(C)C(=O)O)c2csc(N)n2)C(=O)N1S(=O)(=O)O,12.562141912320484,12.562141912320484,0.0349535856009066,-4.756268639419342,0.174788224513646,20.5,435.44000000000017,418.30400000000014,435.051854504,154,0,0.3620751467724121,-0.4782270320177159,0.4782270320177159,0.3620751467724121,1.4642857142857142,2.071428571428572,2.5,32.24529764273617,10.00401161573638,2.513331128805475,-2.416338874010568,2.230948535260857,-2.707807208919476,7.836563836647012,-0.1608446168429468,2.971847309732629,2.2592762983237704,953.8851353067348,21.43879310982592,14.8114553779692,16.444448539824652,12.752743308167698,7.578995896792942,9.855612118054724,6.221230582074894,8.399971119282888,3.730567932227123,5.414072402778615,2.1128455580549623,3.54351374163482,-2.78,690205.5939907836,21.519292322605008,7.325918985638601,4.204134383579708,162.59031069995737,20.994572059745856,11.735768823996422,10.843243482610037,5.601050810983688,11.814359458703011,16.27347016397548,14.141824241834009,14.083731696315263,8.417796984328938,11.336785877934735,5.15571272675054,20.771211599071872,5.380062770465915,6.041840829147961,37.29827438881211,50.26785898322327,0.0,14.605983116249774,5.15571272675054,38.455944068351485,5.733667477162185,11.073990765314376,0.0,0.0,11.050456081168516,5.131558479839333,0.0,11.336785877934735,68.54635098380861,29.525365011975733,0.0,26.46513959392033,10.535775497216456,0.0,0.0,0.0,201.58,51.4842470947288,22.801408536544404,0.0,15.130702465984026,0.0,11.336785877934735,26.151274369537788,0.0,0.0,15.456479851704078,20.23053332942989,31.44978820569469,0.9796905422586336,44.39737831563419,16.334751159546904,3.256457088644816,-3.375611656986792,-2.3123389733980013,0.0,3.692820624691566,-4.756268639419342,0.4615384615384615,28,5,13,0,1,1,0,1,1,10,4,15,7,0,1,1,2,-1.172499999999998,95.65050000000004,1,0,0,1,0,1,0,0,1,1,3,2,0,0,0,3,1,1,0,0,0,0,0,0,0,0,0,2,0,1,0,0,0,0,0,0,0,0,0,0,0,0,0,0,0,0,0,0,0,0,0,0,0,1,0,0,0,0,0,0,0,0,0,1,0,0,0,0,0,0,0,0,0,0,0,0,0,0,0,0,1,0,0,0,0,562.0,Escherichia coli,Bacteria
116579,,18491383,CHEMBL4187463,Antimicrobial activity against Escherichia coli expressing beta-lactamase VEB-4 by CLSI broth microdilution method,F,BAO_0002146,BAO_0000218,organism-based format,C[C@H]1[C@H](NC(=O)/C(=N\OC(C)(C)C(=O)O)c2csc(N)n2)C(=O)N1S(=O)(=O)O,CHEMBL4184210,Bioorg Med Chem Lett,2018.0,CHEMBL158,AZTREONAM,CHEMBL158,0,http://www.openphacts.org/units/MicrogramPerMilliliter,3069226,=,1,1,=,MIC,ug.mL-1,64.0,CHEMBL354,Escherichia coli,Escherichia coli,562.0,,MIC,ug ml-1,UO_0000274,64.0,CHEMBL158,C[C@H]1[C@H](NC(=O)/C(=N\OC(C)(C)C(=O)O)c2csc(N)n2)C(=O)N1S(=O)(=O)O,12.562141912320484,12.562141912320484,0.0349535856009066,-4.756268639419342,0.174788224513646,20.5,435.44000000000017,418.30400000000014,435.051854504,154,0,0.3620751467724121,-0.4782270320177159,0.4782270320177159,0.3620751467724121,1.4642857142857142,2.071428571428572,2.5,32.24529764273617,10.00401161573638,2.513331128805475,-2.416338874010568,2.230948535260857,-2.707807208919476,7.836563836647012,-0.1608446168429468,2.971847309732629,2.2592762983237704,953.8851353067348,21.43879310982592,14.8114553779692,16.444448539824652,12.752743308167698,7.578995896792942,9.855612118054724,6.221230582074894,8.399971119282888,3.730567932227123,5.414072402778615,2.1128455580549623,3.54351374163482,-2.78,690205.5939907836,21.519292322605008,7.325918985638601,4.204134383579708,162.59031069995737,20.994572059745856,11.735768823996422,10.843243482610037,5.601050810983688,11.814359458703011,16.27347016397548,14.141824241834009,14.083731696315263,8.417796984328938,11.336785877934735,5.15571272675054,20.771211599071872,5.380062770465915,6.041840829147961,37.29827438881211,50.26785898322327,0.0,14.605983116249774,5.15571272675054,38.455944068351485,5.733667477162185,11.073990765314376,0.0,0.0,11.050456081168516,5.131558479839333,0.0,11.336785877934735,68.54635098380861,29.525365011975733,0.0,26.46513959392033,10.535775497216456,0.0,0.0,0.0,201.58,51.4842470947288,22.801408536544404,0.0,15.130702465984026,0.0,11.336785877934735,26.151274369537788,0.0,0.0,15.456479851704078,20.23053332942989,31.44978820569469,0.9796905422586336,44.39737831563419,16.334751159546904,3.256457088644816,-3.375611656986792,-2.3123389733980013,0.0,3.692820624691566,-4.756268639419342,0.4615384615384615,28,5,13,0,1,1,0,1,1,10,4,15,7,0,1,1,2,-1.172499999999998,95.65050000000004,1,0,0,1,0,1,0,0,1,1,3,2,0,0,0,3,1,1,0,0,0,0,0,0,0,0,0,2,0,1,0,0,0,0,0,0,0,0,0,0,0,0,0,0,0,0,0,0,0,0,0,0,0,1,0,0,0,0,0,0,0,0,0,1,0,0,0,0,0,0,0,0,0,0,0,0,0,0,0,0,1,0,0,0,0,562.0,Escherichia coli,Bacteria
116579,,18491383,CHEMBL4187463,Antimicrobial activity against Escherichia coli expressing beta-lactamase VEB-4 by CLSI broth microdilution method,F,BAO_0002146,BAO_0000218,organism-based format,C[C@H]1[C@H](NC(=O)/C(=N\OC(C)(C)C(=O)O)c2csc(N)n2)C(=O)N1S(=O)(=O)O,CHEMBL4184210,Bioorg Med Chem Lett,2018.0,CHEMBL158,AZTREONAM,CHEMBL158,0,http://www.openphacts.org/units/MicrogramPerMilliliter,3069226,=,1,1,=,MIC,ug.mL-1,64.0,CHEMBL354,Escherichia coli,Escherichia coli,562.0,,MIC,ug ml-1,UO_0000274,64.0,CHEMBL158,C[C@H]1[C@H](NC(=O)/C(=N\OC(C)(C)C(=O)O)c2csc(N)n2)C(=O)N1S(=O)(=O)O,12.562141912320484,12.562141912320484,0.0349535856009066,-4.756268639419342,0.174788224513646,20.5,435.44000000000017,418.30400000000014,435.051854504,154,0,0.3620751467724121,-0.4782270320177159,0.4782270320177159,0.3620751467724121,1.4642857142857142,2.071428571428572,2.5,32.24529764273617,10.00401161573638,2.513331128805475,-2.416338874010568,2.230948535260857,-2.707807208919476,7.836563836647012,-0.1608446168429468,2.971847309732629,2.2592762983237704,953.8851353067348,21.43879310982592,14.8114553779692,16.444448539824652,12.752743308167698,7.578995896792942,9.855612118054724,6.221230582074894,8.399971119282888,3.730567932227123,5.414072402778615,2.1128455580549623,3.54351374163482,-2.78,690205.5939907836,21.519292322605008,7.325918985638601,4.204134383579708,162.59031069995737,20.994572059745856,11.735768823996422,10.843243482610037,5.601050810983688,11.814359458703011,16.27347016397548,14.141824241834009,14.083731696315263,8.417796984328938,11.336785877934735,5.15571272675054,20.771211599071872,5.380062770465915,6.041840829147961,37.29827438881211,50.26785898322327,0.0,14.605983116249774,5.15571272675054,38.455944068351485,5.733667477162185,11.073990765314376,0.0,0.0,11.050456081168516,5.131558479839333,0.0,11.336785877934735,68.54635098380861,29.525365011975733,0.0,26.46513959392033,10.535775497216456,0.0,0.0,0.0,201.58,51.4842470947288,22.801408536544404,0.0,15.130702465984026,0.0,11.336785877934735,26.151274369537788,0.0,0.0,15.456479851704078,20.23053332942989,31.44978820569469,0.9796905422586336,44.39737831563419,16.334751159546904,3.256457088644816,-3.375611656986792,-2.3123389733980013,0.0,3.692820624691566,-4.756268639419342,0.4615384615384615,28,5,13,0,1,1,0,1,1,10,4,15,7,0,1,1,2,-1.172499999999998,95.65050000000004,1,0,0,1,0,1,0,0,1,1,3,2,0,0,0,3,1,1,0,0,0,0,0,0,0,0,0,2,0,1,0,0,0,0,0,0,0,0,0,0,0,0,0,0,0,0,0,0,0,0,0,0,0,1,0,0,0,0,0,0,0,0,0,1,0,0,0,0,0,0,0,0,0,0,0,0,0,0,0,0,1,0,0,0,0,562.0,Escherichia coli,Bacteria
116579,,18491383,CHEMBL4187463,Antimicrobial activity against Escherichia coli expressing beta-lactamase VEB-4 by CLSI broth microdilution method,F,BAO_0002146,BAO_0000218,organism-based format,C[C@H]1[C@H](NC(=O)/C(=N\OC(C)(C)C(=O)O)c2csc(N)n2)C(=O)N1S(=O)(=O)O,CHEMBL4184210,Bioorg Med Chem Lett,2018.0,CHEMBL158,AZTREONAM,CHEMBL158,0,http://www.openphacts.org/units/MicrogramPerMilliliter,3069226,=,1,1,=,MIC,ug.mL-1,64.0,CHEMBL354,Escherichia coli,Escherichia coli,562.0,,MIC,ug ml-1,UO_0000274,64.0,CHEMBL158,C[C@H]1[C@H](NC(=O)/C(=N\OC(C)(C)C(=O)O)c2csc(N)n2)C(=O)N1S(=O)(=O)O,12.562141912320484,12.562141912320484,0.0349535856009066,-4.756268639419342,0.174788224513646,20.5,435.44000000000017,418.30400000000014,435.051854504,154,0,0.3620751467724121,-0.4782270320177159,0.4782270320177159,0.3620751467724121,1.4642857142857142,2.071428571428572,2.5,32.24529764273617,10.00401161573638,2.513331128805475,-2.416338874010568,2.230948535260857,-2.707807208919476,7.836563836647012,-0.1608446168429468,2.971847309732629,2.2592762983237704,953.8851353067348,21.43879310982592,14.8114553779692,16.444448539824652,12.752743308167698,7.578995896792942,9.855612118054724,6.221230582074894,8.399971119282888,3.730567932227123,5.414072402778615,2.1128455580549623,3.54351374163482,-2.78,690205.5939907836,21.519292322605008,7.325918985638601,4.204134383579708,162.59031069995737,20.994572059745856,11.735768823996422,10.843243482610037,5.601050810983688,11.814359458703011,16.27347016397548,14.141824241834009,14.083731696315263,8.417796984328938,11.336785877934735,5.15571272675054,20.771211599071872,5.380062770465915,6.041840829147961,37.29827438881211,50.26785898322327,0.0,14.605983116249774,5.15571272675054,38.455944068351485,5.733667477162185,11.073990765314376,0.0,0.0,11.050456081168516,5.131558479839333,0.0,11.336785877934735,68.54635098380861,29.525365011975733,0.0,26.46513959392033,10.535775497216456,0.0,0.0,0.0,201.58,51.4842470947288,22.801408536544404,0.0,15.130702465984026,0.0,11.336785877934735,26.151274369537788,0.0,0.0,15.456479851704078,20.23053332942989,31.44978820569469,0.9796905422586336,44.39737831563419,16.334751159546904,3.256457088644816,-3.375611656986792,-2.3123389733980013,0.0,3.692820624691566,-4.756268639419342,0.4615384615384615,28,5,13,0,1,1,0,1,1,10,4,15,7,0,1,1,2,-1.172499999999998,95.65050000000004,1,0,0,1,0,1,0,0,1,1,3,2,0,0,0,3,1,1,0,0,0,0,0,0,0,0,0,2,0,1,0,0,0,0,0,0,0,0,0,0,0,0,0,0,0,0,0,0,0,0,0,0,0,1,0,0,0,0,0,0,0,0,0,1,0,0,0,0,0,0,0,0,0,0,0,0,0,0,0,0,1,0,0,0,0,562.0,Escherichia coli,Bacteria
116579,,18491383,CHEMBL4187463,Antimicrobial activity against Escherichia coli expressing beta-lactamase VEB-4 by CLSI broth microdilution method,F,BAO_0002146,BAO_0000218,organism-based format,C[C@H]1[C@H](NC(=O)/C(=N\OC(C)(C)C(=O)O)c2csc(N)n2)C(=O)N1S(=O)(=O)O,CHEMBL4184210,Bioorg Med Chem Lett,2018.0,CHEMBL158,AZTREONAM,CHEMBL158,0,http://www.openphacts.org/units/MicrogramPerMilliliter,3069226,=,1,1,=,MIC,ug.mL-1,64.0,CHEMBL354,Escherichia coli,Escherichia coli,562.0,,MIC,ug ml-1,UO_0000274,64.0,CHEMBL158,C[C@H]1[C@H](NC(=O)/C(=N\OC(C)(C)C(=O)O)c2csc(N)n2)C(=O)N1S(=O)(=O)O,12.562141912320484,12.562141912320484,0.0349535856009066,-4.756268639419342,0.174788224513646,20.5,435.44000000000017,418.30400000000014,435.051854504,154,0,0.3620751467724121,-0.4782270320177159,0.4782270320177159,0.3620751467724121,1.4642857142857142,2.071428571428572,2.5,32.24529764273617,10.00401161573638,2.513331128805475,-2.416338874010568,2.230948535260857,-2.707807208919476,7.836563836647012,-0.1608446168429468,2.971847309732629,2.2592762983237704,953.8851353067348,21.43879310982592,14.8114553779692,16.444448539824652,12.752743308167698,7.578995896792942,9.855612118054724,6.221230582074894,8.399971119282888,3.730567932227123,5.414072402778615,2.1128455580549623,3.54351374163482,-2.78,690205.5939907836,21.519292322605008,7.325918985638601,4.204134383579708,162.59031069995737,20.994572059745856,11.735768823996422,10.843243482610037,5.601050810983688,11.814359458703011,16.27347016397548,14.141824241834009,14.083731696315263,8.417796984328938,11.336785877934735,5.15571272675054,20.771211599071872,5.380062770465915,6.041840829147961,37.29827438881211,50.26785898322327,0.0,14.605983116249774,5.15571272675054,38.455944068351485,5.733667477162185,11.073990765314376,0.0,0.0,11.050456081168516,5.131558479839333,0.0,11.336785877934735,68.54635098380861,29.525365011975733,0.0,26.46513959392033,10.535775497216456,0.0,0.0,0.0,201.58,51.4842470947288,22.801408536544404,0.0,15.130702465984026,0.0,11.336785877934735,26.151274369537788,0.0,0.0,15.456479851704078,20.23053332942989,31.44978820569469,0.9796905422586336,44.39737831563419,16.334751159546904,3.256457088644816,-3.375611656986792,-2.3123389733980013,0.0,3.692820624691566,-4.756268639419342,0.4615384615384615,28,5,13,0,1,1,0,1,1,10,4,15,7,0,1,1,2,-1.172499999999998,95.65050000000004,1,0,0,1,0,1,0,0,1,1,3,2,0,0,0,3,1,1,0,0,0,0,0,0,0,0,0,2,0,1,0,0,0,0,0,0,0,0,0,0,0,0,0,0,0,0,0,0,0,0,0,0,0,1,0,0,0,0,0,0,0,0,0,1,0,0,0,0,0,0,0,0,0,0,0,0,0,0,0,0,1,0,0,0,0,562.0,Escherichia coli,Bacteria
116580,,18491396,CHEMBL4187464,Antimicrobial activity against Escherichia coli expressing beta-lactamase VEB-7 by CLSI broth microdilution method,F,BAO_0002146,BAO_0000218,organism-based format,C[C@H]1[C@H](NC(=O)/C(=N\OC(C)(C)C(=O)O)c2csc(N)n2)C(=O)N1S(=O)(=O)O,CHEMBL4184210,Bioorg Med Chem Lett,2018.0,CHEMBL158,AZTREONAM,CHEMBL158,0,http://www.openphacts.org/units/MicrogramPerMilliliter,3069226,>,1,1,>,MIC,ug.mL-1,64.0,CHEMBL354,Escherichia coli,Escherichia coli,562.0,,MIC,ug ml-1,UO_0000274,64.0,CHEMBL158,C[C@H]1[C@H](NC(=O)/C(=N\OC(C)(C)C(=O)O)c2csc(N)n2)C(=O)N1S(=O)(=O)O,12.562141912320484,12.562141912320484,0.0349535856009066,-4.756268639419342,0.174788224513646,20.5,435.44000000000017,418.30400000000014,435.051854504,154,0,0.3620751467724121,-0.4782270320177159,0.4782270320177159,0.3620751467724121,1.4642857142857142,2.071428571428572,2.5,32.24529764273617,10.00401161573638,2.513331128805475,-2.416338874010568,2.230948535260857,-2.707807208919476,7.836563836647012,-0.1608446168429468,2.971847309732629,2.2592762983237704,953.8851353067348,21.43879310982592,14.8114553779692,16.444448539824652,12.752743308167698,7.578995896792942,9.855612118054724,6.221230582074894,8.399971119282888,3.730567932227123,5.414072402778615,2.1128455580549623,3.54351374163482,-2.78,690205.5939907836,21.519292322605008,7.325918985638601,4.204134383579708,162.59031069995737,20.994572059745856,11.735768823996422,10.843243482610037,5.601050810983688,11.814359458703011,16.27347016397548,14.141824241834009,14.083731696315263,8.417796984328938,11.336785877934735,5.15571272675054,20.771211599071872,5.380062770465915,6.041840829147961,37.29827438881211,50.26785898322327,0.0,14.605983116249774,5.15571272675054,38.455944068351485,5.733667477162185,11.073990765314376,0.0,0.0,11.050456081168516,5.131558479839333,0.0,11.336785877934735,68.54635098380861,29.525365011975733,0.0,26.46513959392033,10.535775497216456,0.0,0.0,0.0,201.58,51.4842470947288,22.801408536544404,0.0,15.130702465984026,0.0,11.336785877934735,26.151274369537788,0.0,0.0,15.456479851704078,20.23053332942989,31.44978820569469,0.9796905422586336,44.39737831563419,16.334751159546904,3.256457088644816,-3.375611656986792,-2.3123389733980013,0.0,3.692820624691566,-4.756268639419342,0.4615384615384615,28,5,13,0,1,1,0,1,1,10,4,15,7,0,1,1,2,-1.172499999999998,95.65050000000004,1,0,0,1,0,1,0,0,1,1,3,2,0,0,0,3,1,1,0,0,0,0,0,0,0,0,0,2,0,1,0,0,0,0,0,0,0,0,0,0,0,0,0,0,0,0,0,0,0,0,0,0,0,1,0,0,0,0,0,0,0,0,0,1,0,0,0,0,0,0,0,0,0,0,0,0,0,0,0,0,1,0,0,0,0,562.0,Escherichia coli,Bacteria
116580,,18491396,CHEMBL4187464,Antimicrobial activity against Escherichia coli expressing beta-lactamase VEB-7 by CLSI broth microdilution method,F,BAO_0002146,BAO_0000218,organism-based format,C[C@H]1[C@H](NC(=O)/C(=N\OC(C)(C)C(=O)O)c2csc(N)n2)C(=O)N1S(=O)(=O)O,CHEMBL4184210,Bioorg Med Chem Lett,2018.0,CHEMBL158,AZTREONAM,CHEMBL158,0,http://www.openphacts.org/units/MicrogramPerMilliliter,3069226,>,1,1,>,MIC,ug.mL-1,64.0,CHEMBL354,Escherichia coli,Escherichia coli,562.0,,MIC,ug ml-1,UO_0000274,64.0,CHEMBL158,C[C@H]1[C@H](NC(=O)/C(=N\OC(C)(C)C(=O)O)c2csc(N)n2)C(=O)N1S(=O)(=O)O,12.562141912320484,12.562141912320484,0.0349535856009066,-4.756268639419342,0.174788224513646,20.5,435.44000000000017,418.30400000000014,435.051854504,154,0,0.3620751467724121,-0.4782270320177159,0.4782270320177159,0.3620751467724121,1.4642857142857142,2.071428571428572,2.5,32.24529764273617,10.00401161573638,2.513331128805475,-2.416338874010568,2.230948535260857,-2.707807208919476,7.836563836647012,-0.1608446168429468,2.971847309732629,2.2592762983237704,953.8851353067348,21.43879310982592,14.8114553779692,16.444448539824652,12.752743308167698,7.578995896792942,9.855612118054724,6.221230582074894,8.399971119282888,3.730567932227123,5.414072402778615,2.1128455580549623,3.54351374163482,-2.78,690205.5939907836,21.519292322605008,7.325918985638601,4.204134383579708,162.59031069995737,20.994572059745856,11.735768823996422,10.843243482610037,5.601050810983688,11.814359458703011,16.27347016397548,14.141824241834009,14.083731696315263,8.417796984328938,11.336785877934735,5.15571272675054,20.771211599071872,5.380062770465915,6.041840829147961,37.29827438881211,50.26785898322327,0.0,14.605983116249774,5.15571272675054,38.455944068351485,5.733667477162185,11.073990765314376,0.0,0.0,11.050456081168516,5.131558479839333,0.0,11.336785877934735,68.54635098380861,29.525365011975733,0.0,26.46513959392033,10.535775497216456,0.0,0.0,0.0,201.58,51.4842470947288,22.801408536544404,0.0,15.130702465984026,0.0,11.336785877934735,26.151274369537788,0.0,0.0,15.456479851704078,20.23053332942989,31.44978820569469,0.9796905422586336,44.39737831563419,16.334751159546904,3.256457088644816,-3.375611656986792,-2.3123389733980013,0.0,3.692820624691566,-4.756268639419342,0.4615384615384615,28,5,13,0,1,1,0,1,1,10,4,15,7,0,1,1,2,-1.172499999999998,95.65050000000004,1,0,0,1,0,1,0,0,1,1,3,2,0,0,0,3,1,1,0,0,0,0,0,0,0,0,0,2,0,1,0,0,0,0,0,0,0,0,0,0,0,0,0,0,0,0,0,0,0,0,0,0,0,1,0,0,0,0,0,0,0,0,0,1,0,0,0,0,0,0,0,0,0,0,0,0,0,0,0,0,1,0,0,0,0,562.0,Escherichia coli,Bacteria
116580,,18491396,CHEMBL4187464,Antimicrobial activity against Escherichia coli expressing beta-lactamase VEB-7 by CLSI broth microdilution method,F,BAO_0002146,BAO_0000218,organism-based format,C[C@H]1[C@H](NC(=O)/C(=N\OC(C)(C)C(=O)O)c2csc(N)n2)C(=O)N1S(=O)(=O)O,CHEMBL4184210,Bioorg Med Chem Lett,2018.0,CHEMBL158,AZTREONAM,CHEMBL158,0,http://www.openphacts.org/units/MicrogramPerMilliliter,3069226,>,1,1,>,MIC,ug.mL-1,64.0,CHEMBL354,Escherichia coli,Escherichia coli,562.0,,MIC,ug ml-1,UO_0000274,64.0,CHEMBL158,C[C@H]1[C@H](NC(=O)/C(=N\OC(C)(C)C(=O)O)c2csc(N)n2)C(=O)N1S(=O)(=O)O,12.562141912320484,12.562141912320484,0.0349535856009066,-4.756268639419342,0.174788224513646,20.5,435.44000000000017,418.30400000000014,435.051854504,154,0,0.3620751467724121,-0.4782270320177159,0.4782270320177159,0.3620751467724121,1.4642857142857142,2.071428571428572,2.5,32.24529764273617,10.00401161573638,2.513331128805475,-2.416338874010568,2.230948535260857,-2.707807208919476,7.836563836647012,-0.1608446168429468,2.971847309732629,2.2592762983237704,953.8851353067348,21.43879310982592,14.8114553779692,16.444448539824652,12.752743308167698,7.578995896792942,9.855612118054724,6.221230582074894,8.399971119282888,3.730567932227123,5.414072402778615,2.1128455580549623,3.54351374163482,-2.78,690205.5939907836,21.519292322605008,7.325918985638601,4.204134383579708,162.59031069995737,20.994572059745856,11.735768823996422,10.843243482610037,5.601050810983688,11.814359458703011,16.27347016397548,14.141824241834009,14.083731696315263,8.417796984328938,11.336785877934735,5.15571272675054,20.771211599071872,5.380062770465915,6.041840829147961,37.29827438881211,50.26785898322327,0.0,14.605983116249774,5.15571272675054,38.455944068351485,5.733667477162185,11.073990765314376,0.0,0.0,11.050456081168516,5.131558479839333,0.0,11.336785877934735,68.54635098380861,29.525365011975733,0.0,26.46513959392033,10.535775497216456,0.0,0.0,0.0,201.58,51.4842470947288,22.801408536544404,0.0,15.130702465984026,0.0,11.336785877934735,26.151274369537788,0.0,0.0,15.456479851704078,20.23053332942989,31.44978820569469,0.9796905422586336,44.39737831563419,16.334751159546904,3.256457088644816,-3.375611656986792,-2.3123389733980013,0.0,3.692820624691566,-4.756268639419342,0.4615384615384615,28,5,13,0,1,1,0,1,1,10,4,15,7,0,1,1,2,-1.172499999999998,95.65050000000004,1,0,0,1,0,1,0,0,1,1,3,2,0,0,0,3,1,1,0,0,0,0,0,0,0,0,0,2,0,1,0,0,0,0,0,0,0,0,0,0,0,0,0,0,0,0,0,0,0,0,0,0,0,1,0,0,0,0,0,0,0,0,0,1,0,0,0,0,0,0,0,0,0,0,0,0,0,0,0,0,1,0,0,0,0,562.0,Escherichia coli,Bacteria
116580,,18491396,CHEMBL4187464,Antimicrobial activity against Escherichia coli expressing beta-lactamase VEB-7 by CLSI broth microdilution method,F,BAO_0002146,BAO_0000218,organism-based format,C[C@H]1[C@H](NC(=O)/C(=N\OC(C)(C)C(=O)O)c2csc(N)n2)C(=O)N1S(=O)(=O)O,CHEMBL4184210,Bioorg Med Chem Lett,2018.0,CHEMBL158,AZTREONAM,CHEMBL158,0,http://www.openphacts.org/units/MicrogramPerMilliliter,3069226,>,1,1,>,MIC,ug.mL-1,64.0,CHEMBL354,Escherichia coli,Escherichia coli,562.0,,MIC,ug ml-1,UO_0000274,64.0,CHEMBL158,C[C@H]1[C@H](NC(=O)/C(=N\OC(C)(C)C(=O)O)c2csc(N)n2)C(=O)N1S(=O)(=O)O,12.562141912320484,12.562141912320484,0.0349535856009066,-4.756268639419342,0.174788224513646,20.5,435.44000000000017,418.30400000000014,435.051854504,154,0,0.3620751467724121,-0.4782270320177159,0.4782270320177159,0.3620751467724121,1.4642857142857142,2.071428571428572,2.5,32.24529764273617,10.00401161573638,2.513331128805475,-2.416338874010568,2.230948535260857,-2.707807208919476,7.836563836647012,-0.1608446168429468,2.971847309732629,2.2592762983237704,953.8851353067348,21.43879310982592,14.8114553779692,16.444448539824652,12.752743308167698,7.578995896792942,9.855612118054724,6.221230582074894,8.399971119282888,3.730567932227123,5.414072402778615,2.1128455580549623,3.54351374163482,-2.78,690205.5939907836,21.519292322605008,7.325918985638601,4.204134383579708,162.59031069995737,20.994572059745856,11.735768823996422,10.843243482610037,5.601050810983688,11.814359458703011,16.27347016397548,14.141824241834009,14.083731696315263,8.417796984328938,11.336785877934735,5.15571272675054,20.771211599071872,5.380062770465915,6.041840829147961,37.29827438881211,50.26785898322327,0.0,14.605983116249774,5.15571272675054,38.455944068351485,5.733667477162185,11.073990765314376,0.0,0.0,11.050456081168516,5.131558479839333,0.0,11.336785877934735,68.54635098380861,29.525365011975733,0.0,26.46513959392033,10.535775497216456,0.0,0.0,0.0,201.58,51.4842470947288,22.801408536544404,0.0,15.130702465984026,0.0,11.336785877934735,26.151274369537788,0.0,0.0,15.456479851704078,20.23053332942989,31.44978820569469,0.9796905422586336,44.39737831563419,16.334751159546904,3.256457088644816,-3.375611656986792,-2.3123389733980013,0.0,3.692820624691566,-4.756268639419342,0.4615384615384615,28,5,13,0,1,1,0,1,1,10,4,15,7,0,1,1,2,-1.172499999999998,95.65050000000004,1,0,0,1,0,1,0,0,1,1,3,2,0,0,0,3,1,1,0,0,0,0,0,0,0,0,0,2,0,1,0,0,0,0,0,0,0,0,0,0,0,0,0,0,0,0,0,0,0,0,0,0,0,1,0,0,0,0,0,0,0,0,0,1,0,0,0,0,0,0,0,0,0,0,0,0,0,0,0,0,1,0,0,0,0,562.0,Escherichia coli,Bacteria
116581,,18491409,CHEMBL4187465,Antimicrobial activity against Escherichia coli expressing beta-lactamase TEM-1 by CLSI broth microdilution method,F,BAO_0002146,BAO_0000218,organism-based format,C[C@H]1[C@H](NC(=O)/C(=N\OC(C)(C)C(=O)O)c2csc(N)n2)C(=O)N1S(=O)(=O)O,CHEMBL4184210,Bioorg Med Chem Lett,2018.0,CHEMBL158,AZTREONAM,CHEMBL158,0,http://www.openphacts.org/units/MicrogramPerMilliliter,3069226,=,1,1,=,MIC,ug.mL-1,0.125,CHEMBL354,Escherichia coli,Escherichia coli,562.0,,MIC,ug ml-1,UO_0000274,0.125,CHEMBL158,C[C@H]1[C@H](NC(=O)/C(=N\OC(C)(C)C(=O)O)c2csc(N)n2)C(=O)N1S(=O)(=O)O,12.562141912320484,12.562141912320484,0.0349535856009066,-4.756268639419342,0.174788224513646,20.5,435.44000000000017,418.30400000000014,435.051854504,154,0,0.3620751467724121,-0.4782270320177159,0.4782270320177159,0.3620751467724121,1.4642857142857142,2.071428571428572,2.5,32.24529764273617,10.00401161573638,2.513331128805475,-2.416338874010568,2.230948535260857,-2.707807208919476,7.836563836647012,-0.1608446168429468,2.971847309732629,2.2592762983237704,953.8851353067348,21.43879310982592,14.8114553779692,16.444448539824652,12.752743308167698,7.578995896792942,9.855612118054724,6.221230582074894,8.399971119282888,3.730567932227123,5.414072402778615,2.1128455580549623,3.54351374163482,-2.78,690205.5939907836,21.519292322605008,7.325918985638601,4.204134383579708,162.59031069995737,20.994572059745856,11.735768823996422,10.843243482610037,5.601050810983688,11.814359458703011,16.27347016397548,14.141824241834009,14.083731696315263,8.417796984328938,11.336785877934735,5.15571272675054,20.771211599071872,5.380062770465915,6.041840829147961,37.29827438881211,50.26785898322327,0.0,14.605983116249774,5.15571272675054,38.455944068351485,5.733667477162185,11.073990765314376,0.0,0.0,11.050456081168516,5.131558479839333,0.0,11.336785877934735,68.54635098380861,29.525365011975733,0.0,26.46513959392033,10.535775497216456,0.0,0.0,0.0,201.58,51.4842470947288,22.801408536544404,0.0,15.130702465984026,0.0,11.336785877934735,26.151274369537788,0.0,0.0,15.456479851704078,20.23053332942989,31.44978820569469,0.9796905422586336,44.39737831563419,16.334751159546904,3.256457088644816,-3.375611656986792,-2.3123389733980013,0.0,3.692820624691566,-4.756268639419342,0.4615384615384615,28,5,13,0,1,1,0,1,1,10,4,15,7,0,1,1,2,-1.172499999999998,95.65050000000004,1,0,0,1,0,1,0,0,1,1,3,2,0,0,0,3,1,1,0,0,0,0,0,0,0,0,0,2,0,1,0,0,0,0,0,0,0,0,0,0,0,0,0,0,0,0,0,0,0,0,0,0,0,1,0,0,0,0,0,0,0,0,0,1,0,0,0,0,0,0,0,0,0,0,0,0,0,0,0,0,1,0,0,0,0,562.0,Escherichia coli,Bacteria
116581,,18491409,CHEMBL4187465,Antimicrobial activity against Escherichia coli expressing beta-lactamase TEM-1 by CLSI broth microdilution method,F,BAO_0002146,BAO_0000218,organism-based format,C[C@H]1[C@H](NC(=O)/C(=N\OC(C)(C)C(=O)O)c2csc(N)n2)C(=O)N1S(=O)(=O)O,CHEMBL4184210,Bioorg Med Chem Lett,2018.0,CHEMBL158,AZTREONAM,CHEMBL158,0,http://www.openphacts.org/units/MicrogramPerMilliliter,3069226,=,1,1,=,MIC,ug.mL-1,0.125,CHEMBL354,Escherichia coli,Escherichia coli,562.0,,MIC,ug ml-1,UO_0000274,0.125,CHEMBL158,C[C@H]1[C@H](NC(=O)/C(=N\OC(C)(C)C(=O)O)c2csc(N)n2)C(=O)N1S(=O)(=O)O,12.562141912320484,12.562141912320484,0.0349535856009066,-4.756268639419342,0.174788224513646,20.5,435.44000000000017,418.30400000000014,435.051854504,154,0,0.3620751467724121,-0.4782270320177159,0.4782270320177159,0.3620751467724121,1.4642857142857142,2.071428571428572,2.5,32.24529764273617,10.00401161573638,2.513331128805475,-2.416338874010568,2.230948535260857,-2.707807208919476,7.836563836647012,-0.1608446168429468,2.971847309732629,2.2592762983237704,953.8851353067348,21.43879310982592,14.8114553779692,16.444448539824652,12.752743308167698,7.578995896792942,9.855612118054724,6.221230582074894,8.399971119282888,3.730567932227123,5.414072402778615,2.1128455580549623,3.54351374163482,-2.78,690205.5939907836,21.519292322605008,7.325918985638601,4.204134383579708,162.59031069995737,20.994572059745856,11.735768823996422,10.843243482610037,5.601050810983688,11.814359458703011,16.27347016397548,14.141824241834009,14.083731696315263,8.417796984328938,11.336785877934735,5.15571272675054,20.771211599071872,5.380062770465915,6.041840829147961,37.29827438881211,50.26785898322327,0.0,14.605983116249774,5.15571272675054,38.455944068351485,5.733667477162185,11.073990765314376,0.0,0.0,11.050456081168516,5.131558479839333,0.0,11.336785877934735,68.54635098380861,29.525365011975733,0.0,26.46513959392033,10.535775497216456,0.0,0.0,0.0,201.58,51.4842470947288,22.801408536544404,0.0,15.130702465984026,0.0,11.336785877934735,26.151274369537788,0.0,0.0,15.456479851704078,20.23053332942989,31.44978820569469,0.9796905422586336,44.39737831563419,16.334751159546904,3.256457088644816,-3.375611656986792,-2.3123389733980013,0.0,3.692820624691566,-4.756268639419342,0.4615384615384615,28,5,13,0,1,1,0,1,1,10,4,15,7,0,1,1,2,-1.172499999999998,95.65050000000004,1,0,0,1,0,1,0,0,1,1,3,2,0,0,0,3,1,1,0,0,0,0,0,0,0,0,0,2,0,1,0,0,0,0,0,0,0,0,0,0,0,0,0,0,0,0,0,0,0,0,0,0,0,1,0,0,0,0,0,0,0,0,0,1,0,0,0,0,0,0,0,0,0,0,0,0,0,0,0,0,1,0,0,0,0,562.0,Escherichia coli,Bacteria
116581,,18491409,CHEMBL4187465,Antimicrobial activity against Escherichia coli expressing beta-lactamase TEM-1 by CLSI broth microdilution method,F,BAO_0002146,BAO_0000218,organism-based format,C[C@H]1[C@H](NC(=O)/C(=N\OC(C)(C)C(=O)O)c2csc(N)n2)C(=O)N1S(=O)(=O)O,CHEMBL4184210,Bioorg Med Chem Lett,2018.0,CHEMBL158,AZTREONAM,CHEMBL158,0,http://www.openphacts.org/units/MicrogramPerMilliliter,3069226,=,1,1,=,MIC,ug.mL-1,0.125,CHEMBL354,Escherichia coli,Escherichia coli,562.0,,MIC,ug ml-1,UO_0000274,0.125,CHEMBL158,C[C@H]1[C@H](NC(=O)/C(=N\OC(C)(C)C(=O)O)c2csc(N)n2)C(=O)N1S(=O)(=O)O,12.562141912320484,12.562141912320484,0.0349535856009066,-4.756268639419342,0.174788224513646,20.5,435.44000000000017,418.30400000000014,435.051854504,154,0,0.3620751467724121,-0.4782270320177159,0.4782270320177159,0.3620751467724121,1.4642857142857142,2.071428571428572,2.5,32.24529764273617,10.00401161573638,2.513331128805475,-2.416338874010568,2.230948535260857,-2.707807208919476,7.836563836647012,-0.1608446168429468,2.971847309732629,2.2592762983237704,953.8851353067348,21.43879310982592,14.8114553779692,16.444448539824652,12.752743308167698,7.578995896792942,9.855612118054724,6.221230582074894,8.399971119282888,3.730567932227123,5.414072402778615,2.1128455580549623,3.54351374163482,-2.78,690205.5939907836,21.519292322605008,7.325918985638601,4.204134383579708,162.59031069995737,20.994572059745856,11.735768823996422,10.843243482610037,5.601050810983688,11.814359458703011,16.27347016397548,14.141824241834009,14.083731696315263,8.417796984328938,11.336785877934735,5.15571272675054,20.771211599071872,5.380062770465915,6.041840829147961,37.29827438881211,50.26785898322327,0.0,14.605983116249774,5.15571272675054,38.455944068351485,5.733667477162185,11.073990765314376,0.0,0.0,11.050456081168516,5.131558479839333,0.0,11.336785877934735,68.54635098380861,29.525365011975733,0.0,26.46513959392033,10.535775497216456,0.0,0.0,0.0,201.58,51.4842470947288,22.801408536544404,0.0,15.130702465984026,0.0,11.336785877934735,26.151274369537788,0.0,0.0,15.456479851704078,20.23053332942989,31.44978820569469,0.9796905422586336,44.39737831563419,16.334751159546904,3.256457088644816,-3.375611656986792,-2.3123389733980013,0.0,3.692820624691566,-4.756268639419342,0.4615384615384615,28,5,13,0,1,1,0,1,1,10,4,15,7,0,1,1,2,-1.172499999999998,95.65050000000004,1,0,0,1,0,1,0,0,1,1,3,2,0,0,0,3,1,1,0,0,0,0,0,0,0,0,0,2,0,1,0,0,0,0,0,0,0,0,0,0,0,0,0,0,0,0,0,0,0,0,0,0,0,1,0,0,0,0,0,0,0,0,0,1,0,0,0,0,0,0,0,0,0,0,0,0,0,0,0,0,1,0,0,0,0,562.0,Escherichia coli,Bacteria
116581,,18491409,CHEMBL4187465,Antimicrobial activity against Escherichia coli expressing beta-lactamase TEM-1 by CLSI broth microdilution method,F,BAO_0002146,BAO_0000218,organism-based format,C[C@H]1[C@H](NC(=O)/C(=N\OC(C)(C)C(=O)O)c2csc(N)n2)C(=O)N1S(=O)(=O)O,CHEMBL4184210,Bioorg Med Chem Lett,2018.0,CHEMBL158,AZTREONAM,CHEMBL158,0,http://www.openphacts.org/units/MicrogramPerMilliliter,3069226,=,1,1,=,MIC,ug.mL-1,0.125,CHEMBL354,Escherichia coli,Escherichia coli,562.0,,MIC,ug ml-1,UO_0000274,0.125,CHEMBL158,C[C@H]1[C@H](NC(=O)/C(=N\OC(C)(C)C(=O)O)c2csc(N)n2)C(=O)N1S(=O)(=O)O,12.562141912320484,12.562141912320484,0.0349535856009066,-4.756268639419342,0.174788224513646,20.5,435.44000000000017,418.30400000000014,435.051854504,154,0,0.3620751467724121,-0.4782270320177159,0.4782270320177159,0.3620751467724121,1.4642857142857142,2.071428571428572,2.5,32.24529764273617,10.00401161573638,2.513331128805475,-2.416338874010568,2.230948535260857,-2.707807208919476,7.836563836647012,-0.1608446168429468,2.971847309732629,2.2592762983237704,953.8851353067348,21.43879310982592,14.8114553779692,16.444448539824652,12.752743308167698,7.578995896792942,9.855612118054724,6.221230582074894,8.399971119282888,3.730567932227123,5.414072402778615,2.1128455580549623,3.54351374163482,-2.78,690205.5939907836,21.519292322605008,7.325918985638601,4.204134383579708,162.59031069995737,20.994572059745856,11.735768823996422,10.843243482610037,5.601050810983688,11.814359458703011,16.27347016397548,14.141824241834009,14.083731696315263,8.417796984328938,11.336785877934735,5.15571272675054,20.771211599071872,5.380062770465915,6.041840829147961,37.29827438881211,50.26785898322327,0.0,14.605983116249774,5.15571272675054,38.455944068351485,5.733667477162185,11.073990765314376,0.0,0.0,11.050456081168516,5.131558479839333,0.0,11.336785877934735,68.54635098380861,29.525365011975733,0.0,26.46513959392033,10.535775497216456,0.0,0.0,0.0,201.58,51.4842470947288,22.801408536544404,0.0,15.130702465984026,0.0,11.336785877934735,26.151274369537788,0.0,0.0,15.456479851704078,20.23053332942989,31.44978820569469,0.9796905422586336,44.39737831563419,16.334751159546904,3.256457088644816,-3.375611656986792,-2.3123389733980013,0.0,3.692820624691566,-4.756268639419342,0.4615384615384615,28,5,13,0,1,1,0,1,1,10,4,15,7,0,1,1,2,-1.172499999999998,95.65050000000004,1,0,0,1,0,1,0,0,1,1,3,2,0,0,0,3,1,1,0,0,0,0,0,0,0,0,0,2,0,1,0,0,0,0,0,0,0,0,0,0,0,0,0,0,0,0,0,0,0,0,0,0,0,1,0,0,0,0,0,0,0,0,0,1,0,0,0,0,0,0,0,0,0,0,0,0,0,0,0,0,1,0,0,0,0,562.0,Escherichia coli,Bacteria
116582,,18491422,CHEMBL4187466,Antimicrobial activity against Escherichia coli expressing beta-lactamase TEM-10 by CLSI broth microdilution method,F,BAO_0002146,BAO_0000218,organism-based format,C[C@H]1[C@H](NC(=O)/C(=N\OC(C)(C)C(=O)O)c2csc(N)n2)C(=O)N1S(=O)(=O)O,CHEMBL4184210,Bioorg Med Chem Lett,2018.0,CHEMBL158,AZTREONAM,CHEMBL158,0,http://www.openphacts.org/units/MicrogramPerMilliliter,3069226,>,1,1,>,MIC,ug.mL-1,64.0,CHEMBL354,Escherichia coli,Escherichia coli,562.0,,MIC,ug ml-1,UO_0000274,64.0,CHEMBL158,C[C@H]1[C@H](NC(=O)/C(=N\OC(C)(C)C(=O)O)c2csc(N)n2)C(=O)N1S(=O)(=O)O,12.562141912320484,12.562141912320484,0.0349535856009066,-4.756268639419342,0.174788224513646,20.5,435.44000000000017,418.30400000000014,435.051854504,154,0,0.3620751467724121,-0.4782270320177159,0.4782270320177159,0.3620751467724121,1.4642857142857142,2.071428571428572,2.5,32.24529764273617,10.00401161573638,2.513331128805475,-2.416338874010568,2.230948535260857,-2.707807208919476,7.836563836647012,-0.1608446168429468,2.971847309732629,2.2592762983237704,953.8851353067348,21.43879310982592,14.8114553779692,16.444448539824652,12.752743308167698,7.578995896792942,9.855612118054724,6.221230582074894,8.399971119282888,3.730567932227123,5.414072402778615,2.1128455580549623,3.54351374163482,-2.78,690205.5939907836,21.519292322605008,7.325918985638601,4.204134383579708,162.59031069995737,20.994572059745856,11.735768823996422,10.843243482610037,5.601050810983688,11.814359458703011,16.27347016397548,14.141824241834009,14.083731696315263,8.417796984328938,11.336785877934735,5.15571272675054,20.771211599071872,5.380062770465915,6.041840829147961,37.29827438881211,50.26785898322327,0.0,14.605983116249774,5.15571272675054,38.455944068351485,5.733667477162185,11.073990765314376,0.0,0.0,11.050456081168516,5.131558479839333,0.0,11.336785877934735,68.54635098380861,29.525365011975733,0.0,26.46513959392033,10.535775497216456,0.0,0.0,0.0,201.58,51.4842470947288,22.801408536544404,0.0,15.130702465984026,0.0,11.336785877934735,26.151274369537788,0.0,0.0,15.456479851704078,20.23053332942989,31.44978820569469,0.9796905422586336,44.39737831563419,16.334751159546904,3.256457088644816,-3.375611656986792,-2.3123389733980013,0.0,3.692820624691566,-4.756268639419342,0.4615384615384615,28,5,13,0,1,1,0,1,1,10,4,15,7,0,1,1,2,-1.172499999999998,95.65050000000004,1,0,0,1,0,1,0,0,1,1,3,2,0,0,0,3,1,1,0,0,0,0,0,0,0,0,0,2,0,1,0,0,0,0,0,0,0,0,0,0,0,0,0,0,0,0,0,0,0,0,0,0,0,1,0,0,0,0,0,0,0,0,0,1,0,0,0,0,0,0,0,0,0,0,0,0,0,0,0,0,1,0,0,0,0,562.0,Escherichia coli,Bacteria
116582,,18491422,CHEMBL4187466,Antimicrobial activity against Escherichia coli expressing beta-lactamase TEM-10 by CLSI broth microdilution method,F,BAO_0002146,BAO_0000218,organism-based format,C[C@H]1[C@H](NC(=O)/C(=N\OC(C)(C)C(=O)O)c2csc(N)n2)C(=O)N1S(=O)(=O)O,CHEMBL4184210,Bioorg Med Chem Lett,2018.0,CHEMBL158,AZTREONAM,CHEMBL158,0,http://www.openphacts.org/units/MicrogramPerMilliliter,3069226,>,1,1,>,MIC,ug.mL-1,64.0,CHEMBL354,Escherichia coli,Escherichia coli,562.0,,MIC,ug ml-1,UO_0000274,64.0,CHEMBL158,C[C@H]1[C@H](NC(=O)/C(=N\OC(C)(C)C(=O)O)c2csc(N)n2)C(=O)N1S(=O)(=O)O,12.562141912320484,12.562141912320484,0.0349535856009066,-4.756268639419342,0.174788224513646,20.5,435.44000000000017,418.30400000000014,435.051854504,154,0,0.3620751467724121,-0.4782270320177159,0.4782270320177159,0.3620751467724121,1.4642857142857142,2.071428571428572,2.5,32.24529764273617,10.00401161573638,2.513331128805475,-2.416338874010568,2.230948535260857,-2.707807208919476,7.836563836647012,-0.1608446168429468,2.971847309732629,2.2592762983237704,953.8851353067348,21.43879310982592,14.8114553779692,16.444448539824652,12.752743308167698,7.578995896792942,9.855612118054724,6.221230582074894,8.399971119282888,3.730567932227123,5.414072402778615,2.1128455580549623,3.54351374163482,-2.78,690205.5939907836,21.519292322605008,7.325918985638601,4.204134383579708,162.59031069995737,20.994572059745856,11.735768823996422,10.843243482610037,5.601050810983688,11.814359458703011,16.27347016397548,14.141824241834009,14.083731696315263,8.417796984328938,11.336785877934735,5.15571272675054,20.771211599071872,5.380062770465915,6.041840829147961,37.29827438881211,50.26785898322327,0.0,14.605983116249774,5.15571272675054,38.455944068351485,5.733667477162185,11.073990765314376,0.0,0.0,11.050456081168516,5.131558479839333,0.0,11.336785877934735,68.54635098380861,29.525365011975733,0.0,26.46513959392033,10.535775497216456,0.0,0.0,0.0,201.58,51.4842470947288,22.801408536544404,0.0,15.130702465984026,0.0,11.336785877934735,26.151274369537788,0.0,0.0,15.456479851704078,20.23053332942989,31.44978820569469,0.9796905422586336,44.39737831563419,16.334751159546904,3.256457088644816,-3.375611656986792,-2.3123389733980013,0.0,3.692820624691566,-4.756268639419342,0.4615384615384615,28,5,13,0,1,1,0,1,1,10,4,15,7,0,1,1,2,-1.172499999999998,95.65050000000004,1,0,0,1,0,1,0,0,1,1,3,2,0,0,0,3,1,1,0,0,0,0,0,0,0,0,0,2,0,1,0,0,0,0,0,0,0,0,0,0,0,0,0,0,0,0,0,0,0,0,0,0,0,1,0,0,0,0,0,0,0,0,0,1,0,0,0,0,0,0,0,0,0,0,0,0,0,0,0,0,1,0,0,0,0,562.0,Escherichia coli,Bacteria
116582,,18491422,CHEMBL4187466,Antimicrobial activity against Escherichia coli expressing beta-lactamase TEM-10 by CLSI broth microdilution method,F,BAO_0002146,BAO_0000218,organism-based format,C[C@H]1[C@H](NC(=O)/C(=N\OC(C)(C)C(=O)O)c2csc(N)n2)C(=O)N1S(=O)(=O)O,CHEMBL4184210,Bioorg Med Chem Lett,2018.0,CHEMBL158,AZTREONAM,CHEMBL158,0,http://www.openphacts.org/units/MicrogramPerMilliliter,3069226,>,1,1,>,MIC,ug.mL-1,64.0,CHEMBL354,Escherichia coli,Escherichia coli,562.0,,MIC,ug ml-1,UO_0000274,64.0,CHEMBL158,C[C@H]1[C@H](NC(=O)/C(=N\OC(C)(C)C(=O)O)c2csc(N)n2)C(=O)N1S(=O)(=O)O,12.562141912320484,12.562141912320484,0.0349535856009066,-4.756268639419342,0.174788224513646,20.5,435.44000000000017,418.30400000000014,435.051854504,154,0,0.3620751467724121,-0.4782270320177159,0.4782270320177159,0.3620751467724121,1.4642857142857142,2.071428571428572,2.5,32.24529764273617,10.00401161573638,2.513331128805475,-2.416338874010568,2.230948535260857,-2.707807208919476,7.836563836647012,-0.1608446168429468,2.971847309732629,2.2592762983237704,953.8851353067348,21.43879310982592,14.8114553779692,16.444448539824652,12.752743308167698,7.578995896792942,9.855612118054724,6.221230582074894,8.399971119282888,3.730567932227123,5.414072402778615,2.1128455580549623,3.54351374163482,-2.78,690205.5939907836,21.519292322605008,7.325918985638601,4.204134383579708,162.59031069995737,20.994572059745856,11.735768823996422,10.843243482610037,5.601050810983688,11.814359458703011,16.27347016397548,14.141824241834009,14.083731696315263,8.417796984328938,11.336785877934735,5.15571272675054,20.771211599071872,5.380062770465915,6.041840829147961,37.29827438881211,50.26785898322327,0.0,14.605983116249774,5.15571272675054,38.455944068351485,5.733667477162185,11.073990765314376,0.0,0.0,11.050456081168516,5.131558479839333,0.0,11.336785877934735,68.54635098380861,29.525365011975733,0.0,26.46513959392033,10.535775497216456,0.0,0.0,0.0,201.58,51.4842470947288,22.801408536544404,0.0,15.130702465984026,0.0,11.336785877934735,26.151274369537788,0.0,0.0,15.456479851704078,20.23053332942989,31.44978820569469,0.9796905422586336,44.39737831563419,16.334751159546904,3.256457088644816,-3.375611656986792,-2.3123389733980013,0.0,3.692820624691566,-4.756268639419342,0.4615384615384615,28,5,13,0,1,1,0,1,1,10,4,15,7,0,1,1,2,-1.172499999999998,95.65050000000004,1,0,0,1,0,1,0,0,1,1,3,2,0,0,0,3,1,1,0,0,0,0,0,0,0,0,0,2,0,1,0,0,0,0,0,0,0,0,0,0,0,0,0,0,0,0,0,0,0,0,0,0,0,1,0,0,0,0,0,0,0,0,0,1,0,0,0,0,0,0,0,0,0,0,0,0,0,0,0,0,1,0,0,0,0,562.0,Escherichia coli,Bacteria
116582,,18491422,CHEMBL4187466,Antimicrobial activity against Escherichia coli expressing beta-lactamase TEM-10 by CLSI broth microdilution method,F,BAO_0002146,BAO_0000218,organism-based format,C[C@H]1[C@H](NC(=O)/C(=N\OC(C)(C)C(=O)O)c2csc(N)n2)C(=O)N1S(=O)(=O)O,CHEMBL4184210,Bioorg Med Chem Lett,2018.0,CHEMBL158,AZTREONAM,CHEMBL158,0,http://www.openphacts.org/units/MicrogramPerMilliliter,3069226,>,1,1,>,MIC,ug.mL-1,64.0,CHEMBL354,Escherichia coli,Escherichia coli,562.0,,MIC,ug ml-1,UO_0000274,64.0,CHEMBL158,C[C@H]1[C@H](NC(=O)/C(=N\OC(C)(C)C(=O)O)c2csc(N)n2)C(=O)N1S(=O)(=O)O,12.562141912320484,12.562141912320484,0.0349535856009066,-4.756268639419342,0.174788224513646,20.5,435.44000000000017,418.30400000000014,435.051854504,154,0,0.3620751467724121,-0.4782270320177159,0.4782270320177159,0.3620751467724121,1.4642857142857142,2.071428571428572,2.5,32.24529764273617,10.00401161573638,2.513331128805475,-2.416338874010568,2.230948535260857,-2.707807208919476,7.836563836647012,-0.1608446168429468,2.971847309732629,2.2592762983237704,953.8851353067348,21.43879310982592,14.8114553779692,16.444448539824652,12.752743308167698,7.578995896792942,9.855612118054724,6.221230582074894,8.399971119282888,3.730567932227123,5.414072402778615,2.1128455580549623,3.54351374163482,-2.78,690205.5939907836,21.519292322605008,7.325918985638601,4.204134383579708,162.59031069995737,20.994572059745856,11.735768823996422,10.843243482610037,5.601050810983688,11.814359458703011,16.27347016397548,14.141824241834009,14.083731696315263,8.417796984328938,11.336785877934735,5.15571272675054,20.771211599071872,5.380062770465915,6.041840829147961,37.29827438881211,50.26785898322327,0.0,14.605983116249774,5.15571272675054,38.455944068351485,5.733667477162185,11.073990765314376,0.0,0.0,11.050456081168516,5.131558479839333,0.0,11.336785877934735,68.54635098380861,29.525365011975733,0.0,26.46513959392033,10.535775497216456,0.0,0.0,0.0,201.58,51.4842470947288,22.801408536544404,0.0,15.130702465984026,0.0,11.336785877934735,26.151274369537788,0.0,0.0,15.456479851704078,20.23053332942989,31.44978820569469,0.9796905422586336,44.39737831563419,16.334751159546904,3.256457088644816,-3.375611656986792,-2.3123389733980013,0.0,3.692820624691566,-4.756268639419342,0.4615384615384615,28,5,13,0,1,1,0,1,1,10,4,15,7,0,1,1,2,-1.172499999999998,95.65050000000004,1,0,0,1,0,1,0,0,1,1,3,2,0,0,0,3,1,1,0,0,0,0,0,0,0,0,0,2,0,1,0,0,0,0,0,0,0,0,0,0,0,0,0,0,0,0,0,0,0,0,0,0,0,1,0,0,0,0,0,0,0,0,0,1,0,0,0,0,0,0,0,0,0,0,0,0,0,0,0,0,1,0,0,0,0,562.0,Escherichia coli,Bacteria
116583,,18491471,CHEMBL4187467,Antimicrobial activity against Escherichia coli expressing beta-lactamase TEM-16 by CLSI broth microdilution method,F,BAO_0002146,BAO_0000218,organism-based format,C[C@H]1[C@H](NC(=O)/C(=N\OC(C)(C)C(=O)O)c2csc(N)n2)C(=O)N1S(=O)(=O)O,CHEMBL4184210,Bioorg Med Chem Lett,2018.0,CHEMBL158,AZTREONAM,CHEMBL158,0,http://www.openphacts.org/units/MicrogramPerMilliliter,3069226,=,1,1,=,MIC,ug.mL-1,16.0,CHEMBL354,Escherichia coli,Escherichia coli,562.0,,MIC,ug ml-1,UO_0000274,16.0,CHEMBL158,C[C@H]1[C@H](NC(=O)/C(=N\OC(C)(C)C(=O)O)c2csc(N)n2)C(=O)N1S(=O)(=O)O,12.562141912320484,12.562141912320484,0.0349535856009066,-4.756268639419342,0.174788224513646,20.5,435.44000000000017,418.30400000000014,435.051854504,154,0,0.3620751467724121,-0.4782270320177159,0.4782270320177159,0.3620751467724121,1.4642857142857142,2.071428571428572,2.5,32.24529764273617,10.00401161573638,2.513331128805475,-2.416338874010568,2.230948535260857,-2.707807208919476,7.836563836647012,-0.1608446168429468,2.971847309732629,2.2592762983237704,953.8851353067348,21.43879310982592,14.8114553779692,16.444448539824652,12.752743308167698,7.578995896792942,9.855612118054724,6.221230582074894,8.399971119282888,3.730567932227123,5.414072402778615,2.1128455580549623,3.54351374163482,-2.78,690205.5939907836,21.519292322605008,7.325918985638601,4.204134383579708,162.59031069995737,20.994572059745856,11.735768823996422,10.843243482610037,5.601050810983688,11.814359458703011,16.27347016397548,14.141824241834009,14.083731696315263,8.417796984328938,11.336785877934735,5.15571272675054,20.771211599071872,5.380062770465915,6.041840829147961,37.29827438881211,50.26785898322327,0.0,14.605983116249774,5.15571272675054,38.455944068351485,5.733667477162185,11.073990765314376,0.0,0.0,11.050456081168516,5.131558479839333,0.0,11.336785877934735,68.54635098380861,29.525365011975733,0.0,26.46513959392033,10.535775497216456,0.0,0.0,0.0,201.58,51.4842470947288,22.801408536544404,0.0,15.130702465984026,0.0,11.336785877934735,26.151274369537788,0.0,0.0,15.456479851704078,20.23053332942989,31.44978820569469,0.9796905422586336,44.39737831563419,16.334751159546904,3.256457088644816,-3.375611656986792,-2.3123389733980013,0.0,3.692820624691566,-4.756268639419342,0.4615384615384615,28,5,13,0,1,1,0,1,1,10,4,15,7,0,1,1,2,-1.172499999999998,95.65050000000004,1,0,0,1,0,1,0,0,1,1,3,2,0,0,0,3,1,1,0,0,0,0,0,0,0,0,0,2,0,1,0,0,0,0,0,0,0,0,0,0,0,0,0,0,0,0,0,0,0,0,0,0,0,1,0,0,0,0,0,0,0,0,0,1,0,0,0,0,0,0,0,0,0,0,0,0,0,0,0,0,1,0,0,0,0,562.0,Escherichia coli,Bacteria
116583,,18491471,CHEMBL4187467,Antimicrobial activity against Escherichia coli expressing beta-lactamase TEM-16 by CLSI broth microdilution method,F,BAO_0002146,BAO_0000218,organism-based format,C[C@H]1[C@H](NC(=O)/C(=N\OC(C)(C)C(=O)O)c2csc(N)n2)C(=O)N1S(=O)(=O)O,CHEMBL4184210,Bioorg Med Chem Lett,2018.0,CHEMBL158,AZTREONAM,CHEMBL158,0,http://www.openphacts.org/units/MicrogramPerMilliliter,3069226,=,1,1,=,MIC,ug.mL-1,16.0,CHEMBL354,Escherichia coli,Escherichia coli,562.0,,MIC,ug ml-1,UO_0000274,16.0,CHEMBL158,C[C@H]1[C@H](NC(=O)/C(=N\OC(C)(C)C(=O)O)c2csc(N)n2)C(=O)N1S(=O)(=O)O,12.562141912320484,12.562141912320484,0.0349535856009066,-4.756268639419342,0.174788224513646,20.5,435.44000000000017,418.30400000000014,435.051854504,154,0,0.3620751467724121,-0.4782270320177159,0.4782270320177159,0.3620751467724121,1.4642857142857142,2.071428571428572,2.5,32.24529764273617,10.00401161573638,2.513331128805475,-2.416338874010568,2.230948535260857,-2.707807208919476,7.836563836647012,-0.1608446168429468,2.971847309732629,2.2592762983237704,953.8851353067348,21.43879310982592,14.8114553779692,16.444448539824652,12.752743308167698,7.578995896792942,9.855612118054724,6.221230582074894,8.399971119282888,3.730567932227123,5.414072402778615,2.1128455580549623,3.54351374163482,-2.78,690205.5939907836,21.519292322605008,7.325918985638601,4.204134383579708,162.59031069995737,20.994572059745856,11.735768823996422,10.843243482610037,5.601050810983688,11.814359458703011,16.27347016397548,14.141824241834009,14.083731696315263,8.417796984328938,11.336785877934735,5.15571272675054,20.771211599071872,5.380062770465915,6.041840829147961,37.29827438881211,50.26785898322327,0.0,14.605983116249774,5.15571272675054,38.455944068351485,5.733667477162185,11.073990765314376,0.0,0.0,11.050456081168516,5.131558479839333,0.0,11.336785877934735,68.54635098380861,29.525365011975733,0.0,26.46513959392033,10.535775497216456,0.0,0.0,0.0,201.58,51.4842470947288,22.801408536544404,0.0,15.130702465984026,0.0,11.336785877934735,26.151274369537788,0.0,0.0,15.456479851704078,20.23053332942989,31.44978820569469,0.9796905422586336,44.39737831563419,16.334751159546904,3.256457088644816,-3.375611656986792,-2.3123389733980013,0.0,3.692820624691566,-4.756268639419342,0.4615384615384615,28,5,13,0,1,1,0,1,1,10,4,15,7,0,1,1,2,-1.172499999999998,95.65050000000004,1,0,0,1,0,1,0,0,1,1,3,2,0,0,0,3,1,1,0,0,0,0,0,0,0,0,0,2,0,1,0,0,0,0,0,0,0,0,0,0,0,0,0,0,0,0,0,0,0,0,0,0,0,1,0,0,0,0,0,0,0,0,0,1,0,0,0,0,0,0,0,0,0,0,0,0,0,0,0,0,1,0,0,0,0,562.0,Escherichia coli,Bacteria
116583,,18491471,CHEMBL4187467,Antimicrobial activity against Escherichia coli expressing beta-lactamase TEM-16 by CLSI broth microdilution method,F,BAO_0002146,BAO_0000218,organism-based format,C[C@H]1[C@H](NC(=O)/C(=N\OC(C)(C)C(=O)O)c2csc(N)n2)C(=O)N1S(=O)(=O)O,CHEMBL4184210,Bioorg Med Chem Lett,2018.0,CHEMBL158,AZTREONAM,CHEMBL158,0,http://www.openphacts.org/units/MicrogramPerMilliliter,3069226,=,1,1,=,MIC,ug.mL-1,16.0,CHEMBL354,Escherichia coli,Escherichia coli,562.0,,MIC,ug ml-1,UO_0000274,16.0,CHEMBL158,C[C@H]1[C@H](NC(=O)/C(=N\OC(C)(C)C(=O)O)c2csc(N)n2)C(=O)N1S(=O)(=O)O,12.562141912320484,12.562141912320484,0.0349535856009066,-4.756268639419342,0.174788224513646,20.5,435.44000000000017,418.30400000000014,435.051854504,154,0,0.3620751467724121,-0.4782270320177159,0.4782270320177159,0.3620751467724121,1.4642857142857142,2.071428571428572,2.5,32.24529764273617,10.00401161573638,2.513331128805475,-2.416338874010568,2.230948535260857,-2.707807208919476,7.836563836647012,-0.1608446168429468,2.971847309732629,2.2592762983237704,953.8851353067348,21.43879310982592,14.8114553779692,16.444448539824652,12.752743308167698,7.578995896792942,9.855612118054724,6.221230582074894,8.399971119282888,3.730567932227123,5.414072402778615,2.1128455580549623,3.54351374163482,-2.78,690205.5939907836,21.519292322605008,7.325918985638601,4.204134383579708,162.59031069995737,20.994572059745856,11.735768823996422,10.843243482610037,5.601050810983688,11.814359458703011,16.27347016397548,14.141824241834009,14.083731696315263,8.417796984328938,11.336785877934735,5.15571272675054,20.771211599071872,5.380062770465915,6.041840829147961,37.29827438881211,50.26785898322327,0.0,14.605983116249774,5.15571272675054,38.455944068351485,5.733667477162185,11.073990765314376,0.0,0.0,11.050456081168516,5.131558479839333,0.0,11.336785877934735,68.54635098380861,29.525365011975733,0.0,26.46513959392033,10.535775497216456,0.0,0.0,0.0,201.58,51.4842470947288,22.801408536544404,0.0,15.130702465984026,0.0,11.336785877934735,26.151274369537788,0.0,0.0,15.456479851704078,20.23053332942989,31.44978820569469,0.9796905422586336,44.39737831563419,16.334751159546904,3.256457088644816,-3.375611656986792,-2.3123389733980013,0.0,3.692820624691566,-4.756268639419342,0.4615384615384615,28,5,13,0,1,1,0,1,1,10,4,15,7,0,1,1,2,-1.172499999999998,95.65050000000004,1,0,0,1,0,1,0,0,1,1,3,2,0,0,0,3,1,1,0,0,0,0,0,0,0,0,0,2,0,1,0,0,0,0,0,0,0,0,0,0,0,0,0,0,0,0,0,0,0,0,0,0,0,1,0,0,0,0,0,0,0,0,0,1,0,0,0,0,0,0,0,0,0,0,0,0,0,0,0,0,1,0,0,0,0,562.0,Escherichia coli,Bacteria
116583,,18491471,CHEMBL4187467,Antimicrobial activity against Escherichia coli expressing beta-lactamase TEM-16 by CLSI broth microdilution method,F,BAO_0002146,BAO_0000218,organism-based format,C[C@H]1[C@H](NC(=O)/C(=N\OC(C)(C)C(=O)O)c2csc(N)n2)C(=O)N1S(=O)(=O)O,CHEMBL4184210,Bioorg Med Chem Lett,2018.0,CHEMBL158,AZTREONAM,CHEMBL158,0,http://www.openphacts.org/units/MicrogramPerMilliliter,3069226,=,1,1,=,MIC,ug.mL-1,16.0,CHEMBL354,Escherichia coli,Escherichia coli,562.0,,MIC,ug ml-1,UO_0000274,16.0,CHEMBL158,C[C@H]1[C@H](NC(=O)/C(=N\OC(C)(C)C(=O)O)c2csc(N)n2)C(=O)N1S(=O)(=O)O,12.562141912320484,12.562141912320484,0.0349535856009066,-4.756268639419342,0.174788224513646,20.5,435.44000000000017,418.30400000000014,435.051854504,154,0,0.3620751467724121,-0.4782270320177159,0.4782270320177159,0.3620751467724121,1.4642857142857142,2.071428571428572,2.5,32.24529764273617,10.00401161573638,2.513331128805475,-2.416338874010568,2.230948535260857,-2.707807208919476,7.836563836647012,-0.1608446168429468,2.971847309732629,2.2592762983237704,953.8851353067348,21.43879310982592,14.8114553779692,16.444448539824652,12.752743308167698,7.578995896792942,9.855612118054724,6.221230582074894,8.399971119282888,3.730567932227123,5.414072402778615,2.1128455580549623,3.54351374163482,-2.78,690205.5939907836,21.519292322605008,7.325918985638601,4.204134383579708,162.59031069995737,20.994572059745856,11.735768823996422,10.843243482610037,5.601050810983688,11.814359458703011,16.27347016397548,14.141824241834009,14.083731696315263,8.417796984328938,11.336785877934735,5.15571272675054,20.771211599071872,5.380062770465915,6.041840829147961,37.29827438881211,50.26785898322327,0.0,14.605983116249774,5.15571272675054,38.455944068351485,5.733667477162185,11.073990765314376,0.0,0.0,11.050456081168516,5.131558479839333,0.0,11.336785877934735,68.54635098380861,29.525365011975733,0.0,26.46513959392033,10.535775497216456,0.0,0.0,0.0,201.58,51.4842470947288,22.801408536544404,0.0,15.130702465984026,0.0,11.336785877934735,26.151274369537788,0.0,0.0,15.456479851704078,20.23053332942989,31.44978820569469,0.9796905422586336,44.39737831563419,16.334751159546904,3.256457088644816,-3.375611656986792,-2.3123389733980013,0.0,3.692820624691566,-4.756268639419342,0.4615384615384615,28,5,13,0,1,1,0,1,1,10,4,15,7,0,1,1,2,-1.172499999999998,95.65050000000004,1,0,0,1,0,1,0,0,1,1,3,2,0,0,0,3,1,1,0,0,0,0,0,0,0,0,0,2,0,1,0,0,0,0,0,0,0,0,0,0,0,0,0,0,0,0,0,0,0,0,0,0,0,1,0,0,0,0,0,0,0,0,0,1,0,0,0,0,0,0,0,0,0,0,0,0,0,0,0,0,1,0,0,0,0,562.0,Escherichia coli,Bacteria
116584,,18491484,CHEMBL4187468,Antimicrobial activity against Escherichia coli expressing beta-lactamase TEM-24 by CLSI broth microdilution method,F,BAO_0002146,BAO_0000218,organism-based format,C[C@H]1[C@H](NC(=O)/C(=N\OC(C)(C)C(=O)O)c2csc(N)n2)C(=O)N1S(=O)(=O)O,CHEMBL4184210,Bioorg Med Chem Lett,2018.0,CHEMBL158,AZTREONAM,CHEMBL158,0,http://www.openphacts.org/units/MicrogramPerMilliliter,3069226,=,1,1,=,MIC,ug.mL-1,8.0,CHEMBL354,Escherichia coli,Escherichia coli,562.0,,MIC,ug ml-1,UO_0000274,8.0,CHEMBL158,C[C@H]1[C@H](NC(=O)/C(=N\OC(C)(C)C(=O)O)c2csc(N)n2)C(=O)N1S(=O)(=O)O,12.562141912320484,12.562141912320484,0.0349535856009066,-4.756268639419342,0.174788224513646,20.5,435.44000000000017,418.30400000000014,435.051854504,154,0,0.3620751467724121,-0.4782270320177159,0.4782270320177159,0.3620751467724121,1.4642857142857142,2.071428571428572,2.5,32.24529764273617,10.00401161573638,2.513331128805475,-2.416338874010568,2.230948535260857,-2.707807208919476,7.836563836647012,-0.1608446168429468,2.971847309732629,2.2592762983237704,953.8851353067348,21.43879310982592,14.8114553779692,16.444448539824652,12.752743308167698,7.578995896792942,9.855612118054724,6.221230582074894,8.399971119282888,3.730567932227123,5.414072402778615,2.1128455580549623,3.54351374163482,-2.78,690205.5939907836,21.519292322605008,7.325918985638601,4.204134383579708,162.59031069995737,20.994572059745856,11.735768823996422,10.843243482610037,5.601050810983688,11.814359458703011,16.27347016397548,14.141824241834009,14.083731696315263,8.417796984328938,11.336785877934735,5.15571272675054,20.771211599071872,5.380062770465915,6.041840829147961,37.29827438881211,50.26785898322327,0.0,14.605983116249774,5.15571272675054,38.455944068351485,5.733667477162185,11.073990765314376,0.0,0.0,11.050456081168516,5.131558479839333,0.0,11.336785877934735,68.54635098380861,29.525365011975733,0.0,26.46513959392033,10.535775497216456,0.0,0.0,0.0,201.58,51.4842470947288,22.801408536544404,0.0,15.130702465984026,0.0,11.336785877934735,26.151274369537788,0.0,0.0,15.456479851704078,20.23053332942989,31.44978820569469,0.9796905422586336,44.39737831563419,16.334751159546904,3.256457088644816,-3.375611656986792,-2.3123389733980013,0.0,3.692820624691566,-4.756268639419342,0.4615384615384615,28,5,13,0,1,1,0,1,1,10,4,15,7,0,1,1,2,-1.172499999999998,95.65050000000004,1,0,0,1,0,1,0,0,1,1,3,2,0,0,0,3,1,1,0,0,0,0,0,0,0,0,0,2,0,1,0,0,0,0,0,0,0,0,0,0,0,0,0,0,0,0,0,0,0,0,0,0,0,1,0,0,0,0,0,0,0,0,0,1,0,0,0,0,0,0,0,0,0,0,0,0,0,0,0,0,1,0,0,0,0,562.0,Escherichia coli,Bacteria
116584,,18491484,CHEMBL4187468,Antimicrobial activity against Escherichia coli expressing beta-lactamase TEM-24 by CLSI broth microdilution method,F,BAO_0002146,BAO_0000218,organism-based format,C[C@H]1[C@H](NC(=O)/C(=N\OC(C)(C)C(=O)O)c2csc(N)n2)C(=O)N1S(=O)(=O)O,CHEMBL4184210,Bioorg Med Chem Lett,2018.0,CHEMBL158,AZTREONAM,CHEMBL158,0,http://www.openphacts.org/units/MicrogramPerMilliliter,3069226,=,1,1,=,MIC,ug.mL-1,8.0,CHEMBL354,Escherichia coli,Escherichia coli,562.0,,MIC,ug ml-1,UO_0000274,8.0,CHEMBL158,C[C@H]1[C@H](NC(=O)/C(=N\OC(C)(C)C(=O)O)c2csc(N)n2)C(=O)N1S(=O)(=O)O,12.562141912320484,12.562141912320484,0.0349535856009066,-4.756268639419342,0.174788224513646,20.5,435.44000000000017,418.30400000000014,435.051854504,154,0,0.3620751467724121,-0.4782270320177159,0.4782270320177159,0.3620751467724121,1.4642857142857142,2.071428571428572,2.5,32.24529764273617,10.00401161573638,2.513331128805475,-2.416338874010568,2.230948535260857,-2.707807208919476,7.836563836647012,-0.1608446168429468,2.971847309732629,2.2592762983237704,953.8851353067348,21.43879310982592,14.8114553779692,16.444448539824652,12.752743308167698,7.578995896792942,9.855612118054724,6.221230582074894,8.399971119282888,3.730567932227123,5.414072402778615,2.1128455580549623,3.54351374163482,-2.78,690205.5939907836,21.519292322605008,7.325918985638601,4.204134383579708,162.59031069995737,20.994572059745856,11.735768823996422,10.843243482610037,5.601050810983688,11.814359458703011,16.27347016397548,14.141824241834009,14.083731696315263,8.417796984328938,11.336785877934735,5.15571272675054,20.771211599071872,5.380062770465915,6.041840829147961,37.29827438881211,50.26785898322327,0.0,14.605983116249774,5.15571272675054,38.455944068351485,5.733667477162185,11.073990765314376,0.0,0.0,11.050456081168516,5.131558479839333,0.0,11.336785877934735,68.54635098380861,29.525365011975733,0.0,26.46513959392033,10.535775497216456,0.0,0.0,0.0,201.58,51.4842470947288,22.801408536544404,0.0,15.130702465984026,0.0,11.336785877934735,26.151274369537788,0.0,0.0,15.456479851704078,20.23053332942989,31.44978820569469,0.9796905422586336,44.39737831563419,16.334751159546904,3.256457088644816,-3.375611656986792,-2.3123389733980013,0.0,3.692820624691566,-4.756268639419342,0.4615384615384615,28,5,13,0,1,1,0,1,1,10,4,15,7,0,1,1,2,-1.172499999999998,95.65050000000004,1,0,0,1,0,1,0,0,1,1,3,2,0,0,0,3,1,1,0,0,0,0,0,0,0,0,0,2,0,1,0,0,0,0,0,0,0,0,0,0,0,0,0,0,0,0,0,0,0,0,0,0,0,1,0,0,0,0,0,0,0,0,0,1,0,0,0,0,0,0,0,0,0,0,0,0,0,0,0,0,1,0,0,0,0,562.0,Escherichia coli,Bacteria
116584,,18491484,CHEMBL4187468,Antimicrobial activity against Escherichia coli expressing beta-lactamase TEM-24 by CLSI broth microdilution method,F,BAO_0002146,BAO_0000218,organism-based format,C[C@H]1[C@H](NC(=O)/C(=N\OC(C)(C)C(=O)O)c2csc(N)n2)C(=O)N1S(=O)(=O)O,CHEMBL4184210,Bioorg Med Chem Lett,2018.0,CHEMBL158,AZTREONAM,CHEMBL158,0,http://www.openphacts.org/units/MicrogramPerMilliliter,3069226,=,1,1,=,MIC,ug.mL-1,8.0,CHEMBL354,Escherichia coli,Escherichia coli,562.0,,MIC,ug ml-1,UO_0000274,8.0,CHEMBL158,C[C@H]1[C@H](NC(=O)/C(=N\OC(C)(C)C(=O)O)c2csc(N)n2)C(=O)N1S(=O)(=O)O,12.562141912320484,12.562141912320484,0.0349535856009066,-4.756268639419342,0.174788224513646,20.5,435.44000000000017,418.30400000000014,435.051854504,154,0,0.3620751467724121,-0.4782270320177159,0.4782270320177159,0.3620751467724121,1.4642857142857142,2.071428571428572,2.5,32.24529764273617,10.00401161573638,2.513331128805475,-2.416338874010568,2.230948535260857,-2.707807208919476,7.836563836647012,-0.1608446168429468,2.971847309732629,2.2592762983237704,953.8851353067348,21.43879310982592,14.8114553779692,16.444448539824652,12.752743308167698,7.578995896792942,9.855612118054724,6.221230582074894,8.399971119282888,3.730567932227123,5.414072402778615,2.1128455580549623,3.54351374163482,-2.78,690205.5939907836,21.519292322605008,7.325918985638601,4.204134383579708,162.59031069995737,20.994572059745856,11.735768823996422,10.843243482610037,5.601050810983688,11.814359458703011,16.27347016397548,14.141824241834009,14.083731696315263,8.417796984328938,11.336785877934735,5.15571272675054,20.771211599071872,5.380062770465915,6.041840829147961,37.29827438881211,50.26785898322327,0.0,14.605983116249774,5.15571272675054,38.455944068351485,5.733667477162185,11.073990765314376,0.0,0.0,11.050456081168516,5.131558479839333,0.0,11.336785877934735,68.54635098380861,29.525365011975733,0.0,26.46513959392033,10.535775497216456,0.0,0.0,0.0,201.58,51.4842470947288,22.801408536544404,0.0,15.130702465984026,0.0,11.336785877934735,26.151274369537788,0.0,0.0,15.456479851704078,20.23053332942989,31.44978820569469,0.9796905422586336,44.39737831563419,16.334751159546904,3.256457088644816,-3.375611656986792,-2.3123389733980013,0.0,3.692820624691566,-4.756268639419342,0.4615384615384615,28,5,13,0,1,1,0,1,1,10,4,15,7,0,1,1,2,-1.172499999999998,95.65050000000004,1,0,0,1,0,1,0,0,1,1,3,2,0,0,0,3,1,1,0,0,0,0,0,0,0,0,0,2,0,1,0,0,0,0,0,0,0,0,0,0,0,0,0,0,0,0,0,0,0,0,0,0,0,1,0,0,0,0,0,0,0,0,0,1,0,0,0,0,0,0,0,0,0,0,0,0,0,0,0,0,1,0,0,0,0,562.0,Escherichia coli,Bacteria
116584,,18491484,CHEMBL4187468,Antimicrobial activity against Escherichia coli expressing beta-lactamase TEM-24 by CLSI broth microdilution method,F,BAO_0002146,BAO_0000218,organism-based format,C[C@H]1[C@H](NC(=O)/C(=N\OC(C)(C)C(=O)O)c2csc(N)n2)C(=O)N1S(=O)(=O)O,CHEMBL4184210,Bioorg Med Chem Lett,2018.0,CHEMBL158,AZTREONAM,CHEMBL158,0,http://www.openphacts.org/units/MicrogramPerMilliliter,3069226,=,1,1,=,MIC,ug.mL-1,8.0,CHEMBL354,Escherichia coli,Escherichia coli,562.0,,MIC,ug ml-1,UO_0000274,8.0,CHEMBL158,C[C@H]1[C@H](NC(=O)/C(=N\OC(C)(C)C(=O)O)c2csc(N)n2)C(=O)N1S(=O)(=O)O,12.562141912320484,12.562141912320484,0.0349535856009066,-4.756268639419342,0.174788224513646,20.5,435.44000000000017,418.30400000000014,435.051854504,154,0,0.3620751467724121,-0.4782270320177159,0.4782270320177159,0.3620751467724121,1.4642857142857142,2.071428571428572,2.5,32.24529764273617,10.00401161573638,2.513331128805475,-2.416338874010568,2.230948535260857,-2.707807208919476,7.836563836647012,-0.1608446168429468,2.971847309732629,2.2592762983237704,953.8851353067348,21.43879310982592,14.8114553779692,16.444448539824652,12.752743308167698,7.578995896792942,9.855612118054724,6.221230582074894,8.399971119282888,3.730567932227123,5.414072402778615,2.1128455580549623,3.54351374163482,-2.78,690205.5939907836,21.519292322605008,7.325918985638601,4.204134383579708,162.59031069995737,20.994572059745856,11.735768823996422,10.843243482610037,5.601050810983688,11.814359458703011,16.27347016397548,14.141824241834009,14.083731696315263,8.417796984328938,11.336785877934735,5.15571272675054,20.771211599071872,5.380062770465915,6.041840829147961,37.29827438881211,50.26785898322327,0.0,14.605983116249774,5.15571272675054,38.455944068351485,5.733667477162185,11.073990765314376,0.0,0.0,11.050456081168516,5.131558479839333,0.0,11.336785877934735,68.54635098380861,29.525365011975733,0.0,26.46513959392033,10.535775497216456,0.0,0.0,0.0,201.58,51.4842470947288,22.801408536544404,0.0,15.130702465984026,0.0,11.336785877934735,26.151274369537788,0.0,0.0,15.456479851704078,20.23053332942989,31.44978820569469,0.9796905422586336,44.39737831563419,16.334751159546904,3.256457088644816,-3.375611656986792,-2.3123389733980013,0.0,3.692820624691566,-4.756268639419342,0.4615384615384615,28,5,13,0,1,1,0,1,1,10,4,15,7,0,1,1,2,-1.172499999999998,95.65050000000004,1,0,0,1,0,1,0,0,1,1,3,2,0,0,0,3,1,1,0,0,0,0,0,0,0,0,0,2,0,1,0,0,0,0,0,0,0,0,0,0,0,0,0,0,0,0,0,0,0,0,0,0,0,1,0,0,0,0,0,0,0,0,0,1,0,0,0,0,0,0,0,0,0,0,0,0,0,0,0,0,1,0,0,0,0,562.0,Escherichia coli,Bacteria
116585,,18491497,CHEMBL4187469,Antimicrobial activity against Escherichia coli expressing beta-lactamase TEM-47 by CLSI broth microdilution method,F,BAO_0002146,BAO_0000218,organism-based format,C[C@H]1[C@H](NC(=O)/C(=N\OC(C)(C)C(=O)O)c2csc(N)n2)C(=O)N1S(=O)(=O)O,CHEMBL4184210,Bioorg Med Chem Lett,2018.0,CHEMBL158,AZTREONAM,CHEMBL158,0,http://www.openphacts.org/units/MicrogramPerMilliliter,3069226,=,1,1,=,MIC,ug.mL-1,8.0,CHEMBL354,Escherichia coli,Escherichia coli,562.0,,MIC,ug ml-1,UO_0000274,8.0,CHEMBL158,C[C@H]1[C@H](NC(=O)/C(=N\OC(C)(C)C(=O)O)c2csc(N)n2)C(=O)N1S(=O)(=O)O,12.562141912320484,12.562141912320484,0.0349535856009066,-4.756268639419342,0.174788224513646,20.5,435.44000000000017,418.30400000000014,435.051854504,154,0,0.3620751467724121,-0.4782270320177159,0.4782270320177159,0.3620751467724121,1.4642857142857142,2.071428571428572,2.5,32.24529764273617,10.00401161573638,2.513331128805475,-2.416338874010568,2.230948535260857,-2.707807208919476,7.836563836647012,-0.1608446168429468,2.971847309732629,2.2592762983237704,953.8851353067348,21.43879310982592,14.8114553779692,16.444448539824652,12.752743308167698,7.578995896792942,9.855612118054724,6.221230582074894,8.399971119282888,3.730567932227123,5.414072402778615,2.1128455580549623,3.54351374163482,-2.78,690205.5939907836,21.519292322605008,7.325918985638601,4.204134383579708,162.59031069995737,20.994572059745856,11.735768823996422,10.843243482610037,5.601050810983688,11.814359458703011,16.27347016397548,14.141824241834009,14.083731696315263,8.417796984328938,11.336785877934735,5.15571272675054,20.771211599071872,5.380062770465915,6.041840829147961,37.29827438881211,50.26785898322327,0.0,14.605983116249774,5.15571272675054,38.455944068351485,5.733667477162185,11.073990765314376,0.0,0.0,11.050456081168516,5.131558479839333,0.0,11.336785877934735,68.54635098380861,29.525365011975733,0.0,26.46513959392033,10.535775497216456,0.0,0.0,0.0,201.58,51.4842470947288,22.801408536544404,0.0,15.130702465984026,0.0,11.336785877934735,26.151274369537788,0.0,0.0,15.456479851704078,20.23053332942989,31.44978820569469,0.9796905422586336,44.39737831563419,16.334751159546904,3.256457088644816,-3.375611656986792,-2.3123389733980013,0.0,3.692820624691566,-4.756268639419342,0.4615384615384615,28,5,13,0,1,1,0,1,1,10,4,15,7,0,1,1,2,-1.172499999999998,95.65050000000004,1,0,0,1,0,1,0,0,1,1,3,2,0,0,0,3,1,1,0,0,0,0,0,0,0,0,0,2,0,1,0,0,0,0,0,0,0,0,0,0,0,0,0,0,0,0,0,0,0,0,0,0,0,1,0,0,0,0,0,0,0,0,0,1,0,0,0,0,0,0,0,0,0,0,0,0,0,0,0,0,1,0,0,0,0,562.0,Escherichia coli,Bacteria
116585,,18491497,CHEMBL4187469,Antimicrobial activity against Escherichia coli expressing beta-lactamase TEM-47 by CLSI broth microdilution method,F,BAO_0002146,BAO_0000218,organism-based format,C[C@H]1[C@H](NC(=O)/C(=N\OC(C)(C)C(=O)O)c2csc(N)n2)C(=O)N1S(=O)(=O)O,CHEMBL4184210,Bioorg Med Chem Lett,2018.0,CHEMBL158,AZTREONAM,CHEMBL158,0,http://www.openphacts.org/units/MicrogramPerMilliliter,3069226,=,1,1,=,MIC,ug.mL-1,8.0,CHEMBL354,Escherichia coli,Escherichia coli,562.0,,MIC,ug ml-1,UO_0000274,8.0,CHEMBL158,C[C@H]1[C@H](NC(=O)/C(=N\OC(C)(C)C(=O)O)c2csc(N)n2)C(=O)N1S(=O)(=O)O,12.562141912320484,12.562141912320484,0.0349535856009066,-4.756268639419342,0.174788224513646,20.5,435.44000000000017,418.30400000000014,435.051854504,154,0,0.3620751467724121,-0.4782270320177159,0.4782270320177159,0.3620751467724121,1.4642857142857142,2.071428571428572,2.5,32.24529764273617,10.00401161573638,2.513331128805475,-2.416338874010568,2.230948535260857,-2.707807208919476,7.836563836647012,-0.1608446168429468,2.971847309732629,2.2592762983237704,953.8851353067348,21.43879310982592,14.8114553779692,16.444448539824652,12.752743308167698,7.578995896792942,9.855612118054724,6.221230582074894,8.399971119282888,3.730567932227123,5.414072402778615,2.1128455580549623,3.54351374163482,-2.78,690205.5939907836,21.519292322605008,7.325918985638601,4.204134383579708,162.59031069995737,20.994572059745856,11.735768823996422,10.843243482610037,5.601050810983688,11.814359458703011,16.27347016397548,14.141824241834009,14.083731696315263,8.417796984328938,11.336785877934735,5.15571272675054,20.771211599071872,5.380062770465915,6.041840829147961,37.29827438881211,50.26785898322327,0.0,14.605983116249774,5.15571272675054,38.455944068351485,5.733667477162185,11.073990765314376,0.0,0.0,11.050456081168516,5.131558479839333,0.0,11.336785877934735,68.54635098380861,29.525365011975733,0.0,26.46513959392033,10.535775497216456,0.0,0.0,0.0,201.58,51.4842470947288,22.801408536544404,0.0,15.130702465984026,0.0,11.336785877934735,26.151274369537788,0.0,0.0,15.456479851704078,20.23053332942989,31.44978820569469,0.9796905422586336,44.39737831563419,16.334751159546904,3.256457088644816,-3.375611656986792,-2.3123389733980013,0.0,3.692820624691566,-4.756268639419342,0.4615384615384615,28,5,13,0,1,1,0,1,1,10,4,15,7,0,1,1,2,-1.172499999999998,95.65050000000004,1,0,0,1,0,1,0,0,1,1,3,2,0,0,0,3,1,1,0,0,0,0,0,0,0,0,0,2,0,1,0,0,0,0,0,0,0,0,0,0,0,0,0,0,0,0,0,0,0,0,0,0,0,1,0,0,0,0,0,0,0,0,0,1,0,0,0,0,0,0,0,0,0,0,0,0,0,0,0,0,1,0,0,0,0,562.0,Escherichia coli,Bacteria
116585,,18491497,CHEMBL4187469,Antimicrobial activity against Escherichia coli expressing beta-lactamase TEM-47 by CLSI broth microdilution method,F,BAO_0002146,BAO_0000218,organism-based format,C[C@H]1[C@H](NC(=O)/C(=N\OC(C)(C)C(=O)O)c2csc(N)n2)C(=O)N1S(=O)(=O)O,CHEMBL4184210,Bioorg Med Chem Lett,2018.0,CHEMBL158,AZTREONAM,CHEMBL158,0,http://www.openphacts.org/units/MicrogramPerMilliliter,3069226,=,1,1,=,MIC,ug.mL-1,8.0,CHEMBL354,Escherichia coli,Escherichia coli,562.0,,MIC,ug ml-1,UO_0000274,8.0,CHEMBL158,C[C@H]1[C@H](NC(=O)/C(=N\OC(C)(C)C(=O)O)c2csc(N)n2)C(=O)N1S(=O)(=O)O,12.562141912320484,12.562141912320484,0.0349535856009066,-4.756268639419342,0.174788224513646,20.5,435.44000000000017,418.30400000000014,435.051854504,154,0,0.3620751467724121,-0.4782270320177159,0.4782270320177159,0.3620751467724121,1.4642857142857142,2.071428571428572,2.5,32.24529764273617,10.00401161573638,2.513331128805475,-2.416338874010568,2.230948535260857,-2.707807208919476,7.836563836647012,-0.1608446168429468,2.971847309732629,2.2592762983237704,953.8851353067348,21.43879310982592,14.8114553779692,16.444448539824652,12.752743308167698,7.578995896792942,9.855612118054724,6.221230582074894,8.399971119282888,3.730567932227123,5.414072402778615,2.1128455580549623,3.54351374163482,-2.78,690205.5939907836,21.519292322605008,7.325918985638601,4.204134383579708,162.59031069995737,20.994572059745856,11.735768823996422,10.843243482610037,5.601050810983688,11.814359458703011,16.27347016397548,14.141824241834009,14.083731696315263,8.417796984328938,11.336785877934735,5.15571272675054,20.771211599071872,5.380062770465915,6.041840829147961,37.29827438881211,50.26785898322327,0.0,14.605983116249774,5.15571272675054,38.455944068351485,5.733667477162185,11.073990765314376,0.0,0.0,11.050456081168516,5.131558479839333,0.0,11.336785877934735,68.54635098380861,29.525365011975733,0.0,26.46513959392033,10.535775497216456,0.0,0.0,0.0,201.58,51.4842470947288,22.801408536544404,0.0,15.130702465984026,0.0,11.336785877934735,26.151274369537788,0.0,0.0,15.456479851704078,20.23053332942989,31.44978820569469,0.9796905422586336,44.39737831563419,16.334751159546904,3.256457088644816,-3.375611656986792,-2.3123389733980013,0.0,3.692820624691566,-4.756268639419342,0.4615384615384615,28,5,13,0,1,1,0,1,1,10,4,15,7,0,1,1,2,-1.172499999999998,95.65050000000004,1,0,0,1,0,1,0,0,1,1,3,2,0,0,0,3,1,1,0,0,0,0,0,0,0,0,0,2,0,1,0,0,0,0,0,0,0,0,0,0,0,0,0,0,0,0,0,0,0,0,0,0,0,1,0,0,0,0,0,0,0,0,0,1,0,0,0,0,0,0,0,0,0,0,0,0,0,0,0,0,1,0,0,0,0,562.0,Escherichia coli,Bacteria
116585,,18491497,CHEMBL4187469,Antimicrobial activity against Escherichia coli expressing beta-lactamase TEM-47 by CLSI broth microdilution method,F,BAO_0002146,BAO_0000218,organism-based format,C[C@H]1[C@H](NC(=O)/C(=N\OC(C)(C)C(=O)O)c2csc(N)n2)C(=O)N1S(=O)(=O)O,CHEMBL4184210,Bioorg Med Chem Lett,2018.0,CHEMBL158,AZTREONAM,CHEMBL158,0,http://www.openphacts.org/units/MicrogramPerMilliliter,3069226,=,1,1,=,MIC,ug.mL-1,8.0,CHEMBL354,Escherichia coli,Escherichia coli,562.0,,MIC,ug ml-1,UO_0000274,8.0,CHEMBL158,C[C@H]1[C@H](NC(=O)/C(=N\OC(C)(C)C(=O)O)c2csc(N)n2)C(=O)N1S(=O)(=O)O,12.562141912320484,12.562141912320484,0.0349535856009066,-4.756268639419342,0.174788224513646,20.5,435.44000000000017,418.30400000000014,435.051854504,154,0,0.3620751467724121,-0.4782270320177159,0.4782270320177159,0.3620751467724121,1.4642857142857142,2.071428571428572,2.5,32.24529764273617,10.00401161573638,2.513331128805475,-2.416338874010568,2.230948535260857,-2.707807208919476,7.836563836647012,-0.1608446168429468,2.971847309732629,2.2592762983237704,953.8851353067348,21.43879310982592,14.8114553779692,16.444448539824652,12.752743308167698,7.578995896792942,9.855612118054724,6.221230582074894,8.399971119282888,3.730567932227123,5.414072402778615,2.1128455580549623,3.54351374163482,-2.78,690205.5939907836,21.519292322605008,7.325918985638601,4.204134383579708,162.59031069995737,20.994572059745856,11.735768823996422,10.843243482610037,5.601050810983688,11.814359458703011,16.27347016397548,14.141824241834009,14.083731696315263,8.417796984328938,11.336785877934735,5.15571272675054,20.771211599071872,5.380062770465915,6.041840829147961,37.29827438881211,50.26785898322327,0.0,14.605983116249774,5.15571272675054,38.455944068351485,5.733667477162185,11.073990765314376,0.0,0.0,11.050456081168516,5.131558479839333,0.0,11.336785877934735,68.54635098380861,29.525365011975733,0.0,26.46513959392033,10.535775497216456,0.0,0.0,0.0,201.58,51.4842470947288,22.801408536544404,0.0,15.130702465984026,0.0,11.336785877934735,26.151274369537788,0.0,0.0,15.456479851704078,20.23053332942989,31.44978820569469,0.9796905422586336,44.39737831563419,16.334751159546904,3.256457088644816,-3.375611656986792,-2.3123389733980013,0.0,3.692820624691566,-4.756268639419342,0.4615384615384615,28,5,13,0,1,1,0,1,1,10,4,15,7,0,1,1,2,-1.172499999999998,95.65050000000004,1,0,0,1,0,1,0,0,1,1,3,2,0,0,0,3,1,1,0,0,0,0,0,0,0,0,0,2,0,1,0,0,0,0,0,0,0,0,0,0,0,0,0,0,0,0,0,0,0,0,0,0,0,1,0,0,0,0,0,0,0,0,0,1,0,0,0,0,0,0,0,0,0,0,0,0,0,0,0,0,1,0,0,0,0,562.0,Escherichia coli,Bacteria
116586,,18491510,CHEMBL4187470,Antimicrobial activity against Escherichia coli expressing beta-lactamase TEM-121 by CLSI broth microdilution method,F,BAO_0002146,BAO_0000218,organism-based format,C[C@H]1[C@H](NC(=O)/C(=N\OC(C)(C)C(=O)O)c2csc(N)n2)C(=O)N1S(=O)(=O)O,CHEMBL4184210,Bioorg Med Chem Lett,2018.0,CHEMBL158,AZTREONAM,CHEMBL158,0,http://www.openphacts.org/units/MicrogramPerMilliliter,3069226,=,1,1,=,MIC,ug.mL-1,16.0,CHEMBL354,Escherichia coli,Escherichia coli,562.0,,MIC,ug ml-1,UO_0000274,16.0,CHEMBL158,C[C@H]1[C@H](NC(=O)/C(=N\OC(C)(C)C(=O)O)c2csc(N)n2)C(=O)N1S(=O)(=O)O,12.562141912320484,12.562141912320484,0.0349535856009066,-4.756268639419342,0.174788224513646,20.5,435.44000000000017,418.30400000000014,435.051854504,154,0,0.3620751467724121,-0.4782270320177159,0.4782270320177159,0.3620751467724121,1.4642857142857142,2.071428571428572,2.5,32.24529764273617,10.00401161573638,2.513331128805475,-2.416338874010568,2.230948535260857,-2.707807208919476,7.836563836647012,-0.1608446168429468,2.971847309732629,2.2592762983237704,953.8851353067348,21.43879310982592,14.8114553779692,16.444448539824652,12.752743308167698,7.578995896792942,9.855612118054724,6.221230582074894,8.399971119282888,3.730567932227123,5.414072402778615,2.1128455580549623,3.54351374163482,-2.78,690205.5939907836,21.519292322605008,7.325918985638601,4.204134383579708,162.59031069995737,20.994572059745856,11.735768823996422,10.843243482610037,5.601050810983688,11.814359458703011,16.27347016397548,14.141824241834009,14.083731696315263,8.417796984328938,11.336785877934735,5.15571272675054,20.771211599071872,5.380062770465915,6.041840829147961,37.29827438881211,50.26785898322327,0.0,14.605983116249774,5.15571272675054,38.455944068351485,5.733667477162185,11.073990765314376,0.0,0.0,11.050456081168516,5.131558479839333,0.0,11.336785877934735,68.54635098380861,29.525365011975733,0.0,26.46513959392033,10.535775497216456,0.0,0.0,0.0,201.58,51.4842470947288,22.801408536544404,0.0,15.130702465984026,0.0,11.336785877934735,26.151274369537788,0.0,0.0,15.456479851704078,20.23053332942989,31.44978820569469,0.9796905422586336,44.39737831563419,16.334751159546904,3.256457088644816,-3.375611656986792,-2.3123389733980013,0.0,3.692820624691566,-4.756268639419342,0.4615384615384615,28,5,13,0,1,1,0,1,1,10,4,15,7,0,1,1,2,-1.172499999999998,95.65050000000004,1,0,0,1,0,1,0,0,1,1,3,2,0,0,0,3,1,1,0,0,0,0,0,0,0,0,0,2,0,1,0,0,0,0,0,0,0,0,0,0,0,0,0,0,0,0,0,0,0,0,0,0,0,1,0,0,0,0,0,0,0,0,0,1,0,0,0,0,0,0,0,0,0,0,0,0,0,0,0,0,1,0,0,0,0,562.0,Escherichia coli,Bacteria
116586,,18491510,CHEMBL4187470,Antimicrobial activity against Escherichia coli expressing beta-lactamase TEM-121 by CLSI broth microdilution method,F,BAO_0002146,BAO_0000218,organism-based format,C[C@H]1[C@H](NC(=O)/C(=N\OC(C)(C)C(=O)O)c2csc(N)n2)C(=O)N1S(=O)(=O)O,CHEMBL4184210,Bioorg Med Chem Lett,2018.0,CHEMBL158,AZTREONAM,CHEMBL158,0,http://www.openphacts.org/units/MicrogramPerMilliliter,3069226,=,1,1,=,MIC,ug.mL-1,16.0,CHEMBL354,Escherichia coli,Escherichia coli,562.0,,MIC,ug ml-1,UO_0000274,16.0,CHEMBL158,C[C@H]1[C@H](NC(=O)/C(=N\OC(C)(C)C(=O)O)c2csc(N)n2)C(=O)N1S(=O)(=O)O,12.562141912320484,12.562141912320484,0.0349535856009066,-4.756268639419342,0.174788224513646,20.5,435.44000000000017,418.30400000000014,435.051854504,154,0,0.3620751467724121,-0.4782270320177159,0.4782270320177159,0.3620751467724121,1.4642857142857142,2.071428571428572,2.5,32.24529764273617,10.00401161573638,2.513331128805475,-2.416338874010568,2.230948535260857,-2.707807208919476,7.836563836647012,-0.1608446168429468,2.971847309732629,2.2592762983237704,953.8851353067348,21.43879310982592,14.8114553779692,16.444448539824652,12.752743308167698,7.578995896792942,9.855612118054724,6.221230582074894,8.399971119282888,3.730567932227123,5.414072402778615,2.1128455580549623,3.54351374163482,-2.78,690205.5939907836,21.519292322605008,7.325918985638601,4.204134383579708,162.59031069995737,20.994572059745856,11.735768823996422,10.843243482610037,5.601050810983688,11.814359458703011,16.27347016397548,14.141824241834009,14.083731696315263,8.417796984328938,11.336785877934735,5.15571272675054,20.771211599071872,5.380062770465915,6.041840829147961,37.29827438881211,50.26785898322327,0.0,14.605983116249774,5.15571272675054,38.455944068351485,5.733667477162185,11.073990765314376,0.0,0.0,11.050456081168516,5.131558479839333,0.0,11.336785877934735,68.54635098380861,29.525365011975733,0.0,26.46513959392033,10.535775497216456,0.0,0.0,0.0,201.58,51.4842470947288,22.801408536544404,0.0,15.130702465984026,0.0,11.336785877934735,26.151274369537788,0.0,0.0,15.456479851704078,20.23053332942989,31.44978820569469,0.9796905422586336,44.39737831563419,16.334751159546904,3.256457088644816,-3.375611656986792,-2.3123389733980013,0.0,3.692820624691566,-4.756268639419342,0.4615384615384615,28,5,13,0,1,1,0,1,1,10,4,15,7,0,1,1,2,-1.172499999999998,95.65050000000004,1,0,0,1,0,1,0,0,1,1,3,2,0,0,0,3,1,1,0,0,0,0,0,0,0,0,0,2,0,1,0,0,0,0,0,0,0,0,0,0,0,0,0,0,0,0,0,0,0,0,0,0,0,1,0,0,0,0,0,0,0,0,0,1,0,0,0,0,0,0,0,0,0,0,0,0,0,0,0,0,1,0,0,0,0,562.0,Escherichia coli,Bacteria
116586,,18491510,CHEMBL4187470,Antimicrobial activity against Escherichia coli expressing beta-lactamase TEM-121 by CLSI broth microdilution method,F,BAO_0002146,BAO_0000218,organism-based format,C[C@H]1[C@H](NC(=O)/C(=N\OC(C)(C)C(=O)O)c2csc(N)n2)C(=O)N1S(=O)(=O)O,CHEMBL4184210,Bioorg Med Chem Lett,2018.0,CHEMBL158,AZTREONAM,CHEMBL158,0,http://www.openphacts.org/units/MicrogramPerMilliliter,3069226,=,1,1,=,MIC,ug.mL-1,16.0,CHEMBL354,Escherichia coli,Escherichia coli,562.0,,MIC,ug ml-1,UO_0000274,16.0,CHEMBL158,C[C@H]1[C@H](NC(=O)/C(=N\OC(C)(C)C(=O)O)c2csc(N)n2)C(=O)N1S(=O)(=O)O,12.562141912320484,12.562141912320484,0.0349535856009066,-4.756268639419342,0.174788224513646,20.5,435.44000000000017,418.30400000000014,435.051854504,154,0,0.3620751467724121,-0.4782270320177159,0.4782270320177159,0.3620751467724121,1.4642857142857142,2.071428571428572,2.5,32.24529764273617,10.00401161573638,2.513331128805475,-2.416338874010568,2.230948535260857,-2.707807208919476,7.836563836647012,-0.1608446168429468,2.971847309732629,2.2592762983237704,953.8851353067348,21.43879310982592,14.8114553779692,16.444448539824652,12.752743308167698,7.578995896792942,9.855612118054724,6.221230582074894,8.399971119282888,3.730567932227123,5.414072402778615,2.1128455580549623,3.54351374163482,-2.78,690205.5939907836,21.519292322605008,7.325918985638601,4.204134383579708,162.59031069995737,20.994572059745856,11.735768823996422,10.843243482610037,5.601050810983688,11.814359458703011,16.27347016397548,14.141824241834009,14.083731696315263,8.417796984328938,11.336785877934735,5.15571272675054,20.771211599071872,5.380062770465915,6.041840829147961,37.29827438881211,50.26785898322327,0.0,14.605983116249774,5.15571272675054,38.455944068351485,5.733667477162185,11.073990765314376,0.0,0.0,11.050456081168516,5.131558479839333,0.0,11.336785877934735,68.54635098380861,29.525365011975733,0.0,26.46513959392033,10.535775497216456,0.0,0.0,0.0,201.58,51.4842470947288,22.801408536544404,0.0,15.130702465984026,0.0,11.336785877934735,26.151274369537788,0.0,0.0,15.456479851704078,20.23053332942989,31.44978820569469,0.9796905422586336,44.39737831563419,16.334751159546904,3.256457088644816,-3.375611656986792,-2.3123389733980013,0.0,3.692820624691566,-4.756268639419342,0.4615384615384615,28,5,13,0,1,1,0,1,1,10,4,15,7,0,1,1,2,-1.172499999999998,95.65050000000004,1,0,0,1,0,1,0,0,1,1,3,2,0,0,0,3,1,1,0,0,0,0,0,0,0,0,0,2,0,1,0,0,0,0,0,0,0,0,0,0,0,0,0,0,0,0,0,0,0,0,0,0,0,1,0,0,0,0,0,0,0,0,0,1,0,0,0,0,0,0,0,0,0,0,0,0,0,0,0,0,1,0,0,0,0,562.0,Escherichia coli,Bacteria
116586,,18491510,CHEMBL4187470,Antimicrobial activity against Escherichia coli expressing beta-lactamase TEM-121 by CLSI broth microdilution method,F,BAO_0002146,BAO_0000218,organism-based format,C[C@H]1[C@H](NC(=O)/C(=N\OC(C)(C)C(=O)O)c2csc(N)n2)C(=O)N1S(=O)(=O)O,CHEMBL4184210,Bioorg Med Chem Lett,2018.0,CHEMBL158,AZTREONAM,CHEMBL158,0,http://www.openphacts.org/units/MicrogramPerMilliliter,3069226,=,1,1,=,MIC,ug.mL-1,16.0,CHEMBL354,Escherichia coli,Escherichia coli,562.0,,MIC,ug ml-1,UO_0000274,16.0,CHEMBL158,C[C@H]1[C@H](NC(=O)/C(=N\OC(C)(C)C(=O)O)c2csc(N)n2)C(=O)N1S(=O)(=O)O,12.562141912320484,12.562141912320484,0.0349535856009066,-4.756268639419342,0.174788224513646,20.5,435.44000000000017,418.30400000000014,435.051854504,154,0,0.3620751467724121,-0.4782270320177159,0.4782270320177159,0.3620751467724121,1.4642857142857142,2.071428571428572,2.5,32.24529764273617,10.00401161573638,2.513331128805475,-2.416338874010568,2.230948535260857,-2.707807208919476,7.836563836647012,-0.1608446168429468,2.971847309732629,2.2592762983237704,953.8851353067348,21.43879310982592,14.8114553779692,16.444448539824652,12.752743308167698,7.578995896792942,9.855612118054724,6.221230582074894,8.399971119282888,3.730567932227123,5.414072402778615,2.1128455580549623,3.54351374163482,-2.78,690205.5939907836,21.519292322605008,7.325918985638601,4.204134383579708,162.59031069995737,20.994572059745856,11.735768823996422,10.843243482610037,5.601050810983688,11.814359458703011,16.27347016397548,14.141824241834009,14.083731696315263,8.417796984328938,11.336785877934735,5.15571272675054,20.771211599071872,5.380062770465915,6.041840829147961,37.29827438881211,50.26785898322327,0.0,14.605983116249774,5.15571272675054,38.455944068351485,5.733667477162185,11.073990765314376,0.0,0.0,11.050456081168516,5.131558479839333,0.0,11.336785877934735,68.54635098380861,29.525365011975733,0.0,26.46513959392033,10.535775497216456,0.0,0.0,0.0,201.58,51.4842470947288,22.801408536544404,0.0,15.130702465984026,0.0,11.336785877934735,26.151274369537788,0.0,0.0,15.456479851704078,20.23053332942989,31.44978820569469,0.9796905422586336,44.39737831563419,16.334751159546904,3.256457088644816,-3.375611656986792,-2.3123389733980013,0.0,3.692820624691566,-4.756268639419342,0.4615384615384615,28,5,13,0,1,1,0,1,1,10,4,15,7,0,1,1,2,-1.172499999999998,95.65050000000004,1,0,0,1,0,1,0,0,1,1,3,2,0,0,0,3,1,1,0,0,0,0,0,0,0,0,0,2,0,1,0,0,0,0,0,0,0,0,0,0,0,0,0,0,0,0,0,0,0,0,0,0,0,1,0,0,0,0,0,0,0,0,0,1,0,0,0,0,0,0,0,0,0,0,0,0,0,0,0,0,1,0,0,0,0,562.0,Escherichia coli,Bacteria
116587,,18491523,CHEMBL4187471,Antimicrobial activity against Escherichia coli expressing beta-lactamase GIM-1 by CLSI broth microdilution method,F,BAO_0002146,BAO_0000218,organism-based format,C[C@H]1[C@H](NC(=O)/C(=N\OC(C)(C)C(=O)O)c2csc(N)n2)C(=O)N1S(=O)(=O)O,CHEMBL4184210,Bioorg Med Chem Lett,2018.0,CHEMBL158,AZTREONAM,CHEMBL158,0,http://www.openphacts.org/units/MicrogramPerMilliliter,3069226,=,1,1,=,MIC,ug.mL-1,0.125,CHEMBL354,Escherichia coli,Escherichia coli,562.0,,MIC,ug ml-1,UO_0000274,0.125,CHEMBL158,C[C@H]1[C@H](NC(=O)/C(=N\OC(C)(C)C(=O)O)c2csc(N)n2)C(=O)N1S(=O)(=O)O,12.562141912320484,12.562141912320484,0.0349535856009066,-4.756268639419342,0.174788224513646,20.5,435.44000000000017,418.30400000000014,435.051854504,154,0,0.3620751467724121,-0.4782270320177159,0.4782270320177159,0.3620751467724121,1.4642857142857142,2.071428571428572,2.5,32.24529764273617,10.00401161573638,2.513331128805475,-2.416338874010568,2.230948535260857,-2.707807208919476,7.836563836647012,-0.1608446168429468,2.971847309732629,2.2592762983237704,953.8851353067348,21.43879310982592,14.8114553779692,16.444448539824652,12.752743308167698,7.578995896792942,9.855612118054724,6.221230582074894,8.399971119282888,3.730567932227123,5.414072402778615,2.1128455580549623,3.54351374163482,-2.78,690205.5939907836,21.519292322605008,7.325918985638601,4.204134383579708,162.59031069995737,20.994572059745856,11.735768823996422,10.843243482610037,5.601050810983688,11.814359458703011,16.27347016397548,14.141824241834009,14.083731696315263,8.417796984328938,11.336785877934735,5.15571272675054,20.771211599071872,5.380062770465915,6.041840829147961,37.29827438881211,50.26785898322327,0.0,14.605983116249774,5.15571272675054,38.455944068351485,5.733667477162185,11.073990765314376,0.0,0.0,11.050456081168516,5.131558479839333,0.0,11.336785877934735,68.54635098380861,29.525365011975733,0.0,26.46513959392033,10.535775497216456,0.0,0.0,0.0,201.58,51.4842470947288,22.801408536544404,0.0,15.130702465984026,0.0,11.336785877934735,26.151274369537788,0.0,0.0,15.456479851704078,20.23053332942989,31.44978820569469,0.9796905422586336,44.39737831563419,16.334751159546904,3.256457088644816,-3.375611656986792,-2.3123389733980013,0.0,3.692820624691566,-4.756268639419342,0.4615384615384615,28,5,13,0,1,1,0,1,1,10,4,15,7,0,1,1,2,-1.172499999999998,95.65050000000004,1,0,0,1,0,1,0,0,1,1,3,2,0,0,0,3,1,1,0,0,0,0,0,0,0,0,0,2,0,1,0,0,0,0,0,0,0,0,0,0,0,0,0,0,0,0,0,0,0,0,0,0,0,1,0,0,0,0,0,0,0,0,0,1,0,0,0,0,0,0,0,0,0,0,0,0,0,0,0,0,1,0,0,0,0,562.0,Escherichia coli,Bacteria
116587,,18491523,CHEMBL4187471,Antimicrobial activity against Escherichia coli expressing beta-lactamase GIM-1 by CLSI broth microdilution method,F,BAO_0002146,BAO_0000218,organism-based format,C[C@H]1[C@H](NC(=O)/C(=N\OC(C)(C)C(=O)O)c2csc(N)n2)C(=O)N1S(=O)(=O)O,CHEMBL4184210,Bioorg Med Chem Lett,2018.0,CHEMBL158,AZTREONAM,CHEMBL158,0,http://www.openphacts.org/units/MicrogramPerMilliliter,3069226,=,1,1,=,MIC,ug.mL-1,0.125,CHEMBL354,Escherichia coli,Escherichia coli,562.0,,MIC,ug ml-1,UO_0000274,0.125,CHEMBL158,C[C@H]1[C@H](NC(=O)/C(=N\OC(C)(C)C(=O)O)c2csc(N)n2)C(=O)N1S(=O)(=O)O,12.562141912320484,12.562141912320484,0.0349535856009066,-4.756268639419342,0.174788224513646,20.5,435.44000000000017,418.30400000000014,435.051854504,154,0,0.3620751467724121,-0.4782270320177159,0.4782270320177159,0.3620751467724121,1.4642857142857142,2.071428571428572,2.5,32.24529764273617,10.00401161573638,2.513331128805475,-2.416338874010568,2.230948535260857,-2.707807208919476,7.836563836647012,-0.1608446168429468,2.971847309732629,2.2592762983237704,953.8851353067348,21.43879310982592,14.8114553779692,16.444448539824652,12.752743308167698,7.578995896792942,9.855612118054724,6.221230582074894,8.399971119282888,3.730567932227123,5.414072402778615,2.1128455580549623,3.54351374163482,-2.78,690205.5939907836,21.519292322605008,7.325918985638601,4.204134383579708,162.59031069995737,20.994572059745856,11.735768823996422,10.843243482610037,5.601050810983688,11.814359458703011,16.27347016397548,14.141824241834009,14.083731696315263,8.417796984328938,11.336785877934735,5.15571272675054,20.771211599071872,5.380062770465915,6.041840829147961,37.29827438881211,50.26785898322327,0.0,14.605983116249774,5.15571272675054,38.455944068351485,5.733667477162185,11.073990765314376,0.0,0.0,11.050456081168516,5.131558479839333,0.0,11.336785877934735,68.54635098380861,29.525365011975733,0.0,26.46513959392033,10.535775497216456,0.0,0.0,0.0,201.58,51.4842470947288,22.801408536544404,0.0,15.130702465984026,0.0,11.336785877934735,26.151274369537788,0.0,0.0,15.456479851704078,20.23053332942989,31.44978820569469,0.9796905422586336,44.39737831563419,16.334751159546904,3.256457088644816,-3.375611656986792,-2.3123389733980013,0.0,3.692820624691566,-4.756268639419342,0.4615384615384615,28,5,13,0,1,1,0,1,1,10,4,15,7,0,1,1,2,-1.172499999999998,95.65050000000004,1,0,0,1,0,1,0,0,1,1,3,2,0,0,0,3,1,1,0,0,0,0,0,0,0,0,0,2,0,1,0,0,0,0,0,0,0,0,0,0,0,0,0,0,0,0,0,0,0,0,0,0,0,1,0,0,0,0,0,0,0,0,0,1,0,0,0,0,0,0,0,0,0,0,0,0,0,0,0,0,1,0,0,0,0,562.0,Escherichia coli,Bacteria
116587,,18491523,CHEMBL4187471,Antimicrobial activity against Escherichia coli expressing beta-lactamase GIM-1 by CLSI broth microdilution method,F,BAO_0002146,BAO_0000218,organism-based format,C[C@H]1[C@H](NC(=O)/C(=N\OC(C)(C)C(=O)O)c2csc(N)n2)C(=O)N1S(=O)(=O)O,CHEMBL4184210,Bioorg Med Chem Lett,2018.0,CHEMBL158,AZTREONAM,CHEMBL158,0,http://www.openphacts.org/units/MicrogramPerMilliliter,3069226,=,1,1,=,MIC,ug.mL-1,0.125,CHEMBL354,Escherichia coli,Escherichia coli,562.0,,MIC,ug ml-1,UO_0000274,0.125,CHEMBL158,C[C@H]1[C@H](NC(=O)/C(=N\OC(C)(C)C(=O)O)c2csc(N)n2)C(=O)N1S(=O)(=O)O,12.562141912320484,12.562141912320484,0.0349535856009066,-4.756268639419342,0.174788224513646,20.5,435.44000000000017,418.30400000000014,435.051854504,154,0,0.3620751467724121,-0.4782270320177159,0.4782270320177159,0.3620751467724121,1.4642857142857142,2.071428571428572,2.5,32.24529764273617,10.00401161573638,2.513331128805475,-2.416338874010568,2.230948535260857,-2.707807208919476,7.836563836647012,-0.1608446168429468,2.971847309732629,2.2592762983237704,953.8851353067348,21.43879310982592,14.8114553779692,16.444448539824652,12.752743308167698,7.578995896792942,9.855612118054724,6.221230582074894,8.399971119282888,3.730567932227123,5.414072402778615,2.1128455580549623,3.54351374163482,-2.78,690205.5939907836,21.519292322605008,7.325918985638601,4.204134383579708,162.59031069995737,20.994572059745856,11.735768823996422,10.843243482610037,5.601050810983688,11.814359458703011,16.27347016397548,14.141824241834009,14.083731696315263,8.417796984328938,11.336785877934735,5.15571272675054,20.771211599071872,5.380062770465915,6.041840829147961,37.29827438881211,50.26785898322327,0.0,14.605983116249774,5.15571272675054,38.455944068351485,5.733667477162185,11.073990765314376,0.0,0.0,11.050456081168516,5.131558479839333,0.0,11.336785877934735,68.54635098380861,29.525365011975733,0.0,26.46513959392033,10.535775497216456,0.0,0.0,0.0,201.58,51.4842470947288,22.801408536544404,0.0,15.130702465984026,0.0,11.336785877934735,26.151274369537788,0.0,0.0,15.456479851704078,20.23053332942989,31.44978820569469,0.9796905422586336,44.39737831563419,16.334751159546904,3.256457088644816,-3.375611656986792,-2.3123389733980013,0.0,3.692820624691566,-4.756268639419342,0.4615384615384615,28,5,13,0,1,1,0,1,1,10,4,15,7,0,1,1,2,-1.172499999999998,95.65050000000004,1,0,0,1,0,1,0,0,1,1,3,2,0,0,0,3,1,1,0,0,0,0,0,0,0,0,0,2,0,1,0,0,0,0,0,0,0,0,0,0,0,0,0,0,0,0,0,0,0,0,0,0,0,1,0,0,0,0,0,0,0,0,0,1,0,0,0,0,0,0,0,0,0,0,0,0,0,0,0,0,1,0,0,0,0,562.0,Escherichia coli,Bacteria
116587,,18491523,CHEMBL4187471,Antimicrobial activity against Escherichia coli expressing beta-lactamase GIM-1 by CLSI broth microdilution method,F,BAO_0002146,BAO_0000218,organism-based format,C[C@H]1[C@H](NC(=O)/C(=N\OC(C)(C)C(=O)O)c2csc(N)n2)C(=O)N1S(=O)(=O)O,CHEMBL4184210,Bioorg Med Chem Lett,2018.0,CHEMBL158,AZTREONAM,CHEMBL158,0,http://www.openphacts.org/units/MicrogramPerMilliliter,3069226,=,1,1,=,MIC,ug.mL-1,0.125,CHEMBL354,Escherichia coli,Escherichia coli,562.0,,MIC,ug ml-1,UO_0000274,0.125,CHEMBL158,C[C@H]1[C@H](NC(=O)/C(=N\OC(C)(C)C(=O)O)c2csc(N)n2)C(=O)N1S(=O)(=O)O,12.562141912320484,12.562141912320484,0.0349535856009066,-4.756268639419342,0.174788224513646,20.5,435.44000000000017,418.30400000000014,435.051854504,154,0,0.3620751467724121,-0.4782270320177159,0.4782270320177159,0.3620751467724121,1.4642857142857142,2.071428571428572,2.5,32.24529764273617,10.00401161573638,2.513331128805475,-2.416338874010568,2.230948535260857,-2.707807208919476,7.836563836647012,-0.1608446168429468,2.971847309732629,2.2592762983237704,953.8851353067348,21.43879310982592,14.8114553779692,16.444448539824652,12.752743308167698,7.578995896792942,9.855612118054724,6.221230582074894,8.399971119282888,3.730567932227123,5.414072402778615,2.1128455580549623,3.54351374163482,-2.78,690205.5939907836,21.519292322605008,7.325918985638601,4.204134383579708,162.59031069995737,20.994572059745856,11.735768823996422,10.843243482610037,5.601050810983688,11.814359458703011,16.27347016397548,14.141824241834009,14.083731696315263,8.417796984328938,11.336785877934735,5.15571272675054,20.771211599071872,5.380062770465915,6.041840829147961,37.29827438881211,50.26785898322327,0.0,14.605983116249774,5.15571272675054,38.455944068351485,5.733667477162185,11.073990765314376,0.0,0.0,11.050456081168516,5.131558479839333,0.0,11.336785877934735,68.54635098380861,29.525365011975733,0.0,26.46513959392033,10.535775497216456,0.0,0.0,0.0,201.58,51.4842470947288,22.801408536544404,0.0,15.130702465984026,0.0,11.336785877934735,26.151274369537788,0.0,0.0,15.456479851704078,20.23053332942989,31.44978820569469,0.9796905422586336,44.39737831563419,16.334751159546904,3.256457088644816,-3.375611656986792,-2.3123389733980013,0.0,3.692820624691566,-4.756268639419342,0.4615384615384615,28,5,13,0,1,1,0,1,1,10,4,15,7,0,1,1,2,-1.172499999999998,95.65050000000004,1,0,0,1,0,1,0,0,1,1,3,2,0,0,0,3,1,1,0,0,0,0,0,0,0,0,0,2,0,1,0,0,0,0,0,0,0,0,0,0,0,0,0,0,0,0,0,0,0,0,0,0,0,1,0,0,0,0,0,0,0,0,0,1,0,0,0,0,0,0,0,0,0,0,0,0,0,0,0,0,1,0,0,0,0,562.0,Escherichia coli,Bacteria
116588,,18491536,CHEMBL4187472,Antimicrobial activity against Escherichia coli expressing beta-lactamase IMP-1 by CLSI broth microdilution method,F,BAO_0002146,BAO_0000218,organism-based format,C[C@H]1[C@H](NC(=O)/C(=N\OC(C)(C)C(=O)O)c2csc(N)n2)C(=O)N1S(=O)(=O)O,CHEMBL4184210,Bioorg Med Chem Lett,2018.0,CHEMBL158,AZTREONAM,CHEMBL158,0,http://www.openphacts.org/units/MicrogramPerMilliliter,3069226,=,1,1,=,MIC,ug.mL-1,0.125,CHEMBL354,Escherichia coli,Escherichia coli,562.0,,MIC,ug ml-1,UO_0000274,0.125,CHEMBL158,C[C@H]1[C@H](NC(=O)/C(=N\OC(C)(C)C(=O)O)c2csc(N)n2)C(=O)N1S(=O)(=O)O,12.562141912320484,12.562141912320484,0.0349535856009066,-4.756268639419342,0.174788224513646,20.5,435.44000000000017,418.30400000000014,435.051854504,154,0,0.3620751467724121,-0.4782270320177159,0.4782270320177159,0.3620751467724121,1.4642857142857142,2.071428571428572,2.5,32.24529764273617,10.00401161573638,2.513331128805475,-2.416338874010568,2.230948535260857,-2.707807208919476,7.836563836647012,-0.1608446168429468,2.971847309732629,2.2592762983237704,953.8851353067348,21.43879310982592,14.8114553779692,16.444448539824652,12.752743308167698,7.578995896792942,9.855612118054724,6.221230582074894,8.399971119282888,3.730567932227123,5.414072402778615,2.1128455580549623,3.54351374163482,-2.78,690205.5939907836,21.519292322605008,7.325918985638601,4.204134383579708,162.59031069995737,20.994572059745856,11.735768823996422,10.843243482610037,5.601050810983688,11.814359458703011,16.27347016397548,14.141824241834009,14.083731696315263,8.417796984328938,11.336785877934735,5.15571272675054,20.771211599071872,5.380062770465915,6.041840829147961,37.29827438881211,50.26785898322327,0.0,14.605983116249774,5.15571272675054,38.455944068351485,5.733667477162185,11.073990765314376,0.0,0.0,11.050456081168516,5.131558479839333,0.0,11.336785877934735,68.54635098380861,29.525365011975733,0.0,26.46513959392033,10.535775497216456,0.0,0.0,0.0,201.58,51.4842470947288,22.801408536544404,0.0,15.130702465984026,0.0,11.336785877934735,26.151274369537788,0.0,0.0,15.456479851704078,20.23053332942989,31.44978820569469,0.9796905422586336,44.39737831563419,16.334751159546904,3.256457088644816,-3.375611656986792,-2.3123389733980013,0.0,3.692820624691566,-4.756268639419342,0.4615384615384615,28,5,13,0,1,1,0,1,1,10,4,15,7,0,1,1,2,-1.172499999999998,95.65050000000004,1,0,0,1,0,1,0,0,1,1,3,2,0,0,0,3,1,1,0,0,0,0,0,0,0,0,0,2,0,1,0,0,0,0,0,0,0,0,0,0,0,0,0,0,0,0,0,0,0,0,0,0,0,1,0,0,0,0,0,0,0,0,0,1,0,0,0,0,0,0,0,0,0,0,0,0,0,0,0,0,1,0,0,0,0,562.0,Escherichia coli,Bacteria
116588,,18491536,CHEMBL4187472,Antimicrobial activity against Escherichia coli expressing beta-lactamase IMP-1 by CLSI broth microdilution method,F,BAO_0002146,BAO_0000218,organism-based format,C[C@H]1[C@H](NC(=O)/C(=N\OC(C)(C)C(=O)O)c2csc(N)n2)C(=O)N1S(=O)(=O)O,CHEMBL4184210,Bioorg Med Chem Lett,2018.0,CHEMBL158,AZTREONAM,CHEMBL158,0,http://www.openphacts.org/units/MicrogramPerMilliliter,3069226,=,1,1,=,MIC,ug.mL-1,0.125,CHEMBL354,Escherichia coli,Escherichia coli,562.0,,MIC,ug ml-1,UO_0000274,0.125,CHEMBL158,C[C@H]1[C@H](NC(=O)/C(=N\OC(C)(C)C(=O)O)c2csc(N)n2)C(=O)N1S(=O)(=O)O,12.562141912320484,12.562141912320484,0.0349535856009066,-4.756268639419342,0.174788224513646,20.5,435.44000000000017,418.30400000000014,435.051854504,154,0,0.3620751467724121,-0.4782270320177159,0.4782270320177159,0.3620751467724121,1.4642857142857142,2.071428571428572,2.5,32.24529764273617,10.00401161573638,2.513331128805475,-2.416338874010568,2.230948535260857,-2.707807208919476,7.836563836647012,-0.1608446168429468,2.971847309732629,2.2592762983237704,953.8851353067348,21.43879310982592,14.8114553779692,16.444448539824652,12.752743308167698,7.578995896792942,9.855612118054724,6.221230582074894,8.399971119282888,3.730567932227123,5.414072402778615,2.1128455580549623,3.54351374163482,-2.78,690205.5939907836,21.519292322605008,7.325918985638601,4.204134383579708,162.59031069995737,20.994572059745856,11.735768823996422,10.843243482610037,5.601050810983688,11.814359458703011,16.27347016397548,14.141824241834009,14.083731696315263,8.417796984328938,11.336785877934735,5.15571272675054,20.771211599071872,5.380062770465915,6.041840829147961,37.29827438881211,50.26785898322327,0.0,14.605983116249774,5.15571272675054,38.455944068351485,5.733667477162185,11.073990765314376,0.0,0.0,11.050456081168516,5.131558479839333,0.0,11.336785877934735,68.54635098380861,29.525365011975733,0.0,26.46513959392033,10.535775497216456,0.0,0.0,0.0,201.58,51.4842470947288,22.801408536544404,0.0,15.130702465984026,0.0,11.336785877934735,26.151274369537788,0.0,0.0,15.456479851704078,20.23053332942989,31.44978820569469,0.9796905422586336,44.39737831563419,16.334751159546904,3.256457088644816,-3.375611656986792,-2.3123389733980013,0.0,3.692820624691566,-4.756268639419342,0.4615384615384615,28,5,13,0,1,1,0,1,1,10,4,15,7,0,1,1,2,-1.172499999999998,95.65050000000004,1,0,0,1,0,1,0,0,1,1,3,2,0,0,0,3,1,1,0,0,0,0,0,0,0,0,0,2,0,1,0,0,0,0,0,0,0,0,0,0,0,0,0,0,0,0,0,0,0,0,0,0,0,1,0,0,0,0,0,0,0,0,0,1,0,0,0,0,0,0,0,0,0,0,0,0,0,0,0,0,1,0,0,0,0,562.0,Escherichia coli,Bacteria
116588,,18491536,CHEMBL4187472,Antimicrobial activity against Escherichia coli expressing beta-lactamase IMP-1 by CLSI broth microdilution method,F,BAO_0002146,BAO_0000218,organism-based format,C[C@H]1[C@H](NC(=O)/C(=N\OC(C)(C)C(=O)O)c2csc(N)n2)C(=O)N1S(=O)(=O)O,CHEMBL4184210,Bioorg Med Chem Lett,2018.0,CHEMBL158,AZTREONAM,CHEMBL158,0,http://www.openphacts.org/units/MicrogramPerMilliliter,3069226,=,1,1,=,MIC,ug.mL-1,0.125,CHEMBL354,Escherichia coli,Escherichia coli,562.0,,MIC,ug ml-1,UO_0000274,0.125,CHEMBL158,C[C@H]1[C@H](NC(=O)/C(=N\OC(C)(C)C(=O)O)c2csc(N)n2)C(=O)N1S(=O)(=O)O,12.562141912320484,12.562141912320484,0.0349535856009066,-4.756268639419342,0.174788224513646,20.5,435.44000000000017,418.30400000000014,435.051854504,154,0,0.3620751467724121,-0.4782270320177159,0.4782270320177159,0.3620751467724121,1.4642857142857142,2.071428571428572,2.5,32.24529764273617,10.00401161573638,2.513331128805475,-2.416338874010568,2.230948535260857,-2.707807208919476,7.836563836647012,-0.1608446168429468,2.971847309732629,2.2592762983237704,953.8851353067348,21.43879310982592,14.8114553779692,16.444448539824652,12.752743308167698,7.578995896792942,9.855612118054724,6.221230582074894,8.399971119282888,3.730567932227123,5.414072402778615,2.1128455580549623,3.54351374163482,-2.78,690205.5939907836,21.519292322605008,7.325918985638601,4.204134383579708,162.59031069995737,20.994572059745856,11.735768823996422,10.843243482610037,5.601050810983688,11.814359458703011,16.27347016397548,14.141824241834009,14.083731696315263,8.417796984328938,11.336785877934735,5.15571272675054,20.771211599071872,5.380062770465915,6.041840829147961,37.29827438881211,50.26785898322327,0.0,14.605983116249774,5.15571272675054,38.455944068351485,5.733667477162185,11.073990765314376,0.0,0.0,11.050456081168516,5.131558479839333,0.0,11.336785877934735,68.54635098380861,29.525365011975733,0.0,26.46513959392033,10.535775497216456,0.0,0.0,0.0,201.58,51.4842470947288,22.801408536544404,0.0,15.130702465984026,0.0,11.336785877934735,26.151274369537788,0.0,0.0,15.456479851704078,20.23053332942989,31.44978820569469,0.9796905422586336,44.39737831563419,16.334751159546904,3.256457088644816,-3.375611656986792,-2.3123389733980013,0.0,3.692820624691566,-4.756268639419342,0.4615384615384615,28,5,13,0,1,1,0,1,1,10,4,15,7,0,1,1,2,-1.172499999999998,95.65050000000004,1,0,0,1,0,1,0,0,1,1,3,2,0,0,0,3,1,1,0,0,0,0,0,0,0,0,0,2,0,1,0,0,0,0,0,0,0,0,0,0,0,0,0,0,0,0,0,0,0,0,0,0,0,1,0,0,0,0,0,0,0,0,0,1,0,0,0,0,0,0,0,0,0,0,0,0,0,0,0,0,1,0,0,0,0,562.0,Escherichia coli,Bacteria
116588,,18491536,CHEMBL4187472,Antimicrobial activity against Escherichia coli expressing beta-lactamase IMP-1 by CLSI broth microdilution method,F,BAO_0002146,BAO_0000218,organism-based format,C[C@H]1[C@H](NC(=O)/C(=N\OC(C)(C)C(=O)O)c2csc(N)n2)C(=O)N1S(=O)(=O)O,CHEMBL4184210,Bioorg Med Chem Lett,2018.0,CHEMBL158,AZTREONAM,CHEMBL158,0,http://www.openphacts.org/units/MicrogramPerMilliliter,3069226,=,1,1,=,MIC,ug.mL-1,0.125,CHEMBL354,Escherichia coli,Escherichia coli,562.0,,MIC,ug ml-1,UO_0000274,0.125,CHEMBL158,C[C@H]1[C@H](NC(=O)/C(=N\OC(C)(C)C(=O)O)c2csc(N)n2)C(=O)N1S(=O)(=O)O,12.562141912320484,12.562141912320484,0.0349535856009066,-4.756268639419342,0.174788224513646,20.5,435.44000000000017,418.30400000000014,435.051854504,154,0,0.3620751467724121,-0.4782270320177159,0.4782270320177159,0.3620751467724121,1.4642857142857142,2.071428571428572,2.5,32.24529764273617,10.00401161573638,2.513331128805475,-2.416338874010568,2.230948535260857,-2.707807208919476,7.836563836647012,-0.1608446168429468,2.971847309732629,2.2592762983237704,953.8851353067348,21.43879310982592,14.8114553779692,16.444448539824652,12.752743308167698,7.578995896792942,9.855612118054724,6.221230582074894,8.399971119282888,3.730567932227123,5.414072402778615,2.1128455580549623,3.54351374163482,-2.78,690205.5939907836,21.519292322605008,7.325918985638601,4.204134383579708,162.59031069995737,20.994572059745856,11.735768823996422,10.843243482610037,5.601050810983688,11.814359458703011,16.27347016397548,14.141824241834009,14.083731696315263,8.417796984328938,11.336785877934735,5.15571272675054,20.771211599071872,5.380062770465915,6.041840829147961,37.29827438881211,50.26785898322327,0.0,14.605983116249774,5.15571272675054,38.455944068351485,5.733667477162185,11.073990765314376,0.0,0.0,11.050456081168516,5.131558479839333,0.0,11.336785877934735,68.54635098380861,29.525365011975733,0.0,26.46513959392033,10.535775497216456,0.0,0.0,0.0,201.58,51.4842470947288,22.801408536544404,0.0,15.130702465984026,0.0,11.336785877934735,26.151274369537788,0.0,0.0,15.456479851704078,20.23053332942989,31.44978820569469,0.9796905422586336,44.39737831563419,16.334751159546904,3.256457088644816,-3.375611656986792,-2.3123389733980013,0.0,3.692820624691566,-4.756268639419342,0.4615384615384615,28,5,13,0,1,1,0,1,1,10,4,15,7,0,1,1,2,-1.172499999999998,95.65050000000004,1,0,0,1,0,1,0,0,1,1,3,2,0,0,0,3,1,1,0,0,0,0,0,0,0,0,0,2,0,1,0,0,0,0,0,0,0,0,0,0,0,0,0,0,0,0,0,0,0,0,0,0,0,1,0,0,0,0,0,0,0,0,0,1,0,0,0,0,0,0,0,0,0,0,0,0,0,0,0,0,1,0,0,0,0,562.0,Escherichia coli,Bacteria
116589,,18491549,CHEMBL4187473,Antimicrobial activity against Escherichia coli expressing beta-lactamase NDM-1 by CLSI broth microdilution method,F,BAO_0002146,BAO_0000218,organism-based format,C[C@H]1[C@H](NC(=O)/C(=N\OC(C)(C)C(=O)O)c2csc(N)n2)C(=O)N1S(=O)(=O)O,CHEMBL4184210,Bioorg Med Chem Lett,2018.0,CHEMBL158,AZTREONAM,CHEMBL158,0,http://www.openphacts.org/units/MicrogramPerMilliliter,3069226,=,1,1,=,MIC,ug.mL-1,0.125,CHEMBL354,Escherichia coli,Escherichia coli,562.0,,MIC,ug ml-1,UO_0000274,0.125,CHEMBL158,C[C@H]1[C@H](NC(=O)/C(=N\OC(C)(C)C(=O)O)c2csc(N)n2)C(=O)N1S(=O)(=O)O,12.562141912320484,12.562141912320484,0.0349535856009066,-4.756268639419342,0.174788224513646,20.5,435.44000000000017,418.30400000000014,435.051854504,154,0,0.3620751467724121,-0.4782270320177159,0.4782270320177159,0.3620751467724121,1.4642857142857142,2.071428571428572,2.5,32.24529764273617,10.00401161573638,2.513331128805475,-2.416338874010568,2.230948535260857,-2.707807208919476,7.836563836647012,-0.1608446168429468,2.971847309732629,2.2592762983237704,953.8851353067348,21.43879310982592,14.8114553779692,16.444448539824652,12.752743308167698,7.578995896792942,9.855612118054724,6.221230582074894,8.399971119282888,3.730567932227123,5.414072402778615,2.1128455580549623,3.54351374163482,-2.78,690205.5939907836,21.519292322605008,7.325918985638601,4.204134383579708,162.59031069995737,20.994572059745856,11.735768823996422,10.843243482610037,5.601050810983688,11.814359458703011,16.27347016397548,14.141824241834009,14.083731696315263,8.417796984328938,11.336785877934735,5.15571272675054,20.771211599071872,5.380062770465915,6.041840829147961,37.29827438881211,50.26785898322327,0.0,14.605983116249774,5.15571272675054,38.455944068351485,5.733667477162185,11.073990765314376,0.0,0.0,11.050456081168516,5.131558479839333,0.0,11.336785877934735,68.54635098380861,29.525365011975733,0.0,26.46513959392033,10.535775497216456,0.0,0.0,0.0,201.58,51.4842470947288,22.801408536544404,0.0,15.130702465984026,0.0,11.336785877934735,26.151274369537788,0.0,0.0,15.456479851704078,20.23053332942989,31.44978820569469,0.9796905422586336,44.39737831563419,16.334751159546904,3.256457088644816,-3.375611656986792,-2.3123389733980013,0.0,3.692820624691566,-4.756268639419342,0.4615384615384615,28,5,13,0,1,1,0,1,1,10,4,15,7,0,1,1,2,-1.172499999999998,95.65050000000004,1,0,0,1,0,1,0,0,1,1,3,2,0,0,0,3,1,1,0,0,0,0,0,0,0,0,0,2,0,1,0,0,0,0,0,0,0,0,0,0,0,0,0,0,0,0,0,0,0,0,0,0,0,1,0,0,0,0,0,0,0,0,0,1,0,0,0,0,0,0,0,0,0,0,0,0,0,0,0,0,1,0,0,0,0,562.0,Escherichia coli,Bacteria
116589,,18491549,CHEMBL4187473,Antimicrobial activity against Escherichia coli expressing beta-lactamase NDM-1 by CLSI broth microdilution method,F,BAO_0002146,BAO_0000218,organism-based format,C[C@H]1[C@H](NC(=O)/C(=N\OC(C)(C)C(=O)O)c2csc(N)n2)C(=O)N1S(=O)(=O)O,CHEMBL4184210,Bioorg Med Chem Lett,2018.0,CHEMBL158,AZTREONAM,CHEMBL158,0,http://www.openphacts.org/units/MicrogramPerMilliliter,3069226,=,1,1,=,MIC,ug.mL-1,0.125,CHEMBL354,Escherichia coli,Escherichia coli,562.0,,MIC,ug ml-1,UO_0000274,0.125,CHEMBL158,C[C@H]1[C@H](NC(=O)/C(=N\OC(C)(C)C(=O)O)c2csc(N)n2)C(=O)N1S(=O)(=O)O,12.562141912320484,12.562141912320484,0.0349535856009066,-4.756268639419342,0.174788224513646,20.5,435.44000000000017,418.30400000000014,435.051854504,154,0,0.3620751467724121,-0.4782270320177159,0.4782270320177159,0.3620751467724121,1.4642857142857142,2.071428571428572,2.5,32.24529764273617,10.00401161573638,2.513331128805475,-2.416338874010568,2.230948535260857,-2.707807208919476,7.836563836647012,-0.1608446168429468,2.971847309732629,2.2592762983237704,953.8851353067348,21.43879310982592,14.8114553779692,16.444448539824652,12.752743308167698,7.578995896792942,9.855612118054724,6.221230582074894,8.399971119282888,3.730567932227123,5.414072402778615,2.1128455580549623,3.54351374163482,-2.78,690205.5939907836,21.519292322605008,7.325918985638601,4.204134383579708,162.59031069995737,20.994572059745856,11.735768823996422,10.843243482610037,5.601050810983688,11.814359458703011,16.27347016397548,14.141824241834009,14.083731696315263,8.417796984328938,11.336785877934735,5.15571272675054,20.771211599071872,5.380062770465915,6.041840829147961,37.29827438881211,50.26785898322327,0.0,14.605983116249774,5.15571272675054,38.455944068351485,5.733667477162185,11.073990765314376,0.0,0.0,11.050456081168516,5.131558479839333,0.0,11.336785877934735,68.54635098380861,29.525365011975733,0.0,26.46513959392033,10.535775497216456,0.0,0.0,0.0,201.58,51.4842470947288,22.801408536544404,0.0,15.130702465984026,0.0,11.336785877934735,26.151274369537788,0.0,0.0,15.456479851704078,20.23053332942989,31.44978820569469,0.9796905422586336,44.39737831563419,16.334751159546904,3.256457088644816,-3.375611656986792,-2.3123389733980013,0.0,3.692820624691566,-4.756268639419342,0.4615384615384615,28,5,13,0,1,1,0,1,1,10,4,15,7,0,1,1,2,-1.172499999999998,95.65050000000004,1,0,0,1,0,1,0,0,1,1,3,2,0,0,0,3,1,1,0,0,0,0,0,0,0,0,0,2,0,1,0,0,0,0,0,0,0,0,0,0,0,0,0,0,0,0,0,0,0,0,0,0,0,1,0,0,0,0,0,0,0,0,0,1,0,0,0,0,0,0,0,0,0,0,0,0,0,0,0,0,1,0,0,0,0,562.0,Escherichia coli,Bacteria
116589,,18491549,CHEMBL4187473,Antimicrobial activity against Escherichia coli expressing beta-lactamase NDM-1 by CLSI broth microdilution method,F,BAO_0002146,BAO_0000218,organism-based format,C[C@H]1[C@H](NC(=O)/C(=N\OC(C)(C)C(=O)O)c2csc(N)n2)C(=O)N1S(=O)(=O)O,CHEMBL4184210,Bioorg Med Chem Lett,2018.0,CHEMBL158,AZTREONAM,CHEMBL158,0,http://www.openphacts.org/units/MicrogramPerMilliliter,3069226,=,1,1,=,MIC,ug.mL-1,0.125,CHEMBL354,Escherichia coli,Escherichia coli,562.0,,MIC,ug ml-1,UO_0000274,0.125,CHEMBL158,C[C@H]1[C@H](NC(=O)/C(=N\OC(C)(C)C(=O)O)c2csc(N)n2)C(=O)N1S(=O)(=O)O,12.562141912320484,12.562141912320484,0.0349535856009066,-4.756268639419342,0.174788224513646,20.5,435.44000000000017,418.30400000000014,435.051854504,154,0,0.3620751467724121,-0.4782270320177159,0.4782270320177159,0.3620751467724121,1.4642857142857142,2.071428571428572,2.5,32.24529764273617,10.00401161573638,2.513331128805475,-2.416338874010568,2.230948535260857,-2.707807208919476,7.836563836647012,-0.1608446168429468,2.971847309732629,2.2592762983237704,953.8851353067348,21.43879310982592,14.8114553779692,16.444448539824652,12.752743308167698,7.578995896792942,9.855612118054724,6.221230582074894,8.399971119282888,3.730567932227123,5.414072402778615,2.1128455580549623,3.54351374163482,-2.78,690205.5939907836,21.519292322605008,7.325918985638601,4.204134383579708,162.59031069995737,20.994572059745856,11.735768823996422,10.843243482610037,5.601050810983688,11.814359458703011,16.27347016397548,14.141824241834009,14.083731696315263,8.417796984328938,11.336785877934735,5.15571272675054,20.771211599071872,5.380062770465915,6.041840829147961,37.29827438881211,50.26785898322327,0.0,14.605983116249774,5.15571272675054,38.455944068351485,5.733667477162185,11.073990765314376,0.0,0.0,11.050456081168516,5.131558479839333,0.0,11.336785877934735,68.54635098380861,29.525365011975733,0.0,26.46513959392033,10.535775497216456,0.0,0.0,0.0,201.58,51.4842470947288,22.801408536544404,0.0,15.130702465984026,0.0,11.336785877934735,26.151274369537788,0.0,0.0,15.456479851704078,20.23053332942989,31.44978820569469,0.9796905422586336,44.39737831563419,16.334751159546904,3.256457088644816,-3.375611656986792,-2.3123389733980013,0.0,3.692820624691566,-4.756268639419342,0.4615384615384615,28,5,13,0,1,1,0,1,1,10,4,15,7,0,1,1,2,-1.172499999999998,95.65050000000004,1,0,0,1,0,1,0,0,1,1,3,2,0,0,0,3,1,1,0,0,0,0,0,0,0,0,0,2,0,1,0,0,0,0,0,0,0,0,0,0,0,0,0,0,0,0,0,0,0,0,0,0,0,1,0,0,0,0,0,0,0,0,0,1,0,0,0,0,0,0,0,0,0,0,0,0,0,0,0,0,1,0,0,0,0,562.0,Escherichia coli,Bacteria
116589,,18491549,CHEMBL4187473,Antimicrobial activity against Escherichia coli expressing beta-lactamase NDM-1 by CLSI broth microdilution method,F,BAO_0002146,BAO_0000218,organism-based format,C[C@H]1[C@H](NC(=O)/C(=N\OC(C)(C)C(=O)O)c2csc(N)n2)C(=O)N1S(=O)(=O)O,CHEMBL4184210,Bioorg Med Chem Lett,2018.0,CHEMBL158,AZTREONAM,CHEMBL158,0,http://www.openphacts.org/units/MicrogramPerMilliliter,3069226,=,1,1,=,MIC,ug.mL-1,0.125,CHEMBL354,Escherichia coli,Escherichia coli,562.0,,MIC,ug ml-1,UO_0000274,0.125,CHEMBL158,C[C@H]1[C@H](NC(=O)/C(=N\OC(C)(C)C(=O)O)c2csc(N)n2)C(=O)N1S(=O)(=O)O,12.562141912320484,12.562141912320484,0.0349535856009066,-4.756268639419342,0.174788224513646,20.5,435.44000000000017,418.30400000000014,435.051854504,154,0,0.3620751467724121,-0.4782270320177159,0.4782270320177159,0.3620751467724121,1.4642857142857142,2.071428571428572,2.5,32.24529764273617,10.00401161573638,2.513331128805475,-2.416338874010568,2.230948535260857,-2.707807208919476,7.836563836647012,-0.1608446168429468,2.971847309732629,2.2592762983237704,953.8851353067348,21.43879310982592,14.8114553779692,16.444448539824652,12.752743308167698,7.578995896792942,9.855612118054724,6.221230582074894,8.399971119282888,3.730567932227123,5.414072402778615,2.1128455580549623,3.54351374163482,-2.78,690205.5939907836,21.519292322605008,7.325918985638601,4.204134383579708,162.59031069995737,20.994572059745856,11.735768823996422,10.843243482610037,5.601050810983688,11.814359458703011,16.27347016397548,14.141824241834009,14.083731696315263,8.417796984328938,11.336785877934735,5.15571272675054,20.771211599071872,5.380062770465915,6.041840829147961,37.29827438881211,50.26785898322327,0.0,14.605983116249774,5.15571272675054,38.455944068351485,5.733667477162185,11.073990765314376,0.0,0.0,11.050456081168516,5.131558479839333,0.0,11.336785877934735,68.54635098380861,29.525365011975733,0.0,26.46513959392033,10.535775497216456,0.0,0.0,0.0,201.58,51.4842470947288,22.801408536544404,0.0,15.130702465984026,0.0,11.336785877934735,26.151274369537788,0.0,0.0,15.456479851704078,20.23053332942989,31.44978820569469,0.9796905422586336,44.39737831563419,16.334751159546904,3.256457088644816,-3.375611656986792,-2.3123389733980013,0.0,3.692820624691566,-4.756268639419342,0.4615384615384615,28,5,13,0,1,1,0,1,1,10,4,15,7,0,1,1,2,-1.172499999999998,95.65050000000004,1,0,0,1,0,1,0,0,1,1,3,2,0,0,0,3,1,1,0,0,0,0,0,0,0,0,0,2,0,1,0,0,0,0,0,0,0,0,0,0,0,0,0,0,0,0,0,0,0,0,0,0,0,1,0,0,0,0,0,0,0,0,0,1,0,0,0,0,0,0,0,0,0,0,0,0,0,0,0,0,1,0,0,0,0,562.0,Escherichia coli,Bacteria
116590,,18491578,CHEMBL4187474,Antimicrobial activity against Escherichia coli expressing beta-lactamase NDM-5 by CLSI broth microdilution method,F,BAO_0002146,BAO_0000218,organism-based format,C[C@H]1[C@H](NC(=O)/C(=N\OC(C)(C)C(=O)O)c2csc(N)n2)C(=O)N1S(=O)(=O)O,CHEMBL4184210,Bioorg Med Chem Lett,2018.0,CHEMBL158,AZTREONAM,CHEMBL158,0,http://www.openphacts.org/units/MicrogramPerMilliliter,3069226,=,1,1,=,MIC,ug.mL-1,0.125,CHEMBL354,Escherichia coli,Escherichia coli,562.0,,MIC,ug ml-1,UO_0000274,0.125,CHEMBL158,C[C@H]1[C@H](NC(=O)/C(=N\OC(C)(C)C(=O)O)c2csc(N)n2)C(=O)N1S(=O)(=O)O,12.562141912320484,12.562141912320484,0.0349535856009066,-4.756268639419342,0.174788224513646,20.5,435.44000000000017,418.30400000000014,435.051854504,154,0,0.3620751467724121,-0.4782270320177159,0.4782270320177159,0.3620751467724121,1.4642857142857142,2.071428571428572,2.5,32.24529764273617,10.00401161573638,2.513331128805475,-2.416338874010568,2.230948535260857,-2.707807208919476,7.836563836647012,-0.1608446168429468,2.971847309732629,2.2592762983237704,953.8851353067348,21.43879310982592,14.8114553779692,16.444448539824652,12.752743308167698,7.578995896792942,9.855612118054724,6.221230582074894,8.399971119282888,3.730567932227123,5.414072402778615,2.1128455580549623,3.54351374163482,-2.78,690205.5939907836,21.519292322605008,7.325918985638601,4.204134383579708,162.59031069995737,20.994572059745856,11.735768823996422,10.843243482610037,5.601050810983688,11.814359458703011,16.27347016397548,14.141824241834009,14.083731696315263,8.417796984328938,11.336785877934735,5.15571272675054,20.771211599071872,5.380062770465915,6.041840829147961,37.29827438881211,50.26785898322327,0.0,14.605983116249774,5.15571272675054,38.455944068351485,5.733667477162185,11.073990765314376,0.0,0.0,11.050456081168516,5.131558479839333,0.0,11.336785877934735,68.54635098380861,29.525365011975733,0.0,26.46513959392033,10.535775497216456,0.0,0.0,0.0,201.58,51.4842470947288,22.801408536544404,0.0,15.130702465984026,0.0,11.336785877934735,26.151274369537788,0.0,0.0,15.456479851704078,20.23053332942989,31.44978820569469,0.9796905422586336,44.39737831563419,16.334751159546904,3.256457088644816,-3.375611656986792,-2.3123389733980013,0.0,3.692820624691566,-4.756268639419342,0.4615384615384615,28,5,13,0,1,1,0,1,1,10,4,15,7,0,1,1,2,-1.172499999999998,95.65050000000004,1,0,0,1,0,1,0,0,1,1,3,2,0,0,0,3,1,1,0,0,0,0,0,0,0,0,0,2,0,1,0,0,0,0,0,0,0,0,0,0,0,0,0,0,0,0,0,0,0,0,0,0,0,1,0,0,0,0,0,0,0,0,0,1,0,0,0,0,0,0,0,0,0,0,0,0,0,0,0,0,1,0,0,0,0,562.0,Escherichia coli,Bacteria
116590,,18491578,CHEMBL4187474,Antimicrobial activity against Escherichia coli expressing beta-lactamase NDM-5 by CLSI broth microdilution method,F,BAO_0002146,BAO_0000218,organism-based format,C[C@H]1[C@H](NC(=O)/C(=N\OC(C)(C)C(=O)O)c2csc(N)n2)C(=O)N1S(=O)(=O)O,CHEMBL4184210,Bioorg Med Chem Lett,2018.0,CHEMBL158,AZTREONAM,CHEMBL158,0,http://www.openphacts.org/units/MicrogramPerMilliliter,3069226,=,1,1,=,MIC,ug.mL-1,0.125,CHEMBL354,Escherichia coli,Escherichia coli,562.0,,MIC,ug ml-1,UO_0000274,0.125,CHEMBL158,C[C@H]1[C@H](NC(=O)/C(=N\OC(C)(C)C(=O)O)c2csc(N)n2)C(=O)N1S(=O)(=O)O,12.562141912320484,12.562141912320484,0.0349535856009066,-4.756268639419342,0.174788224513646,20.5,435.44000000000017,418.30400000000014,435.051854504,154,0,0.3620751467724121,-0.4782270320177159,0.4782270320177159,0.3620751467724121,1.4642857142857142,2.071428571428572,2.5,32.24529764273617,10.00401161573638,2.513331128805475,-2.416338874010568,2.230948535260857,-2.707807208919476,7.836563836647012,-0.1608446168429468,2.971847309732629,2.2592762983237704,953.8851353067348,21.43879310982592,14.8114553779692,16.444448539824652,12.752743308167698,7.578995896792942,9.855612118054724,6.221230582074894,8.399971119282888,3.730567932227123,5.414072402778615,2.1128455580549623,3.54351374163482,-2.78,690205.5939907836,21.519292322605008,7.325918985638601,4.204134383579708,162.59031069995737,20.994572059745856,11.735768823996422,10.843243482610037,5.601050810983688,11.814359458703011,16.27347016397548,14.141824241834009,14.083731696315263,8.417796984328938,11.336785877934735,5.15571272675054,20.771211599071872,5.380062770465915,6.041840829147961,37.29827438881211,50.26785898322327,0.0,14.605983116249774,5.15571272675054,38.455944068351485,5.733667477162185,11.073990765314376,0.0,0.0,11.050456081168516,5.131558479839333,0.0,11.336785877934735,68.54635098380861,29.525365011975733,0.0,26.46513959392033,10.535775497216456,0.0,0.0,0.0,201.58,51.4842470947288,22.801408536544404,0.0,15.130702465984026,0.0,11.336785877934735,26.151274369537788,0.0,0.0,15.456479851704078,20.23053332942989,31.44978820569469,0.9796905422586336,44.39737831563419,16.334751159546904,3.256457088644816,-3.375611656986792,-2.3123389733980013,0.0,3.692820624691566,-4.756268639419342,0.4615384615384615,28,5,13,0,1,1,0,1,1,10,4,15,7,0,1,1,2,-1.172499999999998,95.65050000000004,1,0,0,1,0,1,0,0,1,1,3,2,0,0,0,3,1,1,0,0,0,0,0,0,0,0,0,2,0,1,0,0,0,0,0,0,0,0,0,0,0,0,0,0,0,0,0,0,0,0,0,0,0,1,0,0,0,0,0,0,0,0,0,1,0,0,0,0,0,0,0,0,0,0,0,0,0,0,0,0,1,0,0,0,0,562.0,Escherichia coli,Bacteria
116590,,18491578,CHEMBL4187474,Antimicrobial activity against Escherichia coli expressing beta-lactamase NDM-5 by CLSI broth microdilution method,F,BAO_0002146,BAO_0000218,organism-based format,C[C@H]1[C@H](NC(=O)/C(=N\OC(C)(C)C(=O)O)c2csc(N)n2)C(=O)N1S(=O)(=O)O,CHEMBL4184210,Bioorg Med Chem Lett,2018.0,CHEMBL158,AZTREONAM,CHEMBL158,0,http://www.openphacts.org/units/MicrogramPerMilliliter,3069226,=,1,1,=,MIC,ug.mL-1,0.125,CHEMBL354,Escherichia coli,Escherichia coli,562.0,,MIC,ug ml-1,UO_0000274,0.125,CHEMBL158,C[C@H]1[C@H](NC(=O)/C(=N\OC(C)(C)C(=O)O)c2csc(N)n2)C(=O)N1S(=O)(=O)O,12.562141912320484,12.562141912320484,0.0349535856009066,-4.756268639419342,0.174788224513646,20.5,435.44000000000017,418.30400000000014,435.051854504,154,0,0.3620751467724121,-0.4782270320177159,0.4782270320177159,0.3620751467724121,1.4642857142857142,2.071428571428572,2.5,32.24529764273617,10.00401161573638,2.513331128805475,-2.416338874010568,2.230948535260857,-2.707807208919476,7.836563836647012,-0.1608446168429468,2.971847309732629,2.2592762983237704,953.8851353067348,21.43879310982592,14.8114553779692,16.444448539824652,12.752743308167698,7.578995896792942,9.855612118054724,6.221230582074894,8.399971119282888,3.730567932227123,5.414072402778615,2.1128455580549623,3.54351374163482,-2.78,690205.5939907836,21.519292322605008,7.325918985638601,4.204134383579708,162.59031069995737,20.994572059745856,11.735768823996422,10.843243482610037,5.601050810983688,11.814359458703011,16.27347016397548,14.141824241834009,14.083731696315263,8.417796984328938,11.336785877934735,5.15571272675054,20.771211599071872,5.380062770465915,6.041840829147961,37.29827438881211,50.26785898322327,0.0,14.605983116249774,5.15571272675054,38.455944068351485,5.733667477162185,11.073990765314376,0.0,0.0,11.050456081168516,5.131558479839333,0.0,11.336785877934735,68.54635098380861,29.525365011975733,0.0,26.46513959392033,10.535775497216456,0.0,0.0,0.0,201.58,51.4842470947288,22.801408536544404,0.0,15.130702465984026,0.0,11.336785877934735,26.151274369537788,0.0,0.0,15.456479851704078,20.23053332942989,31.44978820569469,0.9796905422586336,44.39737831563419,16.334751159546904,3.256457088644816,-3.375611656986792,-2.3123389733980013,0.0,3.692820624691566,-4.756268639419342,0.4615384615384615,28,5,13,0,1,1,0,1,1,10,4,15,7,0,1,1,2,-1.172499999999998,95.65050000000004,1,0,0,1,0,1,0,0,1,1,3,2,0,0,0,3,1,1,0,0,0,0,0,0,0,0,0,2,0,1,0,0,0,0,0,0,0,0,0,0,0,0,0,0,0,0,0,0,0,0,0,0,0,1,0,0,0,0,0,0,0,0,0,1,0,0,0,0,0,0,0,0,0,0,0,0,0,0,0,0,1,0,0,0,0,562.0,Escherichia coli,Bacteria
116590,,18491578,CHEMBL4187474,Antimicrobial activity against Escherichia coli expressing beta-lactamase NDM-5 by CLSI broth microdilution method,F,BAO_0002146,BAO_0000218,organism-based format,C[C@H]1[C@H](NC(=O)/C(=N\OC(C)(C)C(=O)O)c2csc(N)n2)C(=O)N1S(=O)(=O)O,CHEMBL4184210,Bioorg Med Chem Lett,2018.0,CHEMBL158,AZTREONAM,CHEMBL158,0,http://www.openphacts.org/units/MicrogramPerMilliliter,3069226,=,1,1,=,MIC,ug.mL-1,0.125,CHEMBL354,Escherichia coli,Escherichia coli,562.0,,MIC,ug ml-1,UO_0000274,0.125,CHEMBL158,C[C@H]1[C@H](NC(=O)/C(=N\OC(C)(C)C(=O)O)c2csc(N)n2)C(=O)N1S(=O)(=O)O,12.562141912320484,12.562141912320484,0.0349535856009066,-4.756268639419342,0.174788224513646,20.5,435.44000000000017,418.30400000000014,435.051854504,154,0,0.3620751467724121,-0.4782270320177159,0.4782270320177159,0.3620751467724121,1.4642857142857142,2.071428571428572,2.5,32.24529764273617,10.00401161573638,2.513331128805475,-2.416338874010568,2.230948535260857,-2.707807208919476,7.836563836647012,-0.1608446168429468,2.971847309732629,2.2592762983237704,953.8851353067348,21.43879310982592,14.8114553779692,16.444448539824652,12.752743308167698,7.578995896792942,9.855612118054724,6.221230582074894,8.399971119282888,3.730567932227123,5.414072402778615,2.1128455580549623,3.54351374163482,-2.78,690205.5939907836,21.519292322605008,7.325918985638601,4.204134383579708,162.59031069995737,20.994572059745856,11.735768823996422,10.843243482610037,5.601050810983688,11.814359458703011,16.27347016397548,14.141824241834009,14.083731696315263,8.417796984328938,11.336785877934735,5.15571272675054,20.771211599071872,5.380062770465915,6.041840829147961,37.29827438881211,50.26785898322327,0.0,14.605983116249774,5.15571272675054,38.455944068351485,5.733667477162185,11.073990765314376,0.0,0.0,11.050456081168516,5.131558479839333,0.0,11.336785877934735,68.54635098380861,29.525365011975733,0.0,26.46513959392033,10.535775497216456,0.0,0.0,0.0,201.58,51.4842470947288,22.801408536544404,0.0,15.130702465984026,0.0,11.336785877934735,26.151274369537788,0.0,0.0,15.456479851704078,20.23053332942989,31.44978820569469,0.9796905422586336,44.39737831563419,16.334751159546904,3.256457088644816,-3.375611656986792,-2.3123389733980013,0.0,3.692820624691566,-4.756268639419342,0.4615384615384615,28,5,13,0,1,1,0,1,1,10,4,15,7,0,1,1,2,-1.172499999999998,95.65050000000004,1,0,0,1,0,1,0,0,1,1,3,2,0,0,0,3,1,1,0,0,0,0,0,0,0,0,0,2,0,1,0,0,0,0,0,0,0,0,0,0,0,0,0,0,0,0,0,0,0,0,0,0,0,1,0,0,0,0,0,0,0,0,0,1,0,0,0,0,0,0,0,0,0,0,0,0,0,0,0,0,1,0,0,0,0,562.0,Escherichia coli,Bacteria
116591,,18491591,CHEMBL4187475,Antimicrobial activity against Escherichia coli expressing beta-lactamase SPM-1 by CLSI broth microdilution method,F,BAO_0002146,BAO_0000218,organism-based format,C[C@H]1[C@H](NC(=O)/C(=N\OC(C)(C)C(=O)O)c2csc(N)n2)C(=O)N1S(=O)(=O)O,CHEMBL4184210,Bioorg Med Chem Lett,2018.0,CHEMBL158,AZTREONAM,CHEMBL158,0,http://www.openphacts.org/units/MicrogramPerMilliliter,3069226,=,1,1,=,MIC,ug.mL-1,0.125,CHEMBL354,Escherichia coli,Escherichia coli,562.0,,MIC,ug ml-1,UO_0000274,0.125,CHEMBL158,C[C@H]1[C@H](NC(=O)/C(=N\OC(C)(C)C(=O)O)c2csc(N)n2)C(=O)N1S(=O)(=O)O,12.562141912320484,12.562141912320484,0.0349535856009066,-4.756268639419342,0.174788224513646,20.5,435.44000000000017,418.30400000000014,435.051854504,154,0,0.3620751467724121,-0.4782270320177159,0.4782270320177159,0.3620751467724121,1.4642857142857142,2.071428571428572,2.5,32.24529764273617,10.00401161573638,2.513331128805475,-2.416338874010568,2.230948535260857,-2.707807208919476,7.836563836647012,-0.1608446168429468,2.971847309732629,2.2592762983237704,953.8851353067348,21.43879310982592,14.8114553779692,16.444448539824652,12.752743308167698,7.578995896792942,9.855612118054724,6.221230582074894,8.399971119282888,3.730567932227123,5.414072402778615,2.1128455580549623,3.54351374163482,-2.78,690205.5939907836,21.519292322605008,7.325918985638601,4.204134383579708,162.59031069995737,20.994572059745856,11.735768823996422,10.843243482610037,5.601050810983688,11.814359458703011,16.27347016397548,14.141824241834009,14.083731696315263,8.417796984328938,11.336785877934735,5.15571272675054,20.771211599071872,5.380062770465915,6.041840829147961,37.29827438881211,50.26785898322327,0.0,14.605983116249774,5.15571272675054,38.455944068351485,5.733667477162185,11.073990765314376,0.0,0.0,11.050456081168516,5.131558479839333,0.0,11.336785877934735,68.54635098380861,29.525365011975733,0.0,26.46513959392033,10.535775497216456,0.0,0.0,0.0,201.58,51.4842470947288,22.801408536544404,0.0,15.130702465984026,0.0,11.336785877934735,26.151274369537788,0.0,0.0,15.456479851704078,20.23053332942989,31.44978820569469,0.9796905422586336,44.39737831563419,16.334751159546904,3.256457088644816,-3.375611656986792,-2.3123389733980013,0.0,3.692820624691566,-4.756268639419342,0.4615384615384615,28,5,13,0,1,1,0,1,1,10,4,15,7,0,1,1,2,-1.172499999999998,95.65050000000004,1,0,0,1,0,1,0,0,1,1,3,2,0,0,0,3,1,1,0,0,0,0,0,0,0,0,0,2,0,1,0,0,0,0,0,0,0,0,0,0,0,0,0,0,0,0,0,0,0,0,0,0,0,1,0,0,0,0,0,0,0,0,0,1,0,0,0,0,0,0,0,0,0,0,0,0,0,0,0,0,1,0,0,0,0,562.0,Escherichia coli,Bacteria
116591,,18491591,CHEMBL4187475,Antimicrobial activity against Escherichia coli expressing beta-lactamase SPM-1 by CLSI broth microdilution method,F,BAO_0002146,BAO_0000218,organism-based format,C[C@H]1[C@H](NC(=O)/C(=N\OC(C)(C)C(=O)O)c2csc(N)n2)C(=O)N1S(=O)(=O)O,CHEMBL4184210,Bioorg Med Chem Lett,2018.0,CHEMBL158,AZTREONAM,CHEMBL158,0,http://www.openphacts.org/units/MicrogramPerMilliliter,3069226,=,1,1,=,MIC,ug.mL-1,0.125,CHEMBL354,Escherichia coli,Escherichia coli,562.0,,MIC,ug ml-1,UO_0000274,0.125,CHEMBL158,C[C@H]1[C@H](NC(=O)/C(=N\OC(C)(C)C(=O)O)c2csc(N)n2)C(=O)N1S(=O)(=O)O,12.562141912320484,12.562141912320484,0.0349535856009066,-4.756268639419342,0.174788224513646,20.5,435.44000000000017,418.30400000000014,435.051854504,154,0,0.3620751467724121,-0.4782270320177159,0.4782270320177159,0.3620751467724121,1.4642857142857142,2.071428571428572,2.5,32.24529764273617,10.00401161573638,2.513331128805475,-2.416338874010568,2.230948535260857,-2.707807208919476,7.836563836647012,-0.1608446168429468,2.971847309732629,2.2592762983237704,953.8851353067348,21.43879310982592,14.8114553779692,16.444448539824652,12.752743308167698,7.578995896792942,9.855612118054724,6.221230582074894,8.399971119282888,3.730567932227123,5.414072402778615,2.1128455580549623,3.54351374163482,-2.78,690205.5939907836,21.519292322605008,7.325918985638601,4.204134383579708,162.59031069995737,20.994572059745856,11.735768823996422,10.843243482610037,5.601050810983688,11.814359458703011,16.27347016397548,14.141824241834009,14.083731696315263,8.417796984328938,11.336785877934735,5.15571272675054,20.771211599071872,5.380062770465915,6.041840829147961,37.29827438881211,50.26785898322327,0.0,14.605983116249774,5.15571272675054,38.455944068351485,5.733667477162185,11.073990765314376,0.0,0.0,11.050456081168516,5.131558479839333,0.0,11.336785877934735,68.54635098380861,29.525365011975733,0.0,26.46513959392033,10.535775497216456,0.0,0.0,0.0,201.58,51.4842470947288,22.801408536544404,0.0,15.130702465984026,0.0,11.336785877934735,26.151274369537788,0.0,0.0,15.456479851704078,20.23053332942989,31.44978820569469,0.9796905422586336,44.39737831563419,16.334751159546904,3.256457088644816,-3.375611656986792,-2.3123389733980013,0.0,3.692820624691566,-4.756268639419342,0.4615384615384615,28,5,13,0,1,1,0,1,1,10,4,15,7,0,1,1,2,-1.172499999999998,95.65050000000004,1,0,0,1,0,1,0,0,1,1,3,2,0,0,0,3,1,1,0,0,0,0,0,0,0,0,0,2,0,1,0,0,0,0,0,0,0,0,0,0,0,0,0,0,0,0,0,0,0,0,0,0,0,1,0,0,0,0,0,0,0,0,0,1,0,0,0,0,0,0,0,0,0,0,0,0,0,0,0,0,1,0,0,0,0,562.0,Escherichia coli,Bacteria
116591,,18491591,CHEMBL4187475,Antimicrobial activity against Escherichia coli expressing beta-lactamase SPM-1 by CLSI broth microdilution method,F,BAO_0002146,BAO_0000218,organism-based format,C[C@H]1[C@H](NC(=O)/C(=N\OC(C)(C)C(=O)O)c2csc(N)n2)C(=O)N1S(=O)(=O)O,CHEMBL4184210,Bioorg Med Chem Lett,2018.0,CHEMBL158,AZTREONAM,CHEMBL158,0,http://www.openphacts.org/units/MicrogramPerMilliliter,3069226,=,1,1,=,MIC,ug.mL-1,0.125,CHEMBL354,Escherichia coli,Escherichia coli,562.0,,MIC,ug ml-1,UO_0000274,0.125,CHEMBL158,C[C@H]1[C@H](NC(=O)/C(=N\OC(C)(C)C(=O)O)c2csc(N)n2)C(=O)N1S(=O)(=O)O,12.562141912320484,12.562141912320484,0.0349535856009066,-4.756268639419342,0.174788224513646,20.5,435.44000000000017,418.30400000000014,435.051854504,154,0,0.3620751467724121,-0.4782270320177159,0.4782270320177159,0.3620751467724121,1.4642857142857142,2.071428571428572,2.5,32.24529764273617,10.00401161573638,2.513331128805475,-2.416338874010568,2.230948535260857,-2.707807208919476,7.836563836647012,-0.1608446168429468,2.971847309732629,2.2592762983237704,953.8851353067348,21.43879310982592,14.8114553779692,16.444448539824652,12.752743308167698,7.578995896792942,9.855612118054724,6.221230582074894,8.399971119282888,3.730567932227123,5.414072402778615,2.1128455580549623,3.54351374163482,-2.78,690205.5939907836,21.519292322605008,7.325918985638601,4.204134383579708,162.59031069995737,20.994572059745856,11.735768823996422,10.843243482610037,5.601050810983688,11.814359458703011,16.27347016397548,14.141824241834009,14.083731696315263,8.417796984328938,11.336785877934735,5.15571272675054,20.771211599071872,5.380062770465915,6.041840829147961,37.29827438881211,50.26785898322327,0.0,14.605983116249774,5.15571272675054,38.455944068351485,5.733667477162185,11.073990765314376,0.0,0.0,11.050456081168516,5.131558479839333,0.0,11.336785877934735,68.54635098380861,29.525365011975733,0.0,26.46513959392033,10.535775497216456,0.0,0.0,0.0,201.58,51.4842470947288,22.801408536544404,0.0,15.130702465984026,0.0,11.336785877934735,26.151274369537788,0.0,0.0,15.456479851704078,20.23053332942989,31.44978820569469,0.9796905422586336,44.39737831563419,16.334751159546904,3.256457088644816,-3.375611656986792,-2.3123389733980013,0.0,3.692820624691566,-4.756268639419342,0.4615384615384615,28,5,13,0,1,1,0,1,1,10,4,15,7,0,1,1,2,-1.172499999999998,95.65050000000004,1,0,0,1,0,1,0,0,1,1,3,2,0,0,0,3,1,1,0,0,0,0,0,0,0,0,0,2,0,1,0,0,0,0,0,0,0,0,0,0,0,0,0,0,0,0,0,0,0,0,0,0,0,1,0,0,0,0,0,0,0,0,0,1,0,0,0,0,0,0,0,0,0,0,0,0,0,0,0,0,1,0,0,0,0,562.0,Escherichia coli,Bacteria
116591,,18491591,CHEMBL4187475,Antimicrobial activity against Escherichia coli expressing beta-lactamase SPM-1 by CLSI broth microdilution method,F,BAO_0002146,BAO_0000218,organism-based format,C[C@H]1[C@H](NC(=O)/C(=N\OC(C)(C)C(=O)O)c2csc(N)n2)C(=O)N1S(=O)(=O)O,CHEMBL4184210,Bioorg Med Chem Lett,2018.0,CHEMBL158,AZTREONAM,CHEMBL158,0,http://www.openphacts.org/units/MicrogramPerMilliliter,3069226,=,1,1,=,MIC,ug.mL-1,0.125,CHEMBL354,Escherichia coli,Escherichia coli,562.0,,MIC,ug ml-1,UO_0000274,0.125,CHEMBL158,C[C@H]1[C@H](NC(=O)/C(=N\OC(C)(C)C(=O)O)c2csc(N)n2)C(=O)N1S(=O)(=O)O,12.562141912320484,12.562141912320484,0.0349535856009066,-4.756268639419342,0.174788224513646,20.5,435.44000000000017,418.30400000000014,435.051854504,154,0,0.3620751467724121,-0.4782270320177159,0.4782270320177159,0.3620751467724121,1.4642857142857142,2.071428571428572,2.5,32.24529764273617,10.00401161573638,2.513331128805475,-2.416338874010568,2.230948535260857,-2.707807208919476,7.836563836647012,-0.1608446168429468,2.971847309732629,2.2592762983237704,953.8851353067348,21.43879310982592,14.8114553779692,16.444448539824652,12.752743308167698,7.578995896792942,9.855612118054724,6.221230582074894,8.399971119282888,3.730567932227123,5.414072402778615,2.1128455580549623,3.54351374163482,-2.78,690205.5939907836,21.519292322605008,7.325918985638601,4.204134383579708,162.59031069995737,20.994572059745856,11.735768823996422,10.843243482610037,5.601050810983688,11.814359458703011,16.27347016397548,14.141824241834009,14.083731696315263,8.417796984328938,11.336785877934735,5.15571272675054,20.771211599071872,5.380062770465915,6.041840829147961,37.29827438881211,50.26785898322327,0.0,14.605983116249774,5.15571272675054,38.455944068351485,5.733667477162185,11.073990765314376,0.0,0.0,11.050456081168516,5.131558479839333,0.0,11.336785877934735,68.54635098380861,29.525365011975733,0.0,26.46513959392033,10.535775497216456,0.0,0.0,0.0,201.58,51.4842470947288,22.801408536544404,0.0,15.130702465984026,0.0,11.336785877934735,26.151274369537788,0.0,0.0,15.456479851704078,20.23053332942989,31.44978820569469,0.9796905422586336,44.39737831563419,16.334751159546904,3.256457088644816,-3.375611656986792,-2.3123389733980013,0.0,3.692820624691566,-4.756268639419342,0.4615384615384615,28,5,13,0,1,1,0,1,1,10,4,15,7,0,1,1,2,-1.172499999999998,95.65050000000004,1,0,0,1,0,1,0,0,1,1,3,2,0,0,0,3,1,1,0,0,0,0,0,0,0,0,0,2,0,1,0,0,0,0,0,0,0,0,0,0,0,0,0,0,0,0,0,0,0,0,0,0,0,1,0,0,0,0,0,0,0,0,0,1,0,0,0,0,0,0,0,0,0,0,0,0,0,0,0,0,1,0,0,0,0,562.0,Escherichia coli,Bacteria
116592,,18491604,CHEMBL4187476,Antimicrobial activity against Escherichia coli expressing beta-lactamase VIM-1 by CLSI broth microdilution method,F,BAO_0002146,BAO_0000218,organism-based format,C[C@H]1[C@H](NC(=O)/C(=N\OC(C)(C)C(=O)O)c2csc(N)n2)C(=O)N1S(=O)(=O)O,CHEMBL4184210,Bioorg Med Chem Lett,2018.0,CHEMBL158,AZTREONAM,CHEMBL158,0,http://www.openphacts.org/units/MicrogramPerMilliliter,3069226,=,1,1,=,MIC,ug.mL-1,0.125,CHEMBL354,Escherichia coli,Escherichia coli,562.0,,MIC,ug ml-1,UO_0000274,0.125,CHEMBL158,C[C@H]1[C@H](NC(=O)/C(=N\OC(C)(C)C(=O)O)c2csc(N)n2)C(=O)N1S(=O)(=O)O,12.562141912320484,12.562141912320484,0.0349535856009066,-4.756268639419342,0.174788224513646,20.5,435.44000000000017,418.30400000000014,435.051854504,154,0,0.3620751467724121,-0.4782270320177159,0.4782270320177159,0.3620751467724121,1.4642857142857142,2.071428571428572,2.5,32.24529764273617,10.00401161573638,2.513331128805475,-2.416338874010568,2.230948535260857,-2.707807208919476,7.836563836647012,-0.1608446168429468,2.971847309732629,2.2592762983237704,953.8851353067348,21.43879310982592,14.8114553779692,16.444448539824652,12.752743308167698,7.578995896792942,9.855612118054724,6.221230582074894,8.399971119282888,3.730567932227123,5.414072402778615,2.1128455580549623,3.54351374163482,-2.78,690205.5939907836,21.519292322605008,7.325918985638601,4.204134383579708,162.59031069995737,20.994572059745856,11.735768823996422,10.843243482610037,5.601050810983688,11.814359458703011,16.27347016397548,14.141824241834009,14.083731696315263,8.417796984328938,11.336785877934735,5.15571272675054,20.771211599071872,5.380062770465915,6.041840829147961,37.29827438881211,50.26785898322327,0.0,14.605983116249774,5.15571272675054,38.455944068351485,5.733667477162185,11.073990765314376,0.0,0.0,11.050456081168516,5.131558479839333,0.0,11.336785877934735,68.54635098380861,29.525365011975733,0.0,26.46513959392033,10.535775497216456,0.0,0.0,0.0,201.58,51.4842470947288,22.801408536544404,0.0,15.130702465984026,0.0,11.336785877934735,26.151274369537788,0.0,0.0,15.456479851704078,20.23053332942989,31.44978820569469,0.9796905422586336,44.39737831563419,16.334751159546904,3.256457088644816,-3.375611656986792,-2.3123389733980013,0.0,3.692820624691566,-4.756268639419342,0.4615384615384615,28,5,13,0,1,1,0,1,1,10,4,15,7,0,1,1,2,-1.172499999999998,95.65050000000004,1,0,0,1,0,1,0,0,1,1,3,2,0,0,0,3,1,1,0,0,0,0,0,0,0,0,0,2,0,1,0,0,0,0,0,0,0,0,0,0,0,0,0,0,0,0,0,0,0,0,0,0,0,1,0,0,0,0,0,0,0,0,0,1,0,0,0,0,0,0,0,0,0,0,0,0,0,0,0,0,1,0,0,0,0,562.0,Escherichia coli,Bacteria
116592,,18491604,CHEMBL4187476,Antimicrobial activity against Escherichia coli expressing beta-lactamase VIM-1 by CLSI broth microdilution method,F,BAO_0002146,BAO_0000218,organism-based format,C[C@H]1[C@H](NC(=O)/C(=N\OC(C)(C)C(=O)O)c2csc(N)n2)C(=O)N1S(=O)(=O)O,CHEMBL4184210,Bioorg Med Chem Lett,2018.0,CHEMBL158,AZTREONAM,CHEMBL158,0,http://www.openphacts.org/units/MicrogramPerMilliliter,3069226,=,1,1,=,MIC,ug.mL-1,0.125,CHEMBL354,Escherichia coli,Escherichia coli,562.0,,MIC,ug ml-1,UO_0000274,0.125,CHEMBL158,C[C@H]1[C@H](NC(=O)/C(=N\OC(C)(C)C(=O)O)c2csc(N)n2)C(=O)N1S(=O)(=O)O,12.562141912320484,12.562141912320484,0.0349535856009066,-4.756268639419342,0.174788224513646,20.5,435.44000000000017,418.30400000000014,435.051854504,154,0,0.3620751467724121,-0.4782270320177159,0.4782270320177159,0.3620751467724121,1.4642857142857142,2.071428571428572,2.5,32.24529764273617,10.00401161573638,2.513331128805475,-2.416338874010568,2.230948535260857,-2.707807208919476,7.836563836647012,-0.1608446168429468,2.971847309732629,2.2592762983237704,953.8851353067348,21.43879310982592,14.8114553779692,16.444448539824652,12.752743308167698,7.578995896792942,9.855612118054724,6.221230582074894,8.399971119282888,3.730567932227123,5.414072402778615,2.1128455580549623,3.54351374163482,-2.78,690205.5939907836,21.519292322605008,7.325918985638601,4.204134383579708,162.59031069995737,20.994572059745856,11.735768823996422,10.843243482610037,5.601050810983688,11.814359458703011,16.27347016397548,14.141824241834009,14.083731696315263,8.417796984328938,11.336785877934735,5.15571272675054,20.771211599071872,5.380062770465915,6.041840829147961,37.29827438881211,50.26785898322327,0.0,14.605983116249774,5.15571272675054,38.455944068351485,5.733667477162185,11.073990765314376,0.0,0.0,11.050456081168516,5.131558479839333,0.0,11.336785877934735,68.54635098380861,29.525365011975733,0.0,26.46513959392033,10.535775497216456,0.0,0.0,0.0,201.58,51.4842470947288,22.801408536544404,0.0,15.130702465984026,0.0,11.336785877934735,26.151274369537788,0.0,0.0,15.456479851704078,20.23053332942989,31.44978820569469,0.9796905422586336,44.39737831563419,16.334751159546904,3.256457088644816,-3.375611656986792,-2.3123389733980013,0.0,3.692820624691566,-4.756268639419342,0.4615384615384615,28,5,13,0,1,1,0,1,1,10,4,15,7,0,1,1,2,-1.172499999999998,95.65050000000004,1,0,0,1,0,1,0,0,1,1,3,2,0,0,0,3,1,1,0,0,0,0,0,0,0,0,0,2,0,1,0,0,0,0,0,0,0,0,0,0,0,0,0,0,0,0,0,0,0,0,0,0,0,1,0,0,0,0,0,0,0,0,0,1,0,0,0,0,0,0,0,0,0,0,0,0,0,0,0,0,1,0,0,0,0,562.0,Escherichia coli,Bacteria
116592,,18491604,CHEMBL4187476,Antimicrobial activity against Escherichia coli expressing beta-lactamase VIM-1 by CLSI broth microdilution method,F,BAO_0002146,BAO_0000218,organism-based format,C[C@H]1[C@H](NC(=O)/C(=N\OC(C)(C)C(=O)O)c2csc(N)n2)C(=O)N1S(=O)(=O)O,CHEMBL4184210,Bioorg Med Chem Lett,2018.0,CHEMBL158,AZTREONAM,CHEMBL158,0,http://www.openphacts.org/units/MicrogramPerMilliliter,3069226,=,1,1,=,MIC,ug.mL-1,0.125,CHEMBL354,Escherichia coli,Escherichia coli,562.0,,MIC,ug ml-1,UO_0000274,0.125,CHEMBL158,C[C@H]1[C@H](NC(=O)/C(=N\OC(C)(C)C(=O)O)c2csc(N)n2)C(=O)N1S(=O)(=O)O,12.562141912320484,12.562141912320484,0.0349535856009066,-4.756268639419342,0.174788224513646,20.5,435.44000000000017,418.30400000000014,435.051854504,154,0,0.3620751467724121,-0.4782270320177159,0.4782270320177159,0.3620751467724121,1.4642857142857142,2.071428571428572,2.5,32.24529764273617,10.00401161573638,2.513331128805475,-2.416338874010568,2.230948535260857,-2.707807208919476,7.836563836647012,-0.1608446168429468,2.971847309732629,2.2592762983237704,953.8851353067348,21.43879310982592,14.8114553779692,16.444448539824652,12.752743308167698,7.578995896792942,9.855612118054724,6.221230582074894,8.399971119282888,3.730567932227123,5.414072402778615,2.1128455580549623,3.54351374163482,-2.78,690205.5939907836,21.519292322605008,7.325918985638601,4.204134383579708,162.59031069995737,20.994572059745856,11.735768823996422,10.843243482610037,5.601050810983688,11.814359458703011,16.27347016397548,14.141824241834009,14.083731696315263,8.417796984328938,11.336785877934735,5.15571272675054,20.771211599071872,5.380062770465915,6.041840829147961,37.29827438881211,50.26785898322327,0.0,14.605983116249774,5.15571272675054,38.455944068351485,5.733667477162185,11.073990765314376,0.0,0.0,11.050456081168516,5.131558479839333,0.0,11.336785877934735,68.54635098380861,29.525365011975733,0.0,26.46513959392033,10.535775497216456,0.0,0.0,0.0,201.58,51.4842470947288,22.801408536544404,0.0,15.130702465984026,0.0,11.336785877934735,26.151274369537788,0.0,0.0,15.456479851704078,20.23053332942989,31.44978820569469,0.9796905422586336,44.39737831563419,16.334751159546904,3.256457088644816,-3.375611656986792,-2.3123389733980013,0.0,3.692820624691566,-4.756268639419342,0.4615384615384615,28,5,13,0,1,1,0,1,1,10,4,15,7,0,1,1,2,-1.172499999999998,95.65050000000004,1,0,0,1,0,1,0,0,1,1,3,2,0,0,0,3,1,1,0,0,0,0,0,0,0,0,0,2,0,1,0,0,0,0,0,0,0,0,0,0,0,0,0,0,0,0,0,0,0,0,0,0,0,1,0,0,0,0,0,0,0,0,0,1,0,0,0,0,0,0,0,0,0,0,0,0,0,0,0,0,1,0,0,0,0,562.0,Escherichia coli,Bacteria
116592,,18491604,CHEMBL4187476,Antimicrobial activity against Escherichia coli expressing beta-lactamase VIM-1 by CLSI broth microdilution method,F,BAO_0002146,BAO_0000218,organism-based format,C[C@H]1[C@H](NC(=O)/C(=N\OC(C)(C)C(=O)O)c2csc(N)n2)C(=O)N1S(=O)(=O)O,CHEMBL4184210,Bioorg Med Chem Lett,2018.0,CHEMBL158,AZTREONAM,CHEMBL158,0,http://www.openphacts.org/units/MicrogramPerMilliliter,3069226,=,1,1,=,MIC,ug.mL-1,0.125,CHEMBL354,Escherichia coli,Escherichia coli,562.0,,MIC,ug ml-1,UO_0000274,0.125,CHEMBL158,C[C@H]1[C@H](NC(=O)/C(=N\OC(C)(C)C(=O)O)c2csc(N)n2)C(=O)N1S(=O)(=O)O,12.562141912320484,12.562141912320484,0.0349535856009066,-4.756268639419342,0.174788224513646,20.5,435.44000000000017,418.30400000000014,435.051854504,154,0,0.3620751467724121,-0.4782270320177159,0.4782270320177159,0.3620751467724121,1.4642857142857142,2.071428571428572,2.5,32.24529764273617,10.00401161573638,2.513331128805475,-2.416338874010568,2.230948535260857,-2.707807208919476,7.836563836647012,-0.1608446168429468,2.971847309732629,2.2592762983237704,953.8851353067348,21.43879310982592,14.8114553779692,16.444448539824652,12.752743308167698,7.578995896792942,9.855612118054724,6.221230582074894,8.399971119282888,3.730567932227123,5.414072402778615,2.1128455580549623,3.54351374163482,-2.78,690205.5939907836,21.519292322605008,7.325918985638601,4.204134383579708,162.59031069995737,20.994572059745856,11.735768823996422,10.843243482610037,5.601050810983688,11.814359458703011,16.27347016397548,14.141824241834009,14.083731696315263,8.417796984328938,11.336785877934735,5.15571272675054,20.771211599071872,5.380062770465915,6.041840829147961,37.29827438881211,50.26785898322327,0.0,14.605983116249774,5.15571272675054,38.455944068351485,5.733667477162185,11.073990765314376,0.0,0.0,11.050456081168516,5.131558479839333,0.0,11.336785877934735,68.54635098380861,29.525365011975733,0.0,26.46513959392033,10.535775497216456,0.0,0.0,0.0,201.58,51.4842470947288,22.801408536544404,0.0,15.130702465984026,0.0,11.336785877934735,26.151274369537788,0.0,0.0,15.456479851704078,20.23053332942989,31.44978820569469,0.9796905422586336,44.39737831563419,16.334751159546904,3.256457088644816,-3.375611656986792,-2.3123389733980013,0.0,3.692820624691566,-4.756268639419342,0.4615384615384615,28,5,13,0,1,1,0,1,1,10,4,15,7,0,1,1,2,-1.172499999999998,95.65050000000004,1,0,0,1,0,1,0,0,1,1,3,2,0,0,0,3,1,1,0,0,0,0,0,0,0,0,0,2,0,1,0,0,0,0,0,0,0,0,0,0,0,0,0,0,0,0,0,0,0,0,0,0,0,1,0,0,0,0,0,0,0,0,0,1,0,0,0,0,0,0,0,0,0,0,0,0,0,0,0,0,1,0,0,0,0,562.0,Escherichia coli,Bacteria
116593,,18491617,CHEMBL4187477,Antimicrobial activity against Escherichia coli expressing beta-lactamase AmpC by CLSI broth microdilution method,F,BAO_0002146,BAO_0000218,organism-based format,C[C@H]1[C@H](NC(=O)/C(=N\OC(C)(C)C(=O)O)c2csc(N)n2)C(=O)N1S(=O)(=O)O,CHEMBL4184210,Bioorg Med Chem Lett,2018.0,CHEMBL158,AZTREONAM,CHEMBL158,0,http://www.openphacts.org/units/MicrogramPerMilliliter,3069226,=,1,1,=,MIC,ug.mL-1,4.0,CHEMBL354,Escherichia coli,Escherichia coli,562.0,,MIC,ug ml-1,UO_0000274,4.0,CHEMBL158,C[C@H]1[C@H](NC(=O)/C(=N\OC(C)(C)C(=O)O)c2csc(N)n2)C(=O)N1S(=O)(=O)O,12.562141912320484,12.562141912320484,0.0349535856009066,-4.756268639419342,0.174788224513646,20.5,435.44000000000017,418.30400000000014,435.051854504,154,0,0.3620751467724121,-0.4782270320177159,0.4782270320177159,0.3620751467724121,1.4642857142857142,2.071428571428572,2.5,32.24529764273617,10.00401161573638,2.513331128805475,-2.416338874010568,2.230948535260857,-2.707807208919476,7.836563836647012,-0.1608446168429468,2.971847309732629,2.2592762983237704,953.8851353067348,21.43879310982592,14.8114553779692,16.444448539824652,12.752743308167698,7.578995896792942,9.855612118054724,6.221230582074894,8.399971119282888,3.730567932227123,5.414072402778615,2.1128455580549623,3.54351374163482,-2.78,690205.5939907836,21.519292322605008,7.325918985638601,4.204134383579708,162.59031069995737,20.994572059745856,11.735768823996422,10.843243482610037,5.601050810983688,11.814359458703011,16.27347016397548,14.141824241834009,14.083731696315263,8.417796984328938,11.336785877934735,5.15571272675054,20.771211599071872,5.380062770465915,6.041840829147961,37.29827438881211,50.26785898322327,0.0,14.605983116249774,5.15571272675054,38.455944068351485,5.733667477162185,11.073990765314376,0.0,0.0,11.050456081168516,5.131558479839333,0.0,11.336785877934735,68.54635098380861,29.525365011975733,0.0,26.46513959392033,10.535775497216456,0.0,0.0,0.0,201.58,51.4842470947288,22.801408536544404,0.0,15.130702465984026,0.0,11.336785877934735,26.151274369537788,0.0,0.0,15.456479851704078,20.23053332942989,31.44978820569469,0.9796905422586336,44.39737831563419,16.334751159546904,3.256457088644816,-3.375611656986792,-2.3123389733980013,0.0,3.692820624691566,-4.756268639419342,0.4615384615384615,28,5,13,0,1,1,0,1,1,10,4,15,7,0,1,1,2,-1.172499999999998,95.65050000000004,1,0,0,1,0,1,0,0,1,1,3,2,0,0,0,3,1,1,0,0,0,0,0,0,0,0,0,2,0,1,0,0,0,0,0,0,0,0,0,0,0,0,0,0,0,0,0,0,0,0,0,0,0,1,0,0,0,0,0,0,0,0,0,1,0,0,0,0,0,0,0,0,0,0,0,0,0,0,0,0,1,0,0,0,0,562.0,Escherichia coli,Bacteria
116593,,18491617,CHEMBL4187477,Antimicrobial activity against Escherichia coli expressing beta-lactamase AmpC by CLSI broth microdilution method,F,BAO_0002146,BAO_0000218,organism-based format,C[C@H]1[C@H](NC(=O)/C(=N\OC(C)(C)C(=O)O)c2csc(N)n2)C(=O)N1S(=O)(=O)O,CHEMBL4184210,Bioorg Med Chem Lett,2018.0,CHEMBL158,AZTREONAM,CHEMBL158,0,http://www.openphacts.org/units/MicrogramPerMilliliter,3069226,=,1,1,=,MIC,ug.mL-1,4.0,CHEMBL354,Escherichia coli,Escherichia coli,562.0,,MIC,ug ml-1,UO_0000274,4.0,CHEMBL158,C[C@H]1[C@H](NC(=O)/C(=N\OC(C)(C)C(=O)O)c2csc(N)n2)C(=O)N1S(=O)(=O)O,12.562141912320484,12.562141912320484,0.0349535856009066,-4.756268639419342,0.174788224513646,20.5,435.44000000000017,418.30400000000014,435.051854504,154,0,0.3620751467724121,-0.4782270320177159,0.4782270320177159,0.3620751467724121,1.4642857142857142,2.071428571428572,2.5,32.24529764273617,10.00401161573638,2.513331128805475,-2.416338874010568,2.230948535260857,-2.707807208919476,7.836563836647012,-0.1608446168429468,2.971847309732629,2.2592762983237704,953.8851353067348,21.43879310982592,14.8114553779692,16.444448539824652,12.752743308167698,7.578995896792942,9.855612118054724,6.221230582074894,8.399971119282888,3.730567932227123,5.414072402778615,2.1128455580549623,3.54351374163482,-2.78,690205.5939907836,21.519292322605008,7.325918985638601,4.204134383579708,162.59031069995737,20.994572059745856,11.735768823996422,10.843243482610037,5.601050810983688,11.814359458703011,16.27347016397548,14.141824241834009,14.083731696315263,8.417796984328938,11.336785877934735,5.15571272675054,20.771211599071872,5.380062770465915,6.041840829147961,37.29827438881211,50.26785898322327,0.0,14.605983116249774,5.15571272675054,38.455944068351485,5.733667477162185,11.073990765314376,0.0,0.0,11.050456081168516,5.131558479839333,0.0,11.336785877934735,68.54635098380861,29.525365011975733,0.0,26.46513959392033,10.535775497216456,0.0,0.0,0.0,201.58,51.4842470947288,22.801408536544404,0.0,15.130702465984026,0.0,11.336785877934735,26.151274369537788,0.0,0.0,15.456479851704078,20.23053332942989,31.44978820569469,0.9796905422586336,44.39737831563419,16.334751159546904,3.256457088644816,-3.375611656986792,-2.3123389733980013,0.0,3.692820624691566,-4.756268639419342,0.4615384615384615,28,5,13,0,1,1,0,1,1,10,4,15,7,0,1,1,2,-1.172499999999998,95.65050000000004,1,0,0,1,0,1,0,0,1,1,3,2,0,0,0,3,1,1,0,0,0,0,0,0,0,0,0,2,0,1,0,0,0,0,0,0,0,0,0,0,0,0,0,0,0,0,0,0,0,0,0,0,0,1,0,0,0,0,0,0,0,0,0,1,0,0,0,0,0,0,0,0,0,0,0,0,0,0,0,0,1,0,0,0,0,562.0,Escherichia coli,Bacteria
116593,,18491617,CHEMBL4187477,Antimicrobial activity against Escherichia coli expressing beta-lactamase AmpC by CLSI broth microdilution method,F,BAO_0002146,BAO_0000218,organism-based format,C[C@H]1[C@H](NC(=O)/C(=N\OC(C)(C)C(=O)O)c2csc(N)n2)C(=O)N1S(=O)(=O)O,CHEMBL4184210,Bioorg Med Chem Lett,2018.0,CHEMBL158,AZTREONAM,CHEMBL158,0,http://www.openphacts.org/units/MicrogramPerMilliliter,3069226,=,1,1,=,MIC,ug.mL-1,4.0,CHEMBL354,Escherichia coli,Escherichia coli,562.0,,MIC,ug ml-1,UO_0000274,4.0,CHEMBL158,C[C@H]1[C@H](NC(=O)/C(=N\OC(C)(C)C(=O)O)c2csc(N)n2)C(=O)N1S(=O)(=O)O,12.562141912320484,12.562141912320484,0.0349535856009066,-4.756268639419342,0.174788224513646,20.5,435.44000000000017,418.30400000000014,435.051854504,154,0,0.3620751467724121,-0.4782270320177159,0.4782270320177159,0.3620751467724121,1.4642857142857142,2.071428571428572,2.5,32.24529764273617,10.00401161573638,2.513331128805475,-2.416338874010568,2.230948535260857,-2.707807208919476,7.836563836647012,-0.1608446168429468,2.971847309732629,2.2592762983237704,953.8851353067348,21.43879310982592,14.8114553779692,16.444448539824652,12.752743308167698,7.578995896792942,9.855612118054724,6.221230582074894,8.399971119282888,3.730567932227123,5.414072402778615,2.1128455580549623,3.54351374163482,-2.78,690205.5939907836,21.519292322605008,7.325918985638601,4.204134383579708,162.59031069995737,20.994572059745856,11.735768823996422,10.843243482610037,5.601050810983688,11.814359458703011,16.27347016397548,14.141824241834009,14.083731696315263,8.417796984328938,11.336785877934735,5.15571272675054,20.771211599071872,5.380062770465915,6.041840829147961,37.29827438881211,50.26785898322327,0.0,14.605983116249774,5.15571272675054,38.455944068351485,5.733667477162185,11.073990765314376,0.0,0.0,11.050456081168516,5.131558479839333,0.0,11.336785877934735,68.54635098380861,29.525365011975733,0.0,26.46513959392033,10.535775497216456,0.0,0.0,0.0,201.58,51.4842470947288,22.801408536544404,0.0,15.130702465984026,0.0,11.336785877934735,26.151274369537788,0.0,0.0,15.456479851704078,20.23053332942989,31.44978820569469,0.9796905422586336,44.39737831563419,16.334751159546904,3.256457088644816,-3.375611656986792,-2.3123389733980013,0.0,3.692820624691566,-4.756268639419342,0.4615384615384615,28,5,13,0,1,1,0,1,1,10,4,15,7,0,1,1,2,-1.172499999999998,95.65050000000004,1,0,0,1,0,1,0,0,1,1,3,2,0,0,0,3,1,1,0,0,0,0,0,0,0,0,0,2,0,1,0,0,0,0,0,0,0,0,0,0,0,0,0,0,0,0,0,0,0,0,0,0,0,1,0,0,0,0,0,0,0,0,0,1,0,0,0,0,0,0,0,0,0,0,0,0,0,0,0,0,1,0,0,0,0,562.0,Escherichia coli,Bacteria
116593,,18491617,CHEMBL4187477,Antimicrobial activity against Escherichia coli expressing beta-lactamase AmpC by CLSI broth microdilution method,F,BAO_0002146,BAO_0000218,organism-based format,C[C@H]1[C@H](NC(=O)/C(=N\OC(C)(C)C(=O)O)c2csc(N)n2)C(=O)N1S(=O)(=O)O,CHEMBL4184210,Bioorg Med Chem Lett,2018.0,CHEMBL158,AZTREONAM,CHEMBL158,0,http://www.openphacts.org/units/MicrogramPerMilliliter,3069226,=,1,1,=,MIC,ug.mL-1,4.0,CHEMBL354,Escherichia coli,Escherichia coli,562.0,,MIC,ug ml-1,UO_0000274,4.0,CHEMBL158,C[C@H]1[C@H](NC(=O)/C(=N\OC(C)(C)C(=O)O)c2csc(N)n2)C(=O)N1S(=O)(=O)O,12.562141912320484,12.562141912320484,0.0349535856009066,-4.756268639419342,0.174788224513646,20.5,435.44000000000017,418.30400000000014,435.051854504,154,0,0.3620751467724121,-0.4782270320177159,0.4782270320177159,0.3620751467724121,1.4642857142857142,2.071428571428572,2.5,32.24529764273617,10.00401161573638,2.513331128805475,-2.416338874010568,2.230948535260857,-2.707807208919476,7.836563836647012,-0.1608446168429468,2.971847309732629,2.2592762983237704,953.8851353067348,21.43879310982592,14.8114553779692,16.444448539824652,12.752743308167698,7.578995896792942,9.855612118054724,6.221230582074894,8.399971119282888,3.730567932227123,5.414072402778615,2.1128455580549623,3.54351374163482,-2.78,690205.5939907836,21.519292322605008,7.325918985638601,4.204134383579708,162.59031069995737,20.994572059745856,11.735768823996422,10.843243482610037,5.601050810983688,11.814359458703011,16.27347016397548,14.141824241834009,14.083731696315263,8.417796984328938,11.336785877934735,5.15571272675054,20.771211599071872,5.380062770465915,6.041840829147961,37.29827438881211,50.26785898322327,0.0,14.605983116249774,5.15571272675054,38.455944068351485,5.733667477162185,11.073990765314376,0.0,0.0,11.050456081168516,5.131558479839333,0.0,11.336785877934735,68.54635098380861,29.525365011975733,0.0,26.46513959392033,10.535775497216456,0.0,0.0,0.0,201.58,51.4842470947288,22.801408536544404,0.0,15.130702465984026,0.0,11.336785877934735,26.151274369537788,0.0,0.0,15.456479851704078,20.23053332942989,31.44978820569469,0.9796905422586336,44.39737831563419,16.334751159546904,3.256457088644816,-3.375611656986792,-2.3123389733980013,0.0,3.692820624691566,-4.756268639419342,0.4615384615384615,28,5,13,0,1,1,0,1,1,10,4,15,7,0,1,1,2,-1.172499999999998,95.65050000000004,1,0,0,1,0,1,0,0,1,1,3,2,0,0,0,3,1,1,0,0,0,0,0,0,0,0,0,2,0,1,0,0,0,0,0,0,0,0,0,0,0,0,0,0,0,0,0,0,0,0,0,0,0,1,0,0,0,0,0,0,0,0,0,1,0,0,0,0,0,0,0,0,0,0,0,0,0,0,0,0,1,0,0,0,0,562.0,Escherichia coli,Bacteria
116594,,18491668,CHEMBL4187478,Antimicrobial activity against Escherichia coli expressing beta-lactamase DHA by CLSI broth microdilution method,F,BAO_0002146,BAO_0000218,organism-based format,C[C@H]1[C@H](NC(=O)/C(=N\OC(C)(C)C(=O)O)c2csc(N)n2)C(=O)N1S(=O)(=O)O,CHEMBL4184210,Bioorg Med Chem Lett,2018.0,CHEMBL158,AZTREONAM,CHEMBL158,0,http://www.openphacts.org/units/MicrogramPerMilliliter,3069226,=,1,1,=,MIC,ug.mL-1,1.0,CHEMBL354,Escherichia coli,Escherichia coli,562.0,,MIC,ug ml-1,UO_0000274,1.0,CHEMBL158,C[C@H]1[C@H](NC(=O)/C(=N\OC(C)(C)C(=O)O)c2csc(N)n2)C(=O)N1S(=O)(=O)O,12.562141912320484,12.562141912320484,0.0349535856009066,-4.756268639419342,0.174788224513646,20.5,435.44000000000017,418.30400000000014,435.051854504,154,0,0.3620751467724121,-0.4782270320177159,0.4782270320177159,0.3620751467724121,1.4642857142857142,2.071428571428572,2.5,32.24529764273617,10.00401161573638,2.513331128805475,-2.416338874010568,2.230948535260857,-2.707807208919476,7.836563836647012,-0.1608446168429468,2.971847309732629,2.2592762983237704,953.8851353067348,21.43879310982592,14.8114553779692,16.444448539824652,12.752743308167698,7.578995896792942,9.855612118054724,6.221230582074894,8.399971119282888,3.730567932227123,5.414072402778615,2.1128455580549623,3.54351374163482,-2.78,690205.5939907836,21.519292322605008,7.325918985638601,4.204134383579708,162.59031069995737,20.994572059745856,11.735768823996422,10.843243482610037,5.601050810983688,11.814359458703011,16.27347016397548,14.141824241834009,14.083731696315263,8.417796984328938,11.336785877934735,5.15571272675054,20.771211599071872,5.380062770465915,6.041840829147961,37.29827438881211,50.26785898322327,0.0,14.605983116249774,5.15571272675054,38.455944068351485,5.733667477162185,11.073990765314376,0.0,0.0,11.050456081168516,5.131558479839333,0.0,11.336785877934735,68.54635098380861,29.525365011975733,0.0,26.46513959392033,10.535775497216456,0.0,0.0,0.0,201.58,51.4842470947288,22.801408536544404,0.0,15.130702465984026,0.0,11.336785877934735,26.151274369537788,0.0,0.0,15.456479851704078,20.23053332942989,31.44978820569469,0.9796905422586336,44.39737831563419,16.334751159546904,3.256457088644816,-3.375611656986792,-2.3123389733980013,0.0,3.692820624691566,-4.756268639419342,0.4615384615384615,28,5,13,0,1,1,0,1,1,10,4,15,7,0,1,1,2,-1.172499999999998,95.65050000000004,1,0,0,1,0,1,0,0,1,1,3,2,0,0,0,3,1,1,0,0,0,0,0,0,0,0,0,2,0,1,0,0,0,0,0,0,0,0,0,0,0,0,0,0,0,0,0,0,0,0,0,0,0,1,0,0,0,0,0,0,0,0,0,1,0,0,0,0,0,0,0,0,0,0,0,0,0,0,0,0,1,0,0,0,0,562.0,Escherichia coli,Bacteria
116594,,18491668,CHEMBL4187478,Antimicrobial activity against Escherichia coli expressing beta-lactamase DHA by CLSI broth microdilution method,F,BAO_0002146,BAO_0000218,organism-based format,C[C@H]1[C@H](NC(=O)/C(=N\OC(C)(C)C(=O)O)c2csc(N)n2)C(=O)N1S(=O)(=O)O,CHEMBL4184210,Bioorg Med Chem Lett,2018.0,CHEMBL158,AZTREONAM,CHEMBL158,0,http://www.openphacts.org/units/MicrogramPerMilliliter,3069226,=,1,1,=,MIC,ug.mL-1,1.0,CHEMBL354,Escherichia coli,Escherichia coli,562.0,,MIC,ug ml-1,UO_0000274,1.0,CHEMBL158,C[C@H]1[C@H](NC(=O)/C(=N\OC(C)(C)C(=O)O)c2csc(N)n2)C(=O)N1S(=O)(=O)O,12.562141912320484,12.562141912320484,0.0349535856009066,-4.756268639419342,0.174788224513646,20.5,435.44000000000017,418.30400000000014,435.051854504,154,0,0.3620751467724121,-0.4782270320177159,0.4782270320177159,0.3620751467724121,1.4642857142857142,2.071428571428572,2.5,32.24529764273617,10.00401161573638,2.513331128805475,-2.416338874010568,2.230948535260857,-2.707807208919476,7.836563836647012,-0.1608446168429468,2.971847309732629,2.2592762983237704,953.8851353067348,21.43879310982592,14.8114553779692,16.444448539824652,12.752743308167698,7.578995896792942,9.855612118054724,6.221230582074894,8.399971119282888,3.730567932227123,5.414072402778615,2.1128455580549623,3.54351374163482,-2.78,690205.5939907836,21.519292322605008,7.325918985638601,4.204134383579708,162.59031069995737,20.994572059745856,11.735768823996422,10.843243482610037,5.601050810983688,11.814359458703011,16.27347016397548,14.141824241834009,14.083731696315263,8.417796984328938,11.336785877934735,5.15571272675054,20.771211599071872,5.380062770465915,6.041840829147961,37.29827438881211,50.26785898322327,0.0,14.605983116249774,5.15571272675054,38.455944068351485,5.733667477162185,11.073990765314376,0.0,0.0,11.050456081168516,5.131558479839333,0.0,11.336785877934735,68.54635098380861,29.525365011975733,0.0,26.46513959392033,10.535775497216456,0.0,0.0,0.0,201.58,51.4842470947288,22.801408536544404,0.0,15.130702465984026,0.0,11.336785877934735,26.151274369537788,0.0,0.0,15.456479851704078,20.23053332942989,31.44978820569469,0.9796905422586336,44.39737831563419,16.334751159546904,3.256457088644816,-3.375611656986792,-2.3123389733980013,0.0,3.692820624691566,-4.756268639419342,0.4615384615384615,28,5,13,0,1,1,0,1,1,10,4,15,7,0,1,1,2,-1.172499999999998,95.65050000000004,1,0,0,1,0,1,0,0,1,1,3,2,0,0,0,3,1,1,0,0,0,0,0,0,0,0,0,2,0,1,0,0,0,0,0,0,0,0,0,0,0,0,0,0,0,0,0,0,0,0,0,0,0,1,0,0,0,0,0,0,0,0,0,1,0,0,0,0,0,0,0,0,0,0,0,0,0,0,0,0,1,0,0,0,0,562.0,Escherichia coli,Bacteria
116594,,18491668,CHEMBL4187478,Antimicrobial activity against Escherichia coli expressing beta-lactamase DHA by CLSI broth microdilution method,F,BAO_0002146,BAO_0000218,organism-based format,C[C@H]1[C@H](NC(=O)/C(=N\OC(C)(C)C(=O)O)c2csc(N)n2)C(=O)N1S(=O)(=O)O,CHEMBL4184210,Bioorg Med Chem Lett,2018.0,CHEMBL158,AZTREONAM,CHEMBL158,0,http://www.openphacts.org/units/MicrogramPerMilliliter,3069226,=,1,1,=,MIC,ug.mL-1,1.0,CHEMBL354,Escherichia coli,Escherichia coli,562.0,,MIC,ug ml-1,UO_0000274,1.0,CHEMBL158,C[C@H]1[C@H](NC(=O)/C(=N\OC(C)(C)C(=O)O)c2csc(N)n2)C(=O)N1S(=O)(=O)O,12.562141912320484,12.562141912320484,0.0349535856009066,-4.756268639419342,0.174788224513646,20.5,435.44000000000017,418.30400000000014,435.051854504,154,0,0.3620751467724121,-0.4782270320177159,0.4782270320177159,0.3620751467724121,1.4642857142857142,2.071428571428572,2.5,32.24529764273617,10.00401161573638,2.513331128805475,-2.416338874010568,2.230948535260857,-2.707807208919476,7.836563836647012,-0.1608446168429468,2.971847309732629,2.2592762983237704,953.8851353067348,21.43879310982592,14.8114553779692,16.444448539824652,12.752743308167698,7.578995896792942,9.855612118054724,6.221230582074894,8.399971119282888,3.730567932227123,5.414072402778615,2.1128455580549623,3.54351374163482,-2.78,690205.5939907836,21.519292322605008,7.325918985638601,4.204134383579708,162.59031069995737,20.994572059745856,11.735768823996422,10.843243482610037,5.601050810983688,11.814359458703011,16.27347016397548,14.141824241834009,14.083731696315263,8.417796984328938,11.336785877934735,5.15571272675054,20.771211599071872,5.380062770465915,6.041840829147961,37.29827438881211,50.26785898322327,0.0,14.605983116249774,5.15571272675054,38.455944068351485,5.733667477162185,11.073990765314376,0.0,0.0,11.050456081168516,5.131558479839333,0.0,11.336785877934735,68.54635098380861,29.525365011975733,0.0,26.46513959392033,10.535775497216456,0.0,0.0,0.0,201.58,51.4842470947288,22.801408536544404,0.0,15.130702465984026,0.0,11.336785877934735,26.151274369537788,0.0,0.0,15.456479851704078,20.23053332942989,31.44978820569469,0.9796905422586336,44.39737831563419,16.334751159546904,3.256457088644816,-3.375611656986792,-2.3123389733980013,0.0,3.692820624691566,-4.756268639419342,0.4615384615384615,28,5,13,0,1,1,0,1,1,10,4,15,7,0,1,1,2,-1.172499999999998,95.65050000000004,1,0,0,1,0,1,0,0,1,1,3,2,0,0,0,3,1,1,0,0,0,0,0,0,0,0,0,2,0,1,0,0,0,0,0,0,0,0,0,0,0,0,0,0,0,0,0,0,0,0,0,0,0,1,0,0,0,0,0,0,0,0,0,1,0,0,0,0,0,0,0,0,0,0,0,0,0,0,0,0,1,0,0,0,0,562.0,Escherichia coli,Bacteria
116594,,18491668,CHEMBL4187478,Antimicrobial activity against Escherichia coli expressing beta-lactamase DHA by CLSI broth microdilution method,F,BAO_0002146,BAO_0000218,organism-based format,C[C@H]1[C@H](NC(=O)/C(=N\OC(C)(C)C(=O)O)c2csc(N)n2)C(=O)N1S(=O)(=O)O,CHEMBL4184210,Bioorg Med Chem Lett,2018.0,CHEMBL158,AZTREONAM,CHEMBL158,0,http://www.openphacts.org/units/MicrogramPerMilliliter,3069226,=,1,1,=,MIC,ug.mL-1,1.0,CHEMBL354,Escherichia coli,Escherichia coli,562.0,,MIC,ug ml-1,UO_0000274,1.0,CHEMBL158,C[C@H]1[C@H](NC(=O)/C(=N\OC(C)(C)C(=O)O)c2csc(N)n2)C(=O)N1S(=O)(=O)O,12.562141912320484,12.562141912320484,0.0349535856009066,-4.756268639419342,0.174788224513646,20.5,435.44000000000017,418.30400000000014,435.051854504,154,0,0.3620751467724121,-0.4782270320177159,0.4782270320177159,0.3620751467724121,1.4642857142857142,2.071428571428572,2.5,32.24529764273617,10.00401161573638,2.513331128805475,-2.416338874010568,2.230948535260857,-2.707807208919476,7.836563836647012,-0.1608446168429468,2.971847309732629,2.2592762983237704,953.8851353067348,21.43879310982592,14.8114553779692,16.444448539824652,12.752743308167698,7.578995896792942,9.855612118054724,6.221230582074894,8.399971119282888,3.730567932227123,5.414072402778615,2.1128455580549623,3.54351374163482,-2.78,690205.5939907836,21.519292322605008,7.325918985638601,4.204134383579708,162.59031069995737,20.994572059745856,11.735768823996422,10.843243482610037,5.601050810983688,11.814359458703011,16.27347016397548,14.141824241834009,14.083731696315263,8.417796984328938,11.336785877934735,5.15571272675054,20.771211599071872,5.380062770465915,6.041840829147961,37.29827438881211,50.26785898322327,0.0,14.605983116249774,5.15571272675054,38.455944068351485,5.733667477162185,11.073990765314376,0.0,0.0,11.050456081168516,5.131558479839333,0.0,11.336785877934735,68.54635098380861,29.525365011975733,0.0,26.46513959392033,10.535775497216456,0.0,0.0,0.0,201.58,51.4842470947288,22.801408536544404,0.0,15.130702465984026,0.0,11.336785877934735,26.151274369537788,0.0,0.0,15.456479851704078,20.23053332942989,31.44978820569469,0.9796905422586336,44.39737831563419,16.334751159546904,3.256457088644816,-3.375611656986792,-2.3123389733980013,0.0,3.692820624691566,-4.756268639419342,0.4615384615384615,28,5,13,0,1,1,0,1,1,10,4,15,7,0,1,1,2,-1.172499999999998,95.65050000000004,1,0,0,1,0,1,0,0,1,1,3,2,0,0,0,3,1,1,0,0,0,0,0,0,0,0,0,2,0,1,0,0,0,0,0,0,0,0,0,0,0,0,0,0,0,0,0,0,0,0,0,0,0,1,0,0,0,0,0,0,0,0,0,1,0,0,0,0,0,0,0,0,0,0,0,0,0,0,0,0,1,0,0,0,0,562.0,Escherichia coli,Bacteria
116595,,18491681,CHEMBL4187479,Antimicrobial activity against Escherichia coli expressing beta-lactamase CMY-2 by CLSI broth microdilution method,F,BAO_0002146,BAO_0000218,organism-based format,C[C@H]1[C@H](NC(=O)/C(=N\OC(C)(C)C(=O)O)c2csc(N)n2)C(=O)N1S(=O)(=O)O,CHEMBL4184210,Bioorg Med Chem Lett,2018.0,CHEMBL158,AZTREONAM,CHEMBL158,0,http://www.openphacts.org/units/MicrogramPerMilliliter,3069226,=,1,1,=,MIC,ug.mL-1,4.0,CHEMBL354,Escherichia coli,Escherichia coli,562.0,,MIC,ug ml-1,UO_0000274,4.0,CHEMBL158,C[C@H]1[C@H](NC(=O)/C(=N\OC(C)(C)C(=O)O)c2csc(N)n2)C(=O)N1S(=O)(=O)O,12.562141912320484,12.562141912320484,0.0349535856009066,-4.756268639419342,0.174788224513646,20.5,435.44000000000017,418.30400000000014,435.051854504,154,0,0.3620751467724121,-0.4782270320177159,0.4782270320177159,0.3620751467724121,1.4642857142857142,2.071428571428572,2.5,32.24529764273617,10.00401161573638,2.513331128805475,-2.416338874010568,2.230948535260857,-2.707807208919476,7.836563836647012,-0.1608446168429468,2.971847309732629,2.2592762983237704,953.8851353067348,21.43879310982592,14.8114553779692,16.444448539824652,12.752743308167698,7.578995896792942,9.855612118054724,6.221230582074894,8.399971119282888,3.730567932227123,5.414072402778615,2.1128455580549623,3.54351374163482,-2.78,690205.5939907836,21.519292322605008,7.325918985638601,4.204134383579708,162.59031069995737,20.994572059745856,11.735768823996422,10.843243482610037,5.601050810983688,11.814359458703011,16.27347016397548,14.141824241834009,14.083731696315263,8.417796984328938,11.336785877934735,5.15571272675054,20.771211599071872,5.380062770465915,6.041840829147961,37.29827438881211,50.26785898322327,0.0,14.605983116249774,5.15571272675054,38.455944068351485,5.733667477162185,11.073990765314376,0.0,0.0,11.050456081168516,5.131558479839333,0.0,11.336785877934735,68.54635098380861,29.525365011975733,0.0,26.46513959392033,10.535775497216456,0.0,0.0,0.0,201.58,51.4842470947288,22.801408536544404,0.0,15.130702465984026,0.0,11.336785877934735,26.151274369537788,0.0,0.0,15.456479851704078,20.23053332942989,31.44978820569469,0.9796905422586336,44.39737831563419,16.334751159546904,3.256457088644816,-3.375611656986792,-2.3123389733980013,0.0,3.692820624691566,-4.756268639419342,0.4615384615384615,28,5,13,0,1,1,0,1,1,10,4,15,7,0,1,1,2,-1.172499999999998,95.65050000000004,1,0,0,1,0,1,0,0,1,1,3,2,0,0,0,3,1,1,0,0,0,0,0,0,0,0,0,2,0,1,0,0,0,0,0,0,0,0,0,0,0,0,0,0,0,0,0,0,0,0,0,0,0,1,0,0,0,0,0,0,0,0,0,1,0,0,0,0,0,0,0,0,0,0,0,0,0,0,0,0,1,0,0,0,0,562.0,Escherichia coli,Bacteria
116595,,18491681,CHEMBL4187479,Antimicrobial activity against Escherichia coli expressing beta-lactamase CMY-2 by CLSI broth microdilution method,F,BAO_0002146,BAO_0000218,organism-based format,C[C@H]1[C@H](NC(=O)/C(=N\OC(C)(C)C(=O)O)c2csc(N)n2)C(=O)N1S(=O)(=O)O,CHEMBL4184210,Bioorg Med Chem Lett,2018.0,CHEMBL158,AZTREONAM,CHEMBL158,0,http://www.openphacts.org/units/MicrogramPerMilliliter,3069226,=,1,1,=,MIC,ug.mL-1,4.0,CHEMBL354,Escherichia coli,Escherichia coli,562.0,,MIC,ug ml-1,UO_0000274,4.0,CHEMBL158,C[C@H]1[C@H](NC(=O)/C(=N\OC(C)(C)C(=O)O)c2csc(N)n2)C(=O)N1S(=O)(=O)O,12.562141912320484,12.562141912320484,0.0349535856009066,-4.756268639419342,0.174788224513646,20.5,435.44000000000017,418.30400000000014,435.051854504,154,0,0.3620751467724121,-0.4782270320177159,0.4782270320177159,0.3620751467724121,1.4642857142857142,2.071428571428572,2.5,32.24529764273617,10.00401161573638,2.513331128805475,-2.416338874010568,2.230948535260857,-2.707807208919476,7.836563836647012,-0.1608446168429468,2.971847309732629,2.2592762983237704,953.8851353067348,21.43879310982592,14.8114553779692,16.444448539824652,12.752743308167698,7.578995896792942,9.855612118054724,6.221230582074894,8.399971119282888,3.730567932227123,5.414072402778615,2.1128455580549623,3.54351374163482,-2.78,690205.5939907836,21.519292322605008,7.325918985638601,4.204134383579708,162.59031069995737,20.994572059745856,11.735768823996422,10.843243482610037,5.601050810983688,11.814359458703011,16.27347016397548,14.141824241834009,14.083731696315263,8.417796984328938,11.336785877934735,5.15571272675054,20.771211599071872,5.380062770465915,6.041840829147961,37.29827438881211,50.26785898322327,0.0,14.605983116249774,5.15571272675054,38.455944068351485,5.733667477162185,11.073990765314376,0.0,0.0,11.050456081168516,5.131558479839333,0.0,11.336785877934735,68.54635098380861,29.525365011975733,0.0,26.46513959392033,10.535775497216456,0.0,0.0,0.0,201.58,51.4842470947288,22.801408536544404,0.0,15.130702465984026,0.0,11.336785877934735,26.151274369537788,0.0,0.0,15.456479851704078,20.23053332942989,31.44978820569469,0.9796905422586336,44.39737831563419,16.334751159546904,3.256457088644816,-3.375611656986792,-2.3123389733980013,0.0,3.692820624691566,-4.756268639419342,0.4615384615384615,28,5,13,0,1,1,0,1,1,10,4,15,7,0,1,1,2,-1.172499999999998,95.65050000000004,1,0,0,1,0,1,0,0,1,1,3,2,0,0,0,3,1,1,0,0,0,0,0,0,0,0,0,2,0,1,0,0,0,0,0,0,0,0,0,0,0,0,0,0,0,0,0,0,0,0,0,0,0,1,0,0,0,0,0,0,0,0,0,1,0,0,0,0,0,0,0,0,0,0,0,0,0,0,0,0,1,0,0,0,0,562.0,Escherichia coli,Bacteria
116595,,18491681,CHEMBL4187479,Antimicrobial activity against Escherichia coli expressing beta-lactamase CMY-2 by CLSI broth microdilution method,F,BAO_0002146,BAO_0000218,organism-based format,C[C@H]1[C@H](NC(=O)/C(=N\OC(C)(C)C(=O)O)c2csc(N)n2)C(=O)N1S(=O)(=O)O,CHEMBL4184210,Bioorg Med Chem Lett,2018.0,CHEMBL158,AZTREONAM,CHEMBL158,0,http://www.openphacts.org/units/MicrogramPerMilliliter,3069226,=,1,1,=,MIC,ug.mL-1,4.0,CHEMBL354,Escherichia coli,Escherichia coli,562.0,,MIC,ug ml-1,UO_0000274,4.0,CHEMBL158,C[C@H]1[C@H](NC(=O)/C(=N\OC(C)(C)C(=O)O)c2csc(N)n2)C(=O)N1S(=O)(=O)O,12.562141912320484,12.562141912320484,0.0349535856009066,-4.756268639419342,0.174788224513646,20.5,435.44000000000017,418.30400000000014,435.051854504,154,0,0.3620751467724121,-0.4782270320177159,0.4782270320177159,0.3620751467724121,1.4642857142857142,2.071428571428572,2.5,32.24529764273617,10.00401161573638,2.513331128805475,-2.416338874010568,2.230948535260857,-2.707807208919476,7.836563836647012,-0.1608446168429468,2.971847309732629,2.2592762983237704,953.8851353067348,21.43879310982592,14.8114553779692,16.444448539824652,12.752743308167698,7.578995896792942,9.855612118054724,6.221230582074894,8.399971119282888,3.730567932227123,5.414072402778615,2.1128455580549623,3.54351374163482,-2.78,690205.5939907836,21.519292322605008,7.325918985638601,4.204134383579708,162.59031069995737,20.994572059745856,11.735768823996422,10.843243482610037,5.601050810983688,11.814359458703011,16.27347016397548,14.141824241834009,14.083731696315263,8.417796984328938,11.336785877934735,5.15571272675054,20.771211599071872,5.380062770465915,6.041840829147961,37.29827438881211,50.26785898322327,0.0,14.605983116249774,5.15571272675054,38.455944068351485,5.733667477162185,11.073990765314376,0.0,0.0,11.050456081168516,5.131558479839333,0.0,11.336785877934735,68.54635098380861,29.525365011975733,0.0,26.46513959392033,10.535775497216456,0.0,0.0,0.0,201.58,51.4842470947288,22.801408536544404,0.0,15.130702465984026,0.0,11.336785877934735,26.151274369537788,0.0,0.0,15.456479851704078,20.23053332942989,31.44978820569469,0.9796905422586336,44.39737831563419,16.334751159546904,3.256457088644816,-3.375611656986792,-2.3123389733980013,0.0,3.692820624691566,-4.756268639419342,0.4615384615384615,28,5,13,0,1,1,0,1,1,10,4,15,7,0,1,1,2,-1.172499999999998,95.65050000000004,1,0,0,1,0,1,0,0,1,1,3,2,0,0,0,3,1,1,0,0,0,0,0,0,0,0,0,2,0,1,0,0,0,0,0,0,0,0,0,0,0,0,0,0,0,0,0,0,0,0,0,0,0,1,0,0,0,0,0,0,0,0,0,1,0,0,0,0,0,0,0,0,0,0,0,0,0,0,0,0,1,0,0,0,0,562.0,Escherichia coli,Bacteria
116595,,18491681,CHEMBL4187479,Antimicrobial activity against Escherichia coli expressing beta-lactamase CMY-2 by CLSI broth microdilution method,F,BAO_0002146,BAO_0000218,organism-based format,C[C@H]1[C@H](NC(=O)/C(=N\OC(C)(C)C(=O)O)c2csc(N)n2)C(=O)N1S(=O)(=O)O,CHEMBL4184210,Bioorg Med Chem Lett,2018.0,CHEMBL158,AZTREONAM,CHEMBL158,0,http://www.openphacts.org/units/MicrogramPerMilliliter,3069226,=,1,1,=,MIC,ug.mL-1,4.0,CHEMBL354,Escherichia coli,Escherichia coli,562.0,,MIC,ug ml-1,UO_0000274,4.0,CHEMBL158,C[C@H]1[C@H](NC(=O)/C(=N\OC(C)(C)C(=O)O)c2csc(N)n2)C(=O)N1S(=O)(=O)O,12.562141912320484,12.562141912320484,0.0349535856009066,-4.756268639419342,0.174788224513646,20.5,435.44000000000017,418.30400000000014,435.051854504,154,0,0.3620751467724121,-0.4782270320177159,0.4782270320177159,0.3620751467724121,1.4642857142857142,2.071428571428572,2.5,32.24529764273617,10.00401161573638,2.513331128805475,-2.416338874010568,2.230948535260857,-2.707807208919476,7.836563836647012,-0.1608446168429468,2.971847309732629,2.2592762983237704,953.8851353067348,21.43879310982592,14.8114553779692,16.444448539824652,12.752743308167698,7.578995896792942,9.855612118054724,6.221230582074894,8.399971119282888,3.730567932227123,5.414072402778615,2.1128455580549623,3.54351374163482,-2.78,690205.5939907836,21.519292322605008,7.325918985638601,4.204134383579708,162.59031069995737,20.994572059745856,11.735768823996422,10.843243482610037,5.601050810983688,11.814359458703011,16.27347016397548,14.141824241834009,14.083731696315263,8.417796984328938,11.336785877934735,5.15571272675054,20.771211599071872,5.380062770465915,6.041840829147961,37.29827438881211,50.26785898322327,0.0,14.605983116249774,5.15571272675054,38.455944068351485,5.733667477162185,11.073990765314376,0.0,0.0,11.050456081168516,5.131558479839333,0.0,11.336785877934735,68.54635098380861,29.525365011975733,0.0,26.46513959392033,10.535775497216456,0.0,0.0,0.0,201.58,51.4842470947288,22.801408536544404,0.0,15.130702465984026,0.0,11.336785877934735,26.151274369537788,0.0,0.0,15.456479851704078,20.23053332942989,31.44978820569469,0.9796905422586336,44.39737831563419,16.334751159546904,3.256457088644816,-3.375611656986792,-2.3123389733980013,0.0,3.692820624691566,-4.756268639419342,0.4615384615384615,28,5,13,0,1,1,0,1,1,10,4,15,7,0,1,1,2,-1.172499999999998,95.65050000000004,1,0,0,1,0,1,0,0,1,1,3,2,0,0,0,3,1,1,0,0,0,0,0,0,0,0,0,2,0,1,0,0,0,0,0,0,0,0,0,0,0,0,0,0,0,0,0,0,0,0,0,0,0,1,0,0,0,0,0,0,0,0,0,1,0,0,0,0,0,0,0,0,0,0,0,0,0,0,0,0,1,0,0,0,0,562.0,Escherichia coli,Bacteria
116596,,18491720,CHEMBL4187480,Antimicrobial activity against Escherichia coli expressing beta-lactamase MIR-1 by CLSI broth microdilution method,F,BAO_0002146,BAO_0000218,organism-based format,C[C@H]1[C@H](NC(=O)/C(=N\OC(C)(C)C(=O)O)c2csc(N)n2)C(=O)N1S(=O)(=O)O,CHEMBL4184210,Bioorg Med Chem Lett,2018.0,CHEMBL158,AZTREONAM,CHEMBL158,0,http://www.openphacts.org/units/MicrogramPerMilliliter,3069226,=,1,1,=,MIC,ug.mL-1,8.0,CHEMBL354,Escherichia coli,Escherichia coli,562.0,,MIC,ug ml-1,UO_0000274,8.0,CHEMBL158,C[C@H]1[C@H](NC(=O)/C(=N\OC(C)(C)C(=O)O)c2csc(N)n2)C(=O)N1S(=O)(=O)O,12.562141912320484,12.562141912320484,0.0349535856009066,-4.756268639419342,0.174788224513646,20.5,435.44000000000017,418.30400000000014,435.051854504,154,0,0.3620751467724121,-0.4782270320177159,0.4782270320177159,0.3620751467724121,1.4642857142857142,2.071428571428572,2.5,32.24529764273617,10.00401161573638,2.513331128805475,-2.416338874010568,2.230948535260857,-2.707807208919476,7.836563836647012,-0.1608446168429468,2.971847309732629,2.2592762983237704,953.8851353067348,21.43879310982592,14.8114553779692,16.444448539824652,12.752743308167698,7.578995896792942,9.855612118054724,6.221230582074894,8.399971119282888,3.730567932227123,5.414072402778615,2.1128455580549623,3.54351374163482,-2.78,690205.5939907836,21.519292322605008,7.325918985638601,4.204134383579708,162.59031069995737,20.994572059745856,11.735768823996422,10.843243482610037,5.601050810983688,11.814359458703011,16.27347016397548,14.141824241834009,14.083731696315263,8.417796984328938,11.336785877934735,5.15571272675054,20.771211599071872,5.380062770465915,6.041840829147961,37.29827438881211,50.26785898322327,0.0,14.605983116249774,5.15571272675054,38.455944068351485,5.733667477162185,11.073990765314376,0.0,0.0,11.050456081168516,5.131558479839333,0.0,11.336785877934735,68.54635098380861,29.525365011975733,0.0,26.46513959392033,10.535775497216456,0.0,0.0,0.0,201.58,51.4842470947288,22.801408536544404,0.0,15.130702465984026,0.0,11.336785877934735,26.151274369537788,0.0,0.0,15.456479851704078,20.23053332942989,31.44978820569469,0.9796905422586336,44.39737831563419,16.334751159546904,3.256457088644816,-3.375611656986792,-2.3123389733980013,0.0,3.692820624691566,-4.756268639419342,0.4615384615384615,28,5,13,0,1,1,0,1,1,10,4,15,7,0,1,1,2,-1.172499999999998,95.65050000000004,1,0,0,1,0,1,0,0,1,1,3,2,0,0,0,3,1,1,0,0,0,0,0,0,0,0,0,2,0,1,0,0,0,0,0,0,0,0,0,0,0,0,0,0,0,0,0,0,0,0,0,0,0,1,0,0,0,0,0,0,0,0,0,1,0,0,0,0,0,0,0,0,0,0,0,0,0,0,0,0,1,0,0,0,0,562.0,Escherichia coli,Bacteria
116596,,18491720,CHEMBL4187480,Antimicrobial activity against Escherichia coli expressing beta-lactamase MIR-1 by CLSI broth microdilution method,F,BAO_0002146,BAO_0000218,organism-based format,C[C@H]1[C@H](NC(=O)/C(=N\OC(C)(C)C(=O)O)c2csc(N)n2)C(=O)N1S(=O)(=O)O,CHEMBL4184210,Bioorg Med Chem Lett,2018.0,CHEMBL158,AZTREONAM,CHEMBL158,0,http://www.openphacts.org/units/MicrogramPerMilliliter,3069226,=,1,1,=,MIC,ug.mL-1,8.0,CHEMBL354,Escherichia coli,Escherichia coli,562.0,,MIC,ug ml-1,UO_0000274,8.0,CHEMBL158,C[C@H]1[C@H](NC(=O)/C(=N\OC(C)(C)C(=O)O)c2csc(N)n2)C(=O)N1S(=O)(=O)O,12.562141912320484,12.562141912320484,0.0349535856009066,-4.756268639419342,0.174788224513646,20.5,435.44000000000017,418.30400000000014,435.051854504,154,0,0.3620751467724121,-0.4782270320177159,0.4782270320177159,0.3620751467724121,1.4642857142857142,2.071428571428572,2.5,32.24529764273617,10.00401161573638,2.513331128805475,-2.416338874010568,2.230948535260857,-2.707807208919476,7.836563836647012,-0.1608446168429468,2.971847309732629,2.2592762983237704,953.8851353067348,21.43879310982592,14.8114553779692,16.444448539824652,12.752743308167698,7.578995896792942,9.855612118054724,6.221230582074894,8.399971119282888,3.730567932227123,5.414072402778615,2.1128455580549623,3.54351374163482,-2.78,690205.5939907836,21.519292322605008,7.325918985638601,4.204134383579708,162.59031069995737,20.994572059745856,11.735768823996422,10.843243482610037,5.601050810983688,11.814359458703011,16.27347016397548,14.141824241834009,14.083731696315263,8.417796984328938,11.336785877934735,5.15571272675054,20.771211599071872,5.380062770465915,6.041840829147961,37.29827438881211,50.26785898322327,0.0,14.605983116249774,5.15571272675054,38.455944068351485,5.733667477162185,11.073990765314376,0.0,0.0,11.050456081168516,5.131558479839333,0.0,11.336785877934735,68.54635098380861,29.525365011975733,0.0,26.46513959392033,10.535775497216456,0.0,0.0,0.0,201.58,51.4842470947288,22.801408536544404,0.0,15.130702465984026,0.0,11.336785877934735,26.151274369537788,0.0,0.0,15.456479851704078,20.23053332942989,31.44978820569469,0.9796905422586336,44.39737831563419,16.334751159546904,3.256457088644816,-3.375611656986792,-2.3123389733980013,0.0,3.692820624691566,-4.756268639419342,0.4615384615384615,28,5,13,0,1,1,0,1,1,10,4,15,7,0,1,1,2,-1.172499999999998,95.65050000000004,1,0,0,1,0,1,0,0,1,1,3,2,0,0,0,3,1,1,0,0,0,0,0,0,0,0,0,2,0,1,0,0,0,0,0,0,0,0,0,0,0,0,0,0,0,0,0,0,0,0,0,0,0,1,0,0,0,0,0,0,0,0,0,1,0,0,0,0,0,0,0,0,0,0,0,0,0,0,0,0,1,0,0,0,0,562.0,Escherichia coli,Bacteria
116596,,18491720,CHEMBL4187480,Antimicrobial activity against Escherichia coli expressing beta-lactamase MIR-1 by CLSI broth microdilution method,F,BAO_0002146,BAO_0000218,organism-based format,C[C@H]1[C@H](NC(=O)/C(=N\OC(C)(C)C(=O)O)c2csc(N)n2)C(=O)N1S(=O)(=O)O,CHEMBL4184210,Bioorg Med Chem Lett,2018.0,CHEMBL158,AZTREONAM,CHEMBL158,0,http://www.openphacts.org/units/MicrogramPerMilliliter,3069226,=,1,1,=,MIC,ug.mL-1,8.0,CHEMBL354,Escherichia coli,Escherichia coli,562.0,,MIC,ug ml-1,UO_0000274,8.0,CHEMBL158,C[C@H]1[C@H](NC(=O)/C(=N\OC(C)(C)C(=O)O)c2csc(N)n2)C(=O)N1S(=O)(=O)O,12.562141912320484,12.562141912320484,0.0349535856009066,-4.756268639419342,0.174788224513646,20.5,435.44000000000017,418.30400000000014,435.051854504,154,0,0.3620751467724121,-0.4782270320177159,0.4782270320177159,0.3620751467724121,1.4642857142857142,2.071428571428572,2.5,32.24529764273617,10.00401161573638,2.513331128805475,-2.416338874010568,2.230948535260857,-2.707807208919476,7.836563836647012,-0.1608446168429468,2.971847309732629,2.2592762983237704,953.8851353067348,21.43879310982592,14.8114553779692,16.444448539824652,12.752743308167698,7.578995896792942,9.855612118054724,6.221230582074894,8.399971119282888,3.730567932227123,5.414072402778615,2.1128455580549623,3.54351374163482,-2.78,690205.5939907836,21.519292322605008,7.325918985638601,4.204134383579708,162.59031069995737,20.994572059745856,11.735768823996422,10.843243482610037,5.601050810983688,11.814359458703011,16.27347016397548,14.141824241834009,14.083731696315263,8.417796984328938,11.336785877934735,5.15571272675054,20.771211599071872,5.380062770465915,6.041840829147961,37.29827438881211,50.26785898322327,0.0,14.605983116249774,5.15571272675054,38.455944068351485,5.733667477162185,11.073990765314376,0.0,0.0,11.050456081168516,5.131558479839333,0.0,11.336785877934735,68.54635098380861,29.525365011975733,0.0,26.46513959392033,10.535775497216456,0.0,0.0,0.0,201.58,51.4842470947288,22.801408536544404,0.0,15.130702465984026,0.0,11.336785877934735,26.151274369537788,0.0,0.0,15.456479851704078,20.23053332942989,31.44978820569469,0.9796905422586336,44.39737831563419,16.334751159546904,3.256457088644816,-3.375611656986792,-2.3123389733980013,0.0,3.692820624691566,-4.756268639419342,0.4615384615384615,28,5,13,0,1,1,0,1,1,10,4,15,7,0,1,1,2,-1.172499999999998,95.65050000000004,1,0,0,1,0,1,0,0,1,1,3,2,0,0,0,3,1,1,0,0,0,0,0,0,0,0,0,2,0,1,0,0,0,0,0,0,0,0,0,0,0,0,0,0,0,0,0,0,0,0,0,0,0,1,0,0,0,0,0,0,0,0,0,1,0,0,0,0,0,0,0,0,0,0,0,0,0,0,0,0,1,0,0,0,0,562.0,Escherichia coli,Bacteria
116596,,18491720,CHEMBL4187480,Antimicrobial activity against Escherichia coli expressing beta-lactamase MIR-1 by CLSI broth microdilution method,F,BAO_0002146,BAO_0000218,organism-based format,C[C@H]1[C@H](NC(=O)/C(=N\OC(C)(C)C(=O)O)c2csc(N)n2)C(=O)N1S(=O)(=O)O,CHEMBL4184210,Bioorg Med Chem Lett,2018.0,CHEMBL158,AZTREONAM,CHEMBL158,0,http://www.openphacts.org/units/MicrogramPerMilliliter,3069226,=,1,1,=,MIC,ug.mL-1,8.0,CHEMBL354,Escherichia coli,Escherichia coli,562.0,,MIC,ug ml-1,UO_0000274,8.0,CHEMBL158,C[C@H]1[C@H](NC(=O)/C(=N\OC(C)(C)C(=O)O)c2csc(N)n2)C(=O)N1S(=O)(=O)O,12.562141912320484,12.562141912320484,0.0349535856009066,-4.756268639419342,0.174788224513646,20.5,435.44000000000017,418.30400000000014,435.051854504,154,0,0.3620751467724121,-0.4782270320177159,0.4782270320177159,0.3620751467724121,1.4642857142857142,2.071428571428572,2.5,32.24529764273617,10.00401161573638,2.513331128805475,-2.416338874010568,2.230948535260857,-2.707807208919476,7.836563836647012,-0.1608446168429468,2.971847309732629,2.2592762983237704,953.8851353067348,21.43879310982592,14.8114553779692,16.444448539824652,12.752743308167698,7.578995896792942,9.855612118054724,6.221230582074894,8.399971119282888,3.730567932227123,5.414072402778615,2.1128455580549623,3.54351374163482,-2.78,690205.5939907836,21.519292322605008,7.325918985638601,4.204134383579708,162.59031069995737,20.994572059745856,11.735768823996422,10.843243482610037,5.601050810983688,11.814359458703011,16.27347016397548,14.141824241834009,14.083731696315263,8.417796984328938,11.336785877934735,5.15571272675054,20.771211599071872,5.380062770465915,6.041840829147961,37.29827438881211,50.26785898322327,0.0,14.605983116249774,5.15571272675054,38.455944068351485,5.733667477162185,11.073990765314376,0.0,0.0,11.050456081168516,5.131558479839333,0.0,11.336785877934735,68.54635098380861,29.525365011975733,0.0,26.46513959392033,10.535775497216456,0.0,0.0,0.0,201.58,51.4842470947288,22.801408536544404,0.0,15.130702465984026,0.0,11.336785877934735,26.151274369537788,0.0,0.0,15.456479851704078,20.23053332942989,31.44978820569469,0.9796905422586336,44.39737831563419,16.334751159546904,3.256457088644816,-3.375611656986792,-2.3123389733980013,0.0,3.692820624691566,-4.756268639419342,0.4615384615384615,28,5,13,0,1,1,0,1,1,10,4,15,7,0,1,1,2,-1.172499999999998,95.65050000000004,1,0,0,1,0,1,0,0,1,1,3,2,0,0,0,3,1,1,0,0,0,0,0,0,0,0,0,2,0,1,0,0,0,0,0,0,0,0,0,0,0,0,0,0,0,0,0,0,0,0,0,0,0,1,0,0,0,0,0,0,0,0,0,1,0,0,0,0,0,0,0,0,0,0,0,0,0,0,0,0,1,0,0,0,0,562.0,Escherichia coli,Bacteria
116597,,18491733,CHEMBL4187481,Antimicrobial activity against Escherichia coli expressing beta-lactamase P99 by CLSI broth microdilution method,F,BAO_0002146,BAO_0000218,organism-based format,C[C@H]1[C@H](NC(=O)/C(=N\OC(C)(C)C(=O)O)c2csc(N)n2)C(=O)N1S(=O)(=O)O,CHEMBL4184210,Bioorg Med Chem Lett,2018.0,CHEMBL158,AZTREONAM,CHEMBL158,0,http://www.openphacts.org/units/MicrogramPerMilliliter,3069226,=,1,1,=,MIC,ug.mL-1,4.0,CHEMBL354,Escherichia coli,Escherichia coli,562.0,,MIC,ug ml-1,UO_0000274,4.0,CHEMBL158,C[C@H]1[C@H](NC(=O)/C(=N\OC(C)(C)C(=O)O)c2csc(N)n2)C(=O)N1S(=O)(=O)O,12.562141912320484,12.562141912320484,0.0349535856009066,-4.756268639419342,0.174788224513646,20.5,435.44000000000017,418.30400000000014,435.051854504,154,0,0.3620751467724121,-0.4782270320177159,0.4782270320177159,0.3620751467724121,1.4642857142857142,2.071428571428572,2.5,32.24529764273617,10.00401161573638,2.513331128805475,-2.416338874010568,2.230948535260857,-2.707807208919476,7.836563836647012,-0.1608446168429468,2.971847309732629,2.2592762983237704,953.8851353067348,21.43879310982592,14.8114553779692,16.444448539824652,12.752743308167698,7.578995896792942,9.855612118054724,6.221230582074894,8.399971119282888,3.730567932227123,5.414072402778615,2.1128455580549623,3.54351374163482,-2.78,690205.5939907836,21.519292322605008,7.325918985638601,4.204134383579708,162.59031069995737,20.994572059745856,11.735768823996422,10.843243482610037,5.601050810983688,11.814359458703011,16.27347016397548,14.141824241834009,14.083731696315263,8.417796984328938,11.336785877934735,5.15571272675054,20.771211599071872,5.380062770465915,6.041840829147961,37.29827438881211,50.26785898322327,0.0,14.605983116249774,5.15571272675054,38.455944068351485,5.733667477162185,11.073990765314376,0.0,0.0,11.050456081168516,5.131558479839333,0.0,11.336785877934735,68.54635098380861,29.525365011975733,0.0,26.46513959392033,10.535775497216456,0.0,0.0,0.0,201.58,51.4842470947288,22.801408536544404,0.0,15.130702465984026,0.0,11.336785877934735,26.151274369537788,0.0,0.0,15.456479851704078,20.23053332942989,31.44978820569469,0.9796905422586336,44.39737831563419,16.334751159546904,3.256457088644816,-3.375611656986792,-2.3123389733980013,0.0,3.692820624691566,-4.756268639419342,0.4615384615384615,28,5,13,0,1,1,0,1,1,10,4,15,7,0,1,1,2,-1.172499999999998,95.65050000000004,1,0,0,1,0,1,0,0,1,1,3,2,0,0,0,3,1,1,0,0,0,0,0,0,0,0,0,2,0,1,0,0,0,0,0,0,0,0,0,0,0,0,0,0,0,0,0,0,0,0,0,0,0,1,0,0,0,0,0,0,0,0,0,1,0,0,0,0,0,0,0,0,0,0,0,0,0,0,0,0,1,0,0,0,0,562.0,Escherichia coli,Bacteria
116597,,18491733,CHEMBL4187481,Antimicrobial activity against Escherichia coli expressing beta-lactamase P99 by CLSI broth microdilution method,F,BAO_0002146,BAO_0000218,organism-based format,C[C@H]1[C@H](NC(=O)/C(=N\OC(C)(C)C(=O)O)c2csc(N)n2)C(=O)N1S(=O)(=O)O,CHEMBL4184210,Bioorg Med Chem Lett,2018.0,CHEMBL158,AZTREONAM,CHEMBL158,0,http://www.openphacts.org/units/MicrogramPerMilliliter,3069226,=,1,1,=,MIC,ug.mL-1,4.0,CHEMBL354,Escherichia coli,Escherichia coli,562.0,,MIC,ug ml-1,UO_0000274,4.0,CHEMBL158,C[C@H]1[C@H](NC(=O)/C(=N\OC(C)(C)C(=O)O)c2csc(N)n2)C(=O)N1S(=O)(=O)O,12.562141912320484,12.562141912320484,0.0349535856009066,-4.756268639419342,0.174788224513646,20.5,435.44000000000017,418.30400000000014,435.051854504,154,0,0.3620751467724121,-0.4782270320177159,0.4782270320177159,0.3620751467724121,1.4642857142857142,2.071428571428572,2.5,32.24529764273617,10.00401161573638,2.513331128805475,-2.416338874010568,2.230948535260857,-2.707807208919476,7.836563836647012,-0.1608446168429468,2.971847309732629,2.2592762983237704,953.8851353067348,21.43879310982592,14.8114553779692,16.444448539824652,12.752743308167698,7.578995896792942,9.855612118054724,6.221230582074894,8.399971119282888,3.730567932227123,5.414072402778615,2.1128455580549623,3.54351374163482,-2.78,690205.5939907836,21.519292322605008,7.325918985638601,4.204134383579708,162.59031069995737,20.994572059745856,11.735768823996422,10.843243482610037,5.601050810983688,11.814359458703011,16.27347016397548,14.141824241834009,14.083731696315263,8.417796984328938,11.336785877934735,5.15571272675054,20.771211599071872,5.380062770465915,6.041840829147961,37.29827438881211,50.26785898322327,0.0,14.605983116249774,5.15571272675054,38.455944068351485,5.733667477162185,11.073990765314376,0.0,0.0,11.050456081168516,5.131558479839333,0.0,11.336785877934735,68.54635098380861,29.525365011975733,0.0,26.46513959392033,10.535775497216456,0.0,0.0,0.0,201.58,51.4842470947288,22.801408536544404,0.0,15.130702465984026,0.0,11.336785877934735,26.151274369537788,0.0,0.0,15.456479851704078,20.23053332942989,31.44978820569469,0.9796905422586336,44.39737831563419,16.334751159546904,3.256457088644816,-3.375611656986792,-2.3123389733980013,0.0,3.692820624691566,-4.756268639419342,0.4615384615384615,28,5,13,0,1,1,0,1,1,10,4,15,7,0,1,1,2,-1.172499999999998,95.65050000000004,1,0,0,1,0,1,0,0,1,1,3,2,0,0,0,3,1,1,0,0,0,0,0,0,0,0,0,2,0,1,0,0,0,0,0,0,0,0,0,0,0,0,0,0,0,0,0,0,0,0,0,0,0,1,0,0,0,0,0,0,0,0,0,1,0,0,0,0,0,0,0,0,0,0,0,0,0,0,0,0,1,0,0,0,0,562.0,Escherichia coli,Bacteria
116597,,18491733,CHEMBL4187481,Antimicrobial activity against Escherichia coli expressing beta-lactamase P99 by CLSI broth microdilution method,F,BAO_0002146,BAO_0000218,organism-based format,C[C@H]1[C@H](NC(=O)/C(=N\OC(C)(C)C(=O)O)c2csc(N)n2)C(=O)N1S(=O)(=O)O,CHEMBL4184210,Bioorg Med Chem Lett,2018.0,CHEMBL158,AZTREONAM,CHEMBL158,0,http://www.openphacts.org/units/MicrogramPerMilliliter,3069226,=,1,1,=,MIC,ug.mL-1,4.0,CHEMBL354,Escherichia coli,Escherichia coli,562.0,,MIC,ug ml-1,UO_0000274,4.0,CHEMBL158,C[C@H]1[C@H](NC(=O)/C(=N\OC(C)(C)C(=O)O)c2csc(N)n2)C(=O)N1S(=O)(=O)O,12.562141912320484,12.562141912320484,0.0349535856009066,-4.756268639419342,0.174788224513646,20.5,435.44000000000017,418.30400000000014,435.051854504,154,0,0.3620751467724121,-0.4782270320177159,0.4782270320177159,0.3620751467724121,1.4642857142857142,2.071428571428572,2.5,32.24529764273617,10.00401161573638,2.513331128805475,-2.416338874010568,2.230948535260857,-2.707807208919476,7.836563836647012,-0.1608446168429468,2.971847309732629,2.2592762983237704,953.8851353067348,21.43879310982592,14.8114553779692,16.444448539824652,12.752743308167698,7.578995896792942,9.855612118054724,6.221230582074894,8.399971119282888,3.730567932227123,5.414072402778615,2.1128455580549623,3.54351374163482,-2.78,690205.5939907836,21.519292322605008,7.325918985638601,4.204134383579708,162.59031069995737,20.994572059745856,11.735768823996422,10.843243482610037,5.601050810983688,11.814359458703011,16.27347016397548,14.141824241834009,14.083731696315263,8.417796984328938,11.336785877934735,5.15571272675054,20.771211599071872,5.380062770465915,6.041840829147961,37.29827438881211,50.26785898322327,0.0,14.605983116249774,5.15571272675054,38.455944068351485,5.733667477162185,11.073990765314376,0.0,0.0,11.050456081168516,5.131558479839333,0.0,11.336785877934735,68.54635098380861,29.525365011975733,0.0,26.46513959392033,10.535775497216456,0.0,0.0,0.0,201.58,51.4842470947288,22.801408536544404,0.0,15.130702465984026,0.0,11.336785877934735,26.151274369537788,0.0,0.0,15.456479851704078,20.23053332942989,31.44978820569469,0.9796905422586336,44.39737831563419,16.334751159546904,3.256457088644816,-3.375611656986792,-2.3123389733980013,0.0,3.692820624691566,-4.756268639419342,0.4615384615384615,28,5,13,0,1,1,0,1,1,10,4,15,7,0,1,1,2,-1.172499999999998,95.65050000000004,1,0,0,1,0,1,0,0,1,1,3,2,0,0,0,3,1,1,0,0,0,0,0,0,0,0,0,2,0,1,0,0,0,0,0,0,0,0,0,0,0,0,0,0,0,0,0,0,0,0,0,0,0,1,0,0,0,0,0,0,0,0,0,1,0,0,0,0,0,0,0,0,0,0,0,0,0,0,0,0,1,0,0,0,0,562.0,Escherichia coli,Bacteria
116597,,18491733,CHEMBL4187481,Antimicrobial activity against Escherichia coli expressing beta-lactamase P99 by CLSI broth microdilution method,F,BAO_0002146,BAO_0000218,organism-based format,C[C@H]1[C@H](NC(=O)/C(=N\OC(C)(C)C(=O)O)c2csc(N)n2)C(=O)N1S(=O)(=O)O,CHEMBL4184210,Bioorg Med Chem Lett,2018.0,CHEMBL158,AZTREONAM,CHEMBL158,0,http://www.openphacts.org/units/MicrogramPerMilliliter,3069226,=,1,1,=,MIC,ug.mL-1,4.0,CHEMBL354,Escherichia coli,Escherichia coli,562.0,,MIC,ug ml-1,UO_0000274,4.0,CHEMBL158,C[C@H]1[C@H](NC(=O)/C(=N\OC(C)(C)C(=O)O)c2csc(N)n2)C(=O)N1S(=O)(=O)O,12.562141912320484,12.562141912320484,0.0349535856009066,-4.756268639419342,0.174788224513646,20.5,435.44000000000017,418.30400000000014,435.051854504,154,0,0.3620751467724121,-0.4782270320177159,0.4782270320177159,0.3620751467724121,1.4642857142857142,2.071428571428572,2.5,32.24529764273617,10.00401161573638,2.513331128805475,-2.416338874010568,2.230948535260857,-2.707807208919476,7.836563836647012,-0.1608446168429468,2.971847309732629,2.2592762983237704,953.8851353067348,21.43879310982592,14.8114553779692,16.444448539824652,12.752743308167698,7.578995896792942,9.855612118054724,6.221230582074894,8.399971119282888,3.730567932227123,5.414072402778615,2.1128455580549623,3.54351374163482,-2.78,690205.5939907836,21.519292322605008,7.325918985638601,4.204134383579708,162.59031069995737,20.994572059745856,11.735768823996422,10.843243482610037,5.601050810983688,11.814359458703011,16.27347016397548,14.141824241834009,14.083731696315263,8.417796984328938,11.336785877934735,5.15571272675054,20.771211599071872,5.380062770465915,6.041840829147961,37.29827438881211,50.26785898322327,0.0,14.605983116249774,5.15571272675054,38.455944068351485,5.733667477162185,11.073990765314376,0.0,0.0,11.050456081168516,5.131558479839333,0.0,11.336785877934735,68.54635098380861,29.525365011975733,0.0,26.46513959392033,10.535775497216456,0.0,0.0,0.0,201.58,51.4842470947288,22.801408536544404,0.0,15.130702465984026,0.0,11.336785877934735,26.151274369537788,0.0,0.0,15.456479851704078,20.23053332942989,31.44978820569469,0.9796905422586336,44.39737831563419,16.334751159546904,3.256457088644816,-3.375611656986792,-2.3123389733980013,0.0,3.692820624691566,-4.756268639419342,0.4615384615384615,28,5,13,0,1,1,0,1,1,10,4,15,7,0,1,1,2,-1.172499999999998,95.65050000000004,1,0,0,1,0,1,0,0,1,1,3,2,0,0,0,3,1,1,0,0,0,0,0,0,0,0,0,2,0,1,0,0,0,0,0,0,0,0,0,0,0,0,0,0,0,0,0,0,0,0,0,0,0,1,0,0,0,0,0,0,0,0,0,1,0,0,0,0,0,0,0,0,0,0,0,0,0,0,0,0,1,0,0,0,0,562.0,Escherichia coli,Bacteria
116598,,18491746,CHEMBL4187482,Antimicrobial activity against Escherichia coli expressing beta-lactamase Oxa-10 by CLSI broth microdilution method,F,BAO_0002146,BAO_0000218,organism-based format,C[C@H]1[C@H](NC(=O)/C(=N\OC(C)(C)C(=O)O)c2csc(N)n2)C(=O)N1S(=O)(=O)O,CHEMBL4184210,Bioorg Med Chem Lett,2018.0,CHEMBL158,AZTREONAM,CHEMBL158,0,http://www.openphacts.org/units/MicrogramPerMilliliter,3069226,=,1,1,=,MIC,ug.mL-1,1.0,CHEMBL354,Escherichia coli,Escherichia coli,562.0,,MIC,ug ml-1,UO_0000274,1.0,CHEMBL158,C[C@H]1[C@H](NC(=O)/C(=N\OC(C)(C)C(=O)O)c2csc(N)n2)C(=O)N1S(=O)(=O)O,12.562141912320484,12.562141912320484,0.0349535856009066,-4.756268639419342,0.174788224513646,20.5,435.44000000000017,418.30400000000014,435.051854504,154,0,0.3620751467724121,-0.4782270320177159,0.4782270320177159,0.3620751467724121,1.4642857142857142,2.071428571428572,2.5,32.24529764273617,10.00401161573638,2.513331128805475,-2.416338874010568,2.230948535260857,-2.707807208919476,7.836563836647012,-0.1608446168429468,2.971847309732629,2.2592762983237704,953.8851353067348,21.43879310982592,14.8114553779692,16.444448539824652,12.752743308167698,7.578995896792942,9.855612118054724,6.221230582074894,8.399971119282888,3.730567932227123,5.414072402778615,2.1128455580549623,3.54351374163482,-2.78,690205.5939907836,21.519292322605008,7.325918985638601,4.204134383579708,162.59031069995737,20.994572059745856,11.735768823996422,10.843243482610037,5.601050810983688,11.814359458703011,16.27347016397548,14.141824241834009,14.083731696315263,8.417796984328938,11.336785877934735,5.15571272675054,20.771211599071872,5.380062770465915,6.041840829147961,37.29827438881211,50.26785898322327,0.0,14.605983116249774,5.15571272675054,38.455944068351485,5.733667477162185,11.073990765314376,0.0,0.0,11.050456081168516,5.131558479839333,0.0,11.336785877934735,68.54635098380861,29.525365011975733,0.0,26.46513959392033,10.535775497216456,0.0,0.0,0.0,201.58,51.4842470947288,22.801408536544404,0.0,15.130702465984026,0.0,11.336785877934735,26.151274369537788,0.0,0.0,15.456479851704078,20.23053332942989,31.44978820569469,0.9796905422586336,44.39737831563419,16.334751159546904,3.256457088644816,-3.375611656986792,-2.3123389733980013,0.0,3.692820624691566,-4.756268639419342,0.4615384615384615,28,5,13,0,1,1,0,1,1,10,4,15,7,0,1,1,2,-1.172499999999998,95.65050000000004,1,0,0,1,0,1,0,0,1,1,3,2,0,0,0,3,1,1,0,0,0,0,0,0,0,0,0,2,0,1,0,0,0,0,0,0,0,0,0,0,0,0,0,0,0,0,0,0,0,0,0,0,0,1,0,0,0,0,0,0,0,0,0,1,0,0,0,0,0,0,0,0,0,0,0,0,0,0,0,0,1,0,0,0,0,562.0,Escherichia coli,Bacteria
116598,,18491746,CHEMBL4187482,Antimicrobial activity against Escherichia coli expressing beta-lactamase Oxa-10 by CLSI broth microdilution method,F,BAO_0002146,BAO_0000218,organism-based format,C[C@H]1[C@H](NC(=O)/C(=N\OC(C)(C)C(=O)O)c2csc(N)n2)C(=O)N1S(=O)(=O)O,CHEMBL4184210,Bioorg Med Chem Lett,2018.0,CHEMBL158,AZTREONAM,CHEMBL158,0,http://www.openphacts.org/units/MicrogramPerMilliliter,3069226,=,1,1,=,MIC,ug.mL-1,1.0,CHEMBL354,Escherichia coli,Escherichia coli,562.0,,MIC,ug ml-1,UO_0000274,1.0,CHEMBL158,C[C@H]1[C@H](NC(=O)/C(=N\OC(C)(C)C(=O)O)c2csc(N)n2)C(=O)N1S(=O)(=O)O,12.562141912320484,12.562141912320484,0.0349535856009066,-4.756268639419342,0.174788224513646,20.5,435.44000000000017,418.30400000000014,435.051854504,154,0,0.3620751467724121,-0.4782270320177159,0.4782270320177159,0.3620751467724121,1.4642857142857142,2.071428571428572,2.5,32.24529764273617,10.00401161573638,2.513331128805475,-2.416338874010568,2.230948535260857,-2.707807208919476,7.836563836647012,-0.1608446168429468,2.971847309732629,2.2592762983237704,953.8851353067348,21.43879310982592,14.8114553779692,16.444448539824652,12.752743308167698,7.578995896792942,9.855612118054724,6.221230582074894,8.399971119282888,3.730567932227123,5.414072402778615,2.1128455580549623,3.54351374163482,-2.78,690205.5939907836,21.519292322605008,7.325918985638601,4.204134383579708,162.59031069995737,20.994572059745856,11.735768823996422,10.843243482610037,5.601050810983688,11.814359458703011,16.27347016397548,14.141824241834009,14.083731696315263,8.417796984328938,11.336785877934735,5.15571272675054,20.771211599071872,5.380062770465915,6.041840829147961,37.29827438881211,50.26785898322327,0.0,14.605983116249774,5.15571272675054,38.455944068351485,5.733667477162185,11.073990765314376,0.0,0.0,11.050456081168516,5.131558479839333,0.0,11.336785877934735,68.54635098380861,29.525365011975733,0.0,26.46513959392033,10.535775497216456,0.0,0.0,0.0,201.58,51.4842470947288,22.801408536544404,0.0,15.130702465984026,0.0,11.336785877934735,26.151274369537788,0.0,0.0,15.456479851704078,20.23053332942989,31.44978820569469,0.9796905422586336,44.39737831563419,16.334751159546904,3.256457088644816,-3.375611656986792,-2.3123389733980013,0.0,3.692820624691566,-4.756268639419342,0.4615384615384615,28,5,13,0,1,1,0,1,1,10,4,15,7,0,1,1,2,-1.172499999999998,95.65050000000004,1,0,0,1,0,1,0,0,1,1,3,2,0,0,0,3,1,1,0,0,0,0,0,0,0,0,0,2,0,1,0,0,0,0,0,0,0,0,0,0,0,0,0,0,0,0,0,0,0,0,0,0,0,1,0,0,0,0,0,0,0,0,0,1,0,0,0,0,0,0,0,0,0,0,0,0,0,0,0,0,1,0,0,0,0,562.0,Escherichia coli,Bacteria
116598,,18491746,CHEMBL4187482,Antimicrobial activity against Escherichia coli expressing beta-lactamase Oxa-10 by CLSI broth microdilution method,F,BAO_0002146,BAO_0000218,organism-based format,C[C@H]1[C@H](NC(=O)/C(=N\OC(C)(C)C(=O)O)c2csc(N)n2)C(=O)N1S(=O)(=O)O,CHEMBL4184210,Bioorg Med Chem Lett,2018.0,CHEMBL158,AZTREONAM,CHEMBL158,0,http://www.openphacts.org/units/MicrogramPerMilliliter,3069226,=,1,1,=,MIC,ug.mL-1,1.0,CHEMBL354,Escherichia coli,Escherichia coli,562.0,,MIC,ug ml-1,UO_0000274,1.0,CHEMBL158,C[C@H]1[C@H](NC(=O)/C(=N\OC(C)(C)C(=O)O)c2csc(N)n2)C(=O)N1S(=O)(=O)O,12.562141912320484,12.562141912320484,0.0349535856009066,-4.756268639419342,0.174788224513646,20.5,435.44000000000017,418.30400000000014,435.051854504,154,0,0.3620751467724121,-0.4782270320177159,0.4782270320177159,0.3620751467724121,1.4642857142857142,2.071428571428572,2.5,32.24529764273617,10.00401161573638,2.513331128805475,-2.416338874010568,2.230948535260857,-2.707807208919476,7.836563836647012,-0.1608446168429468,2.971847309732629,2.2592762983237704,953.8851353067348,21.43879310982592,14.8114553779692,16.444448539824652,12.752743308167698,7.578995896792942,9.855612118054724,6.221230582074894,8.399971119282888,3.730567932227123,5.414072402778615,2.1128455580549623,3.54351374163482,-2.78,690205.5939907836,21.519292322605008,7.325918985638601,4.204134383579708,162.59031069995737,20.994572059745856,11.735768823996422,10.843243482610037,5.601050810983688,11.814359458703011,16.27347016397548,14.141824241834009,14.083731696315263,8.417796984328938,11.336785877934735,5.15571272675054,20.771211599071872,5.380062770465915,6.041840829147961,37.29827438881211,50.26785898322327,0.0,14.605983116249774,5.15571272675054,38.455944068351485,5.733667477162185,11.073990765314376,0.0,0.0,11.050456081168516,5.131558479839333,0.0,11.336785877934735,68.54635098380861,29.525365011975733,0.0,26.46513959392033,10.535775497216456,0.0,0.0,0.0,201.58,51.4842470947288,22.801408536544404,0.0,15.130702465984026,0.0,11.336785877934735,26.151274369537788,0.0,0.0,15.456479851704078,20.23053332942989,31.44978820569469,0.9796905422586336,44.39737831563419,16.334751159546904,3.256457088644816,-3.375611656986792,-2.3123389733980013,0.0,3.692820624691566,-4.756268639419342,0.4615384615384615,28,5,13,0,1,1,0,1,1,10,4,15,7,0,1,1,2,-1.172499999999998,95.65050000000004,1,0,0,1,0,1,0,0,1,1,3,2,0,0,0,3,1,1,0,0,0,0,0,0,0,0,0,2,0,1,0,0,0,0,0,0,0,0,0,0,0,0,0,0,0,0,0,0,0,0,0,0,0,1,0,0,0,0,0,0,0,0,0,1,0,0,0,0,0,0,0,0,0,0,0,0,0,0,0,0,1,0,0,0,0,562.0,Escherichia coli,Bacteria
116598,,18491746,CHEMBL4187482,Antimicrobial activity against Escherichia coli expressing beta-lactamase Oxa-10 by CLSI broth microdilution method,F,BAO_0002146,BAO_0000218,organism-based format,C[C@H]1[C@H](NC(=O)/C(=N\OC(C)(C)C(=O)O)c2csc(N)n2)C(=O)N1S(=O)(=O)O,CHEMBL4184210,Bioorg Med Chem Lett,2018.0,CHEMBL158,AZTREONAM,CHEMBL158,0,http://www.openphacts.org/units/MicrogramPerMilliliter,3069226,=,1,1,=,MIC,ug.mL-1,1.0,CHEMBL354,Escherichia coli,Escherichia coli,562.0,,MIC,ug ml-1,UO_0000274,1.0,CHEMBL158,C[C@H]1[C@H](NC(=O)/C(=N\OC(C)(C)C(=O)O)c2csc(N)n2)C(=O)N1S(=O)(=O)O,12.562141912320484,12.562141912320484,0.0349535856009066,-4.756268639419342,0.174788224513646,20.5,435.44000000000017,418.30400000000014,435.051854504,154,0,0.3620751467724121,-0.4782270320177159,0.4782270320177159,0.3620751467724121,1.4642857142857142,2.071428571428572,2.5,32.24529764273617,10.00401161573638,2.513331128805475,-2.416338874010568,2.230948535260857,-2.707807208919476,7.836563836647012,-0.1608446168429468,2.971847309732629,2.2592762983237704,953.8851353067348,21.43879310982592,14.8114553779692,16.444448539824652,12.752743308167698,7.578995896792942,9.855612118054724,6.221230582074894,8.399971119282888,3.730567932227123,5.414072402778615,2.1128455580549623,3.54351374163482,-2.78,690205.5939907836,21.519292322605008,7.325918985638601,4.204134383579708,162.59031069995737,20.994572059745856,11.735768823996422,10.843243482610037,5.601050810983688,11.814359458703011,16.27347016397548,14.141824241834009,14.083731696315263,8.417796984328938,11.336785877934735,5.15571272675054,20.771211599071872,5.380062770465915,6.041840829147961,37.29827438881211,50.26785898322327,0.0,14.605983116249774,5.15571272675054,38.455944068351485,5.733667477162185,11.073990765314376,0.0,0.0,11.050456081168516,5.131558479839333,0.0,11.336785877934735,68.54635098380861,29.525365011975733,0.0,26.46513959392033,10.535775497216456,0.0,0.0,0.0,201.58,51.4842470947288,22.801408536544404,0.0,15.130702465984026,0.0,11.336785877934735,26.151274369537788,0.0,0.0,15.456479851704078,20.23053332942989,31.44978820569469,0.9796905422586336,44.39737831563419,16.334751159546904,3.256457088644816,-3.375611656986792,-2.3123389733980013,0.0,3.692820624691566,-4.756268639419342,0.4615384615384615,28,5,13,0,1,1,0,1,1,10,4,15,7,0,1,1,2,-1.172499999999998,95.65050000000004,1,0,0,1,0,1,0,0,1,1,3,2,0,0,0,3,1,1,0,0,0,0,0,0,0,0,0,2,0,1,0,0,0,0,0,0,0,0,0,0,0,0,0,0,0,0,0,0,0,0,0,0,0,1,0,0,0,0,0,0,0,0,0,1,0,0,0,0,0,0,0,0,0,0,0,0,0,0,0,0,1,0,0,0,0,562.0,Escherichia coli,Bacteria
116599,,18491759,CHEMBL4187483,Antimicrobial activity against Escherichia coli expressing beta-lactamase Oxa-18 by CLSI broth microdilution method,F,BAO_0002146,BAO_0000218,organism-based format,C[C@H]1[C@H](NC(=O)/C(=N\OC(C)(C)C(=O)O)c2csc(N)n2)C(=O)N1S(=O)(=O)O,CHEMBL4184210,Bioorg Med Chem Lett,2018.0,CHEMBL158,AZTREONAM,CHEMBL158,0,http://www.openphacts.org/units/MicrogramPerMilliliter,3069226,>,1,1,>,MIC,ug.mL-1,64.0,CHEMBL354,Escherichia coli,Escherichia coli,562.0,,MIC,ug ml-1,UO_0000274,64.0,CHEMBL158,C[C@H]1[C@H](NC(=O)/C(=N\OC(C)(C)C(=O)O)c2csc(N)n2)C(=O)N1S(=O)(=O)O,12.562141912320484,12.562141912320484,0.0349535856009066,-4.756268639419342,0.174788224513646,20.5,435.44000000000017,418.30400000000014,435.051854504,154,0,0.3620751467724121,-0.4782270320177159,0.4782270320177159,0.3620751467724121,1.4642857142857142,2.071428571428572,2.5,32.24529764273617,10.00401161573638,2.513331128805475,-2.416338874010568,2.230948535260857,-2.707807208919476,7.836563836647012,-0.1608446168429468,2.971847309732629,2.2592762983237704,953.8851353067348,21.43879310982592,14.8114553779692,16.444448539824652,12.752743308167698,7.578995896792942,9.855612118054724,6.221230582074894,8.399971119282888,3.730567932227123,5.414072402778615,2.1128455580549623,3.54351374163482,-2.78,690205.5939907836,21.519292322605008,7.325918985638601,4.204134383579708,162.59031069995737,20.994572059745856,11.735768823996422,10.843243482610037,5.601050810983688,11.814359458703011,16.27347016397548,14.141824241834009,14.083731696315263,8.417796984328938,11.336785877934735,5.15571272675054,20.771211599071872,5.380062770465915,6.041840829147961,37.29827438881211,50.26785898322327,0.0,14.605983116249774,5.15571272675054,38.455944068351485,5.733667477162185,11.073990765314376,0.0,0.0,11.050456081168516,5.131558479839333,0.0,11.336785877934735,68.54635098380861,29.525365011975733,0.0,26.46513959392033,10.535775497216456,0.0,0.0,0.0,201.58,51.4842470947288,22.801408536544404,0.0,15.130702465984026,0.0,11.336785877934735,26.151274369537788,0.0,0.0,15.456479851704078,20.23053332942989,31.44978820569469,0.9796905422586336,44.39737831563419,16.334751159546904,3.256457088644816,-3.375611656986792,-2.3123389733980013,0.0,3.692820624691566,-4.756268639419342,0.4615384615384615,28,5,13,0,1,1,0,1,1,10,4,15,7,0,1,1,2,-1.172499999999998,95.65050000000004,1,0,0,1,0,1,0,0,1,1,3,2,0,0,0,3,1,1,0,0,0,0,0,0,0,0,0,2,0,1,0,0,0,0,0,0,0,0,0,0,0,0,0,0,0,0,0,0,0,0,0,0,0,1,0,0,0,0,0,0,0,0,0,1,0,0,0,0,0,0,0,0,0,0,0,0,0,0,0,0,1,0,0,0,0,562.0,Escherichia coli,Bacteria
116599,,18491759,CHEMBL4187483,Antimicrobial activity against Escherichia coli expressing beta-lactamase Oxa-18 by CLSI broth microdilution method,F,BAO_0002146,BAO_0000218,organism-based format,C[C@H]1[C@H](NC(=O)/C(=N\OC(C)(C)C(=O)O)c2csc(N)n2)C(=O)N1S(=O)(=O)O,CHEMBL4184210,Bioorg Med Chem Lett,2018.0,CHEMBL158,AZTREONAM,CHEMBL158,0,http://www.openphacts.org/units/MicrogramPerMilliliter,3069226,>,1,1,>,MIC,ug.mL-1,64.0,CHEMBL354,Escherichia coli,Escherichia coli,562.0,,MIC,ug ml-1,UO_0000274,64.0,CHEMBL158,C[C@H]1[C@H](NC(=O)/C(=N\OC(C)(C)C(=O)O)c2csc(N)n2)C(=O)N1S(=O)(=O)O,12.562141912320484,12.562141912320484,0.0349535856009066,-4.756268639419342,0.174788224513646,20.5,435.44000000000017,418.30400000000014,435.051854504,154,0,0.3620751467724121,-0.4782270320177159,0.4782270320177159,0.3620751467724121,1.4642857142857142,2.071428571428572,2.5,32.24529764273617,10.00401161573638,2.513331128805475,-2.416338874010568,2.230948535260857,-2.707807208919476,7.836563836647012,-0.1608446168429468,2.971847309732629,2.2592762983237704,953.8851353067348,21.43879310982592,14.8114553779692,16.444448539824652,12.752743308167698,7.578995896792942,9.855612118054724,6.221230582074894,8.399971119282888,3.730567932227123,5.414072402778615,2.1128455580549623,3.54351374163482,-2.78,690205.5939907836,21.519292322605008,7.325918985638601,4.204134383579708,162.59031069995737,20.994572059745856,11.735768823996422,10.843243482610037,5.601050810983688,11.814359458703011,16.27347016397548,14.141824241834009,14.083731696315263,8.417796984328938,11.336785877934735,5.15571272675054,20.771211599071872,5.380062770465915,6.041840829147961,37.29827438881211,50.26785898322327,0.0,14.605983116249774,5.15571272675054,38.455944068351485,5.733667477162185,11.073990765314376,0.0,0.0,11.050456081168516,5.131558479839333,0.0,11.336785877934735,68.54635098380861,29.525365011975733,0.0,26.46513959392033,10.535775497216456,0.0,0.0,0.0,201.58,51.4842470947288,22.801408536544404,0.0,15.130702465984026,0.0,11.336785877934735,26.151274369537788,0.0,0.0,15.456479851704078,20.23053332942989,31.44978820569469,0.9796905422586336,44.39737831563419,16.334751159546904,3.256457088644816,-3.375611656986792,-2.3123389733980013,0.0,3.692820624691566,-4.756268639419342,0.4615384615384615,28,5,13,0,1,1,0,1,1,10,4,15,7,0,1,1,2,-1.172499999999998,95.65050000000004,1,0,0,1,0,1,0,0,1,1,3,2,0,0,0,3,1,1,0,0,0,0,0,0,0,0,0,2,0,1,0,0,0,0,0,0,0,0,0,0,0,0,0,0,0,0,0,0,0,0,0,0,0,1,0,0,0,0,0,0,0,0,0,1,0,0,0,0,0,0,0,0,0,0,0,0,0,0,0,0,1,0,0,0,0,562.0,Escherichia coli,Bacteria
116599,,18491759,CHEMBL4187483,Antimicrobial activity against Escherichia coli expressing beta-lactamase Oxa-18 by CLSI broth microdilution method,F,BAO_0002146,BAO_0000218,organism-based format,C[C@H]1[C@H](NC(=O)/C(=N\OC(C)(C)C(=O)O)c2csc(N)n2)C(=O)N1S(=O)(=O)O,CHEMBL4184210,Bioorg Med Chem Lett,2018.0,CHEMBL158,AZTREONAM,CHEMBL158,0,http://www.openphacts.org/units/MicrogramPerMilliliter,3069226,>,1,1,>,MIC,ug.mL-1,64.0,CHEMBL354,Escherichia coli,Escherichia coli,562.0,,MIC,ug ml-1,UO_0000274,64.0,CHEMBL158,C[C@H]1[C@H](NC(=O)/C(=N\OC(C)(C)C(=O)O)c2csc(N)n2)C(=O)N1S(=O)(=O)O,12.562141912320484,12.562141912320484,0.0349535856009066,-4.756268639419342,0.174788224513646,20.5,435.44000000000017,418.30400000000014,435.051854504,154,0,0.3620751467724121,-0.4782270320177159,0.4782270320177159,0.3620751467724121,1.4642857142857142,2.071428571428572,2.5,32.24529764273617,10.00401161573638,2.513331128805475,-2.416338874010568,2.230948535260857,-2.707807208919476,7.836563836647012,-0.1608446168429468,2.971847309732629,2.2592762983237704,953.8851353067348,21.43879310982592,14.8114553779692,16.444448539824652,12.752743308167698,7.578995896792942,9.855612118054724,6.221230582074894,8.399971119282888,3.730567932227123,5.414072402778615,2.1128455580549623,3.54351374163482,-2.78,690205.5939907836,21.519292322605008,7.325918985638601,4.204134383579708,162.59031069995737,20.994572059745856,11.735768823996422,10.843243482610037,5.601050810983688,11.814359458703011,16.27347016397548,14.141824241834009,14.083731696315263,8.417796984328938,11.336785877934735,5.15571272675054,20.771211599071872,5.380062770465915,6.041840829147961,37.29827438881211,50.26785898322327,0.0,14.605983116249774,5.15571272675054,38.455944068351485,5.733667477162185,11.073990765314376,0.0,0.0,11.050456081168516,5.131558479839333,0.0,11.336785877934735,68.54635098380861,29.525365011975733,0.0,26.46513959392033,10.535775497216456,0.0,0.0,0.0,201.58,51.4842470947288,22.801408536544404,0.0,15.130702465984026,0.0,11.336785877934735,26.151274369537788,0.0,0.0,15.456479851704078,20.23053332942989,31.44978820569469,0.9796905422586336,44.39737831563419,16.334751159546904,3.256457088644816,-3.375611656986792,-2.3123389733980013,0.0,3.692820624691566,-4.756268639419342,0.4615384615384615,28,5,13,0,1,1,0,1,1,10,4,15,7,0,1,1,2,-1.172499999999998,95.65050000000004,1,0,0,1,0,1,0,0,1,1,3,2,0,0,0,3,1,1,0,0,0,0,0,0,0,0,0,2,0,1,0,0,0,0,0,0,0,0,0,0,0,0,0,0,0,0,0,0,0,0,0,0,0,1,0,0,0,0,0,0,0,0,0,1,0,0,0,0,0,0,0,0,0,0,0,0,0,0,0,0,1,0,0,0,0,562.0,Escherichia coli,Bacteria
116599,,18491759,CHEMBL4187483,Antimicrobial activity against Escherichia coli expressing beta-lactamase Oxa-18 by CLSI broth microdilution method,F,BAO_0002146,BAO_0000218,organism-based format,C[C@H]1[C@H](NC(=O)/C(=N\OC(C)(C)C(=O)O)c2csc(N)n2)C(=O)N1S(=O)(=O)O,CHEMBL4184210,Bioorg Med Chem Lett,2018.0,CHEMBL158,AZTREONAM,CHEMBL158,0,http://www.openphacts.org/units/MicrogramPerMilliliter,3069226,>,1,1,>,MIC,ug.mL-1,64.0,CHEMBL354,Escherichia coli,Escherichia coli,562.0,,MIC,ug ml-1,UO_0000274,64.0,CHEMBL158,C[C@H]1[C@H](NC(=O)/C(=N\OC(C)(C)C(=O)O)c2csc(N)n2)C(=O)N1S(=O)(=O)O,12.562141912320484,12.562141912320484,0.0349535856009066,-4.756268639419342,0.174788224513646,20.5,435.44000000000017,418.30400000000014,435.051854504,154,0,0.3620751467724121,-0.4782270320177159,0.4782270320177159,0.3620751467724121,1.4642857142857142,2.071428571428572,2.5,32.24529764273617,10.00401161573638,2.513331128805475,-2.416338874010568,2.230948535260857,-2.707807208919476,7.836563836647012,-0.1608446168429468,2.971847309732629,2.2592762983237704,953.8851353067348,21.43879310982592,14.8114553779692,16.444448539824652,12.752743308167698,7.578995896792942,9.855612118054724,6.221230582074894,8.399971119282888,3.730567932227123,5.414072402778615,2.1128455580549623,3.54351374163482,-2.78,690205.5939907836,21.519292322605008,7.325918985638601,4.204134383579708,162.59031069995737,20.994572059745856,11.735768823996422,10.843243482610037,5.601050810983688,11.814359458703011,16.27347016397548,14.141824241834009,14.083731696315263,8.417796984328938,11.336785877934735,5.15571272675054,20.771211599071872,5.380062770465915,6.041840829147961,37.29827438881211,50.26785898322327,0.0,14.605983116249774,5.15571272675054,38.455944068351485,5.733667477162185,11.073990765314376,0.0,0.0,11.050456081168516,5.131558479839333,0.0,11.336785877934735,68.54635098380861,29.525365011975733,0.0,26.46513959392033,10.535775497216456,0.0,0.0,0.0,201.58,51.4842470947288,22.801408536544404,0.0,15.130702465984026,0.0,11.336785877934735,26.151274369537788,0.0,0.0,15.456479851704078,20.23053332942989,31.44978820569469,0.9796905422586336,44.39737831563419,16.334751159546904,3.256457088644816,-3.375611656986792,-2.3123389733980013,0.0,3.692820624691566,-4.756268639419342,0.4615384615384615,28,5,13,0,1,1,0,1,1,10,4,15,7,0,1,1,2,-1.172499999999998,95.65050000000004,1,0,0,1,0,1,0,0,1,1,3,2,0,0,0,3,1,1,0,0,0,0,0,0,0,0,0,2,0,1,0,0,0,0,0,0,0,0,0,0,0,0,0,0,0,0,0,0,0,0,0,0,0,1,0,0,0,0,0,0,0,0,0,1,0,0,0,0,0,0,0,0,0,0,0,0,0,0,0,0,1,0,0,0,0,562.0,Escherichia coli,Bacteria
116600,,18491772,CHEMBL4187484,Antimicrobial activity against Escherichia coli expressing beta-lactamase Oxa-23 by CLSI broth microdilution method,F,BAO_0002146,BAO_0000218,organism-based format,C[C@H]1[C@H](NC(=O)/C(=N\OC(C)(C)C(=O)O)c2csc(N)n2)C(=O)N1S(=O)(=O)O,CHEMBL4184210,Bioorg Med Chem Lett,2018.0,CHEMBL158,AZTREONAM,CHEMBL158,0,http://www.openphacts.org/units/MicrogramPerMilliliter,3069226,=,1,1,=,MIC,ug.mL-1,0.125,CHEMBL354,Escherichia coli,Escherichia coli,562.0,,MIC,ug ml-1,UO_0000274,0.125,CHEMBL158,C[C@H]1[C@H](NC(=O)/C(=N\OC(C)(C)C(=O)O)c2csc(N)n2)C(=O)N1S(=O)(=O)O,12.562141912320484,12.562141912320484,0.0349535856009066,-4.756268639419342,0.174788224513646,20.5,435.44000000000017,418.30400000000014,435.051854504,154,0,0.3620751467724121,-0.4782270320177159,0.4782270320177159,0.3620751467724121,1.4642857142857142,2.071428571428572,2.5,32.24529764273617,10.00401161573638,2.513331128805475,-2.416338874010568,2.230948535260857,-2.707807208919476,7.836563836647012,-0.1608446168429468,2.971847309732629,2.2592762983237704,953.8851353067348,21.43879310982592,14.8114553779692,16.444448539824652,12.752743308167698,7.578995896792942,9.855612118054724,6.221230582074894,8.399971119282888,3.730567932227123,5.414072402778615,2.1128455580549623,3.54351374163482,-2.78,690205.5939907836,21.519292322605008,7.325918985638601,4.204134383579708,162.59031069995737,20.994572059745856,11.735768823996422,10.843243482610037,5.601050810983688,11.814359458703011,16.27347016397548,14.141824241834009,14.083731696315263,8.417796984328938,11.336785877934735,5.15571272675054,20.771211599071872,5.380062770465915,6.041840829147961,37.29827438881211,50.26785898322327,0.0,14.605983116249774,5.15571272675054,38.455944068351485,5.733667477162185,11.073990765314376,0.0,0.0,11.050456081168516,5.131558479839333,0.0,11.336785877934735,68.54635098380861,29.525365011975733,0.0,26.46513959392033,10.535775497216456,0.0,0.0,0.0,201.58,51.4842470947288,22.801408536544404,0.0,15.130702465984026,0.0,11.336785877934735,26.151274369537788,0.0,0.0,15.456479851704078,20.23053332942989,31.44978820569469,0.9796905422586336,44.39737831563419,16.334751159546904,3.256457088644816,-3.375611656986792,-2.3123389733980013,0.0,3.692820624691566,-4.756268639419342,0.4615384615384615,28,5,13,0,1,1,0,1,1,10,4,15,7,0,1,1,2,-1.172499999999998,95.65050000000004,1,0,0,1,0,1,0,0,1,1,3,2,0,0,0,3,1,1,0,0,0,0,0,0,0,0,0,2,0,1,0,0,0,0,0,0,0,0,0,0,0,0,0,0,0,0,0,0,0,0,0,0,0,1,0,0,0,0,0,0,0,0,0,1,0,0,0,0,0,0,0,0,0,0,0,0,0,0,0,0,1,0,0,0,0,562.0,Escherichia coli,Bacteria
116600,,18491772,CHEMBL4187484,Antimicrobial activity against Escherichia coli expressing beta-lactamase Oxa-23 by CLSI broth microdilution method,F,BAO_0002146,BAO_0000218,organism-based format,C[C@H]1[C@H](NC(=O)/C(=N\OC(C)(C)C(=O)O)c2csc(N)n2)C(=O)N1S(=O)(=O)O,CHEMBL4184210,Bioorg Med Chem Lett,2018.0,CHEMBL158,AZTREONAM,CHEMBL158,0,http://www.openphacts.org/units/MicrogramPerMilliliter,3069226,=,1,1,=,MIC,ug.mL-1,0.125,CHEMBL354,Escherichia coli,Escherichia coli,562.0,,MIC,ug ml-1,UO_0000274,0.125,CHEMBL158,C[C@H]1[C@H](NC(=O)/C(=N\OC(C)(C)C(=O)O)c2csc(N)n2)C(=O)N1S(=O)(=O)O,12.562141912320484,12.562141912320484,0.0349535856009066,-4.756268639419342,0.174788224513646,20.5,435.44000000000017,418.30400000000014,435.051854504,154,0,0.3620751467724121,-0.4782270320177159,0.4782270320177159,0.3620751467724121,1.4642857142857142,2.071428571428572,2.5,32.24529764273617,10.00401161573638,2.513331128805475,-2.416338874010568,2.230948535260857,-2.707807208919476,7.836563836647012,-0.1608446168429468,2.971847309732629,2.2592762983237704,953.8851353067348,21.43879310982592,14.8114553779692,16.444448539824652,12.752743308167698,7.578995896792942,9.855612118054724,6.221230582074894,8.399971119282888,3.730567932227123,5.414072402778615,2.1128455580549623,3.54351374163482,-2.78,690205.5939907836,21.519292322605008,7.325918985638601,4.204134383579708,162.59031069995737,20.994572059745856,11.735768823996422,10.843243482610037,5.601050810983688,11.814359458703011,16.27347016397548,14.141824241834009,14.083731696315263,8.417796984328938,11.336785877934735,5.15571272675054,20.771211599071872,5.380062770465915,6.041840829147961,37.29827438881211,50.26785898322327,0.0,14.605983116249774,5.15571272675054,38.455944068351485,5.733667477162185,11.073990765314376,0.0,0.0,11.050456081168516,5.131558479839333,0.0,11.336785877934735,68.54635098380861,29.525365011975733,0.0,26.46513959392033,10.535775497216456,0.0,0.0,0.0,201.58,51.4842470947288,22.801408536544404,0.0,15.130702465984026,0.0,11.336785877934735,26.151274369537788,0.0,0.0,15.456479851704078,20.23053332942989,31.44978820569469,0.9796905422586336,44.39737831563419,16.334751159546904,3.256457088644816,-3.375611656986792,-2.3123389733980013,0.0,3.692820624691566,-4.756268639419342,0.4615384615384615,28,5,13,0,1,1,0,1,1,10,4,15,7,0,1,1,2,-1.172499999999998,95.65050000000004,1,0,0,1,0,1,0,0,1,1,3,2,0,0,0,3,1,1,0,0,0,0,0,0,0,0,0,2,0,1,0,0,0,0,0,0,0,0,0,0,0,0,0,0,0,0,0,0,0,0,0,0,0,1,0,0,0,0,0,0,0,0,0,1,0,0,0,0,0,0,0,0,0,0,0,0,0,0,0,0,1,0,0,0,0,562.0,Escherichia coli,Bacteria
116600,,18491772,CHEMBL4187484,Antimicrobial activity against Escherichia coli expressing beta-lactamase Oxa-23 by CLSI broth microdilution method,F,BAO_0002146,BAO_0000218,organism-based format,C[C@H]1[C@H](NC(=O)/C(=N\OC(C)(C)C(=O)O)c2csc(N)n2)C(=O)N1S(=O)(=O)O,CHEMBL4184210,Bioorg Med Chem Lett,2018.0,CHEMBL158,AZTREONAM,CHEMBL158,0,http://www.openphacts.org/units/MicrogramPerMilliliter,3069226,=,1,1,=,MIC,ug.mL-1,0.125,CHEMBL354,Escherichia coli,Escherichia coli,562.0,,MIC,ug ml-1,UO_0000274,0.125,CHEMBL158,C[C@H]1[C@H](NC(=O)/C(=N\OC(C)(C)C(=O)O)c2csc(N)n2)C(=O)N1S(=O)(=O)O,12.562141912320484,12.562141912320484,0.0349535856009066,-4.756268639419342,0.174788224513646,20.5,435.44000000000017,418.30400000000014,435.051854504,154,0,0.3620751467724121,-0.4782270320177159,0.4782270320177159,0.3620751467724121,1.4642857142857142,2.071428571428572,2.5,32.24529764273617,10.00401161573638,2.513331128805475,-2.416338874010568,2.230948535260857,-2.707807208919476,7.836563836647012,-0.1608446168429468,2.971847309732629,2.2592762983237704,953.8851353067348,21.43879310982592,14.8114553779692,16.444448539824652,12.752743308167698,7.578995896792942,9.855612118054724,6.221230582074894,8.399971119282888,3.730567932227123,5.414072402778615,2.1128455580549623,3.54351374163482,-2.78,690205.5939907836,21.519292322605008,7.325918985638601,4.204134383579708,162.59031069995737,20.994572059745856,11.735768823996422,10.843243482610037,5.601050810983688,11.814359458703011,16.27347016397548,14.141824241834009,14.083731696315263,8.417796984328938,11.336785877934735,5.15571272675054,20.771211599071872,5.380062770465915,6.041840829147961,37.29827438881211,50.26785898322327,0.0,14.605983116249774,5.15571272675054,38.455944068351485,5.733667477162185,11.073990765314376,0.0,0.0,11.050456081168516,5.131558479839333,0.0,11.336785877934735,68.54635098380861,29.525365011975733,0.0,26.46513959392033,10.535775497216456,0.0,0.0,0.0,201.58,51.4842470947288,22.801408536544404,0.0,15.130702465984026,0.0,11.336785877934735,26.151274369537788,0.0,0.0,15.456479851704078,20.23053332942989,31.44978820569469,0.9796905422586336,44.39737831563419,16.334751159546904,3.256457088644816,-3.375611656986792,-2.3123389733980013,0.0,3.692820624691566,-4.756268639419342,0.4615384615384615,28,5,13,0,1,1,0,1,1,10,4,15,7,0,1,1,2,-1.172499999999998,95.65050000000004,1,0,0,1,0,1,0,0,1,1,3,2,0,0,0,3,1,1,0,0,0,0,0,0,0,0,0,2,0,1,0,0,0,0,0,0,0,0,0,0,0,0,0,0,0,0,0,0,0,0,0,0,0,1,0,0,0,0,0,0,0,0,0,1,0,0,0,0,0,0,0,0,0,0,0,0,0,0,0,0,1,0,0,0,0,562.0,Escherichia coli,Bacteria
116600,,18491772,CHEMBL4187484,Antimicrobial activity against Escherichia coli expressing beta-lactamase Oxa-23 by CLSI broth microdilution method,F,BAO_0002146,BAO_0000218,organism-based format,C[C@H]1[C@H](NC(=O)/C(=N\OC(C)(C)C(=O)O)c2csc(N)n2)C(=O)N1S(=O)(=O)O,CHEMBL4184210,Bioorg Med Chem Lett,2018.0,CHEMBL158,AZTREONAM,CHEMBL158,0,http://www.openphacts.org/units/MicrogramPerMilliliter,3069226,=,1,1,=,MIC,ug.mL-1,0.125,CHEMBL354,Escherichia coli,Escherichia coli,562.0,,MIC,ug ml-1,UO_0000274,0.125,CHEMBL158,C[C@H]1[C@H](NC(=O)/C(=N\OC(C)(C)C(=O)O)c2csc(N)n2)C(=O)N1S(=O)(=O)O,12.562141912320484,12.562141912320484,0.0349535856009066,-4.756268639419342,0.174788224513646,20.5,435.44000000000017,418.30400000000014,435.051854504,154,0,0.3620751467724121,-0.4782270320177159,0.4782270320177159,0.3620751467724121,1.4642857142857142,2.071428571428572,2.5,32.24529764273617,10.00401161573638,2.513331128805475,-2.416338874010568,2.230948535260857,-2.707807208919476,7.836563836647012,-0.1608446168429468,2.971847309732629,2.2592762983237704,953.8851353067348,21.43879310982592,14.8114553779692,16.444448539824652,12.752743308167698,7.578995896792942,9.855612118054724,6.221230582074894,8.399971119282888,3.730567932227123,5.414072402778615,2.1128455580549623,3.54351374163482,-2.78,690205.5939907836,21.519292322605008,7.325918985638601,4.204134383579708,162.59031069995737,20.994572059745856,11.735768823996422,10.843243482610037,5.601050810983688,11.814359458703011,16.27347016397548,14.141824241834009,14.083731696315263,8.417796984328938,11.336785877934735,5.15571272675054,20.771211599071872,5.380062770465915,6.041840829147961,37.29827438881211,50.26785898322327,0.0,14.605983116249774,5.15571272675054,38.455944068351485,5.733667477162185,11.073990765314376,0.0,0.0,11.050456081168516,5.131558479839333,0.0,11.336785877934735,68.54635098380861,29.525365011975733,0.0,26.46513959392033,10.535775497216456,0.0,0.0,0.0,201.58,51.4842470947288,22.801408536544404,0.0,15.130702465984026,0.0,11.336785877934735,26.151274369537788,0.0,0.0,15.456479851704078,20.23053332942989,31.44978820569469,0.9796905422586336,44.39737831563419,16.334751159546904,3.256457088644816,-3.375611656986792,-2.3123389733980013,0.0,3.692820624691566,-4.756268639419342,0.4615384615384615,28,5,13,0,1,1,0,1,1,10,4,15,7,0,1,1,2,-1.172499999999998,95.65050000000004,1,0,0,1,0,1,0,0,1,1,3,2,0,0,0,3,1,1,0,0,0,0,0,0,0,0,0,2,0,1,0,0,0,0,0,0,0,0,0,0,0,0,0,0,0,0,0,0,0,0,0,0,0,1,0,0,0,0,0,0,0,0,0,1,0,0,0,0,0,0,0,0,0,0,0,0,0,0,0,0,1,0,0,0,0,562.0,Escherichia coli,Bacteria
116601,,18491785,CHEMBL4187485,Antimicrobial activity against Escherichia coli expressing beta-lactamase Oxa-40 by CLSI broth microdilution method,F,BAO_0002146,BAO_0000218,organism-based format,C[C@H]1[C@H](NC(=O)/C(=N\OC(C)(C)C(=O)O)c2csc(N)n2)C(=O)N1S(=O)(=O)O,CHEMBL4184210,Bioorg Med Chem Lett,2018.0,CHEMBL158,AZTREONAM,CHEMBL158,0,http://www.openphacts.org/units/MicrogramPerMilliliter,3069226,=,1,1,=,MIC,ug.mL-1,0.125,CHEMBL354,Escherichia coli,Escherichia coli,562.0,,MIC,ug ml-1,UO_0000274,0.125,CHEMBL158,C[C@H]1[C@H](NC(=O)/C(=N\OC(C)(C)C(=O)O)c2csc(N)n2)C(=O)N1S(=O)(=O)O,12.562141912320484,12.562141912320484,0.0349535856009066,-4.756268639419342,0.174788224513646,20.5,435.44000000000017,418.30400000000014,435.051854504,154,0,0.3620751467724121,-0.4782270320177159,0.4782270320177159,0.3620751467724121,1.4642857142857142,2.071428571428572,2.5,32.24529764273617,10.00401161573638,2.513331128805475,-2.416338874010568,2.230948535260857,-2.707807208919476,7.836563836647012,-0.1608446168429468,2.971847309732629,2.2592762983237704,953.8851353067348,21.43879310982592,14.8114553779692,16.444448539824652,12.752743308167698,7.578995896792942,9.855612118054724,6.221230582074894,8.399971119282888,3.730567932227123,5.414072402778615,2.1128455580549623,3.54351374163482,-2.78,690205.5939907836,21.519292322605008,7.325918985638601,4.204134383579708,162.59031069995737,20.994572059745856,11.735768823996422,10.843243482610037,5.601050810983688,11.814359458703011,16.27347016397548,14.141824241834009,14.083731696315263,8.417796984328938,11.336785877934735,5.15571272675054,20.771211599071872,5.380062770465915,6.041840829147961,37.29827438881211,50.26785898322327,0.0,14.605983116249774,5.15571272675054,38.455944068351485,5.733667477162185,11.073990765314376,0.0,0.0,11.050456081168516,5.131558479839333,0.0,11.336785877934735,68.54635098380861,29.525365011975733,0.0,26.46513959392033,10.535775497216456,0.0,0.0,0.0,201.58,51.4842470947288,22.801408536544404,0.0,15.130702465984026,0.0,11.336785877934735,26.151274369537788,0.0,0.0,15.456479851704078,20.23053332942989,31.44978820569469,0.9796905422586336,44.39737831563419,16.334751159546904,3.256457088644816,-3.375611656986792,-2.3123389733980013,0.0,3.692820624691566,-4.756268639419342,0.4615384615384615,28,5,13,0,1,1,0,1,1,10,4,15,7,0,1,1,2,-1.172499999999998,95.65050000000004,1,0,0,1,0,1,0,0,1,1,3,2,0,0,0,3,1,1,0,0,0,0,0,0,0,0,0,2,0,1,0,0,0,0,0,0,0,0,0,0,0,0,0,0,0,0,0,0,0,0,0,0,0,1,0,0,0,0,0,0,0,0,0,1,0,0,0,0,0,0,0,0,0,0,0,0,0,0,0,0,1,0,0,0,0,562.0,Escherichia coli,Bacteria
116601,,18491785,CHEMBL4187485,Antimicrobial activity against Escherichia coli expressing beta-lactamase Oxa-40 by CLSI broth microdilution method,F,BAO_0002146,BAO_0000218,organism-based format,C[C@H]1[C@H](NC(=O)/C(=N\OC(C)(C)C(=O)O)c2csc(N)n2)C(=O)N1S(=O)(=O)O,CHEMBL4184210,Bioorg Med Chem Lett,2018.0,CHEMBL158,AZTREONAM,CHEMBL158,0,http://www.openphacts.org/units/MicrogramPerMilliliter,3069226,=,1,1,=,MIC,ug.mL-1,0.125,CHEMBL354,Escherichia coli,Escherichia coli,562.0,,MIC,ug ml-1,UO_0000274,0.125,CHEMBL158,C[C@H]1[C@H](NC(=O)/C(=N\OC(C)(C)C(=O)O)c2csc(N)n2)C(=O)N1S(=O)(=O)O,12.562141912320484,12.562141912320484,0.0349535856009066,-4.756268639419342,0.174788224513646,20.5,435.44000000000017,418.30400000000014,435.051854504,154,0,0.3620751467724121,-0.4782270320177159,0.4782270320177159,0.3620751467724121,1.4642857142857142,2.071428571428572,2.5,32.24529764273617,10.00401161573638,2.513331128805475,-2.416338874010568,2.230948535260857,-2.707807208919476,7.836563836647012,-0.1608446168429468,2.971847309732629,2.2592762983237704,953.8851353067348,21.43879310982592,14.8114553779692,16.444448539824652,12.752743308167698,7.578995896792942,9.855612118054724,6.221230582074894,8.399971119282888,3.730567932227123,5.414072402778615,2.1128455580549623,3.54351374163482,-2.78,690205.5939907836,21.519292322605008,7.325918985638601,4.204134383579708,162.59031069995737,20.994572059745856,11.735768823996422,10.843243482610037,5.601050810983688,11.814359458703011,16.27347016397548,14.141824241834009,14.083731696315263,8.417796984328938,11.336785877934735,5.15571272675054,20.771211599071872,5.380062770465915,6.041840829147961,37.29827438881211,50.26785898322327,0.0,14.605983116249774,5.15571272675054,38.455944068351485,5.733667477162185,11.073990765314376,0.0,0.0,11.050456081168516,5.131558479839333,0.0,11.336785877934735,68.54635098380861,29.525365011975733,0.0,26.46513959392033,10.535775497216456,0.0,0.0,0.0,201.58,51.4842470947288,22.801408536544404,0.0,15.130702465984026,0.0,11.336785877934735,26.151274369537788,0.0,0.0,15.456479851704078,20.23053332942989,31.44978820569469,0.9796905422586336,44.39737831563419,16.334751159546904,3.256457088644816,-3.375611656986792,-2.3123389733980013,0.0,3.692820624691566,-4.756268639419342,0.4615384615384615,28,5,13,0,1,1,0,1,1,10,4,15,7,0,1,1,2,-1.172499999999998,95.65050000000004,1,0,0,1,0,1,0,0,1,1,3,2,0,0,0,3,1,1,0,0,0,0,0,0,0,0,0,2,0,1,0,0,0,0,0,0,0,0,0,0,0,0,0,0,0,0,0,0,0,0,0,0,0,1,0,0,0,0,0,0,0,0,0,1,0,0,0,0,0,0,0,0,0,0,0,0,0,0,0,0,1,0,0,0,0,562.0,Escherichia coli,Bacteria
116601,,18491785,CHEMBL4187485,Antimicrobial activity against Escherichia coli expressing beta-lactamase Oxa-40 by CLSI broth microdilution method,F,BAO_0002146,BAO_0000218,organism-based format,C[C@H]1[C@H](NC(=O)/C(=N\OC(C)(C)C(=O)O)c2csc(N)n2)C(=O)N1S(=O)(=O)O,CHEMBL4184210,Bioorg Med Chem Lett,2018.0,CHEMBL158,AZTREONAM,CHEMBL158,0,http://www.openphacts.org/units/MicrogramPerMilliliter,3069226,=,1,1,=,MIC,ug.mL-1,0.125,CHEMBL354,Escherichia coli,Escherichia coli,562.0,,MIC,ug ml-1,UO_0000274,0.125,CHEMBL158,C[C@H]1[C@H](NC(=O)/C(=N\OC(C)(C)C(=O)O)c2csc(N)n2)C(=O)N1S(=O)(=O)O,12.562141912320484,12.562141912320484,0.0349535856009066,-4.756268639419342,0.174788224513646,20.5,435.44000000000017,418.30400000000014,435.051854504,154,0,0.3620751467724121,-0.4782270320177159,0.4782270320177159,0.3620751467724121,1.4642857142857142,2.071428571428572,2.5,32.24529764273617,10.00401161573638,2.513331128805475,-2.416338874010568,2.230948535260857,-2.707807208919476,7.836563836647012,-0.1608446168429468,2.971847309732629,2.2592762983237704,953.8851353067348,21.43879310982592,14.8114553779692,16.444448539824652,12.752743308167698,7.578995896792942,9.855612118054724,6.221230582074894,8.399971119282888,3.730567932227123,5.414072402778615,2.1128455580549623,3.54351374163482,-2.78,690205.5939907836,21.519292322605008,7.325918985638601,4.204134383579708,162.59031069995737,20.994572059745856,11.735768823996422,10.843243482610037,5.601050810983688,11.814359458703011,16.27347016397548,14.141824241834009,14.083731696315263,8.417796984328938,11.336785877934735,5.15571272675054,20.771211599071872,5.380062770465915,6.041840829147961,37.29827438881211,50.26785898322327,0.0,14.605983116249774,5.15571272675054,38.455944068351485,5.733667477162185,11.073990765314376,0.0,0.0,11.050456081168516,5.131558479839333,0.0,11.336785877934735,68.54635098380861,29.525365011975733,0.0,26.46513959392033,10.535775497216456,0.0,0.0,0.0,201.58,51.4842470947288,22.801408536544404,0.0,15.130702465984026,0.0,11.336785877934735,26.151274369537788,0.0,0.0,15.456479851704078,20.23053332942989,31.44978820569469,0.9796905422586336,44.39737831563419,16.334751159546904,3.256457088644816,-3.375611656986792,-2.3123389733980013,0.0,3.692820624691566,-4.756268639419342,0.4615384615384615,28,5,13,0,1,1,0,1,1,10,4,15,7,0,1,1,2,-1.172499999999998,95.65050000000004,1,0,0,1,0,1,0,0,1,1,3,2,0,0,0,3,1,1,0,0,0,0,0,0,0,0,0,2,0,1,0,0,0,0,0,0,0,0,0,0,0,0,0,0,0,0,0,0,0,0,0,0,0,1,0,0,0,0,0,0,0,0,0,1,0,0,0,0,0,0,0,0,0,0,0,0,0,0,0,0,1,0,0,0,0,562.0,Escherichia coli,Bacteria
116601,,18491785,CHEMBL4187485,Antimicrobial activity against Escherichia coli expressing beta-lactamase Oxa-40 by CLSI broth microdilution method,F,BAO_0002146,BAO_0000218,organism-based format,C[C@H]1[C@H](NC(=O)/C(=N\OC(C)(C)C(=O)O)c2csc(N)n2)C(=O)N1S(=O)(=O)O,CHEMBL4184210,Bioorg Med Chem Lett,2018.0,CHEMBL158,AZTREONAM,CHEMBL158,0,http://www.openphacts.org/units/MicrogramPerMilliliter,3069226,=,1,1,=,MIC,ug.mL-1,0.125,CHEMBL354,Escherichia coli,Escherichia coli,562.0,,MIC,ug ml-1,UO_0000274,0.125,CHEMBL158,C[C@H]1[C@H](NC(=O)/C(=N\OC(C)(C)C(=O)O)c2csc(N)n2)C(=O)N1S(=O)(=O)O,12.562141912320484,12.562141912320484,0.0349535856009066,-4.756268639419342,0.174788224513646,20.5,435.44000000000017,418.30400000000014,435.051854504,154,0,0.3620751467724121,-0.4782270320177159,0.4782270320177159,0.3620751467724121,1.4642857142857142,2.071428571428572,2.5,32.24529764273617,10.00401161573638,2.513331128805475,-2.416338874010568,2.230948535260857,-2.707807208919476,7.836563836647012,-0.1608446168429468,2.971847309732629,2.2592762983237704,953.8851353067348,21.43879310982592,14.8114553779692,16.444448539824652,12.752743308167698,7.578995896792942,9.855612118054724,6.221230582074894,8.399971119282888,3.730567932227123,5.414072402778615,2.1128455580549623,3.54351374163482,-2.78,690205.5939907836,21.519292322605008,7.325918985638601,4.204134383579708,162.59031069995737,20.994572059745856,11.735768823996422,10.843243482610037,5.601050810983688,11.814359458703011,16.27347016397548,14.141824241834009,14.083731696315263,8.417796984328938,11.336785877934735,5.15571272675054,20.771211599071872,5.380062770465915,6.041840829147961,37.29827438881211,50.26785898322327,0.0,14.605983116249774,5.15571272675054,38.455944068351485,5.733667477162185,11.073990765314376,0.0,0.0,11.050456081168516,5.131558479839333,0.0,11.336785877934735,68.54635098380861,29.525365011975733,0.0,26.46513959392033,10.535775497216456,0.0,0.0,0.0,201.58,51.4842470947288,22.801408536544404,0.0,15.130702465984026,0.0,11.336785877934735,26.151274369537788,0.0,0.0,15.456479851704078,20.23053332942989,31.44978820569469,0.9796905422586336,44.39737831563419,16.334751159546904,3.256457088644816,-3.375611656986792,-2.3123389733980013,0.0,3.692820624691566,-4.756268639419342,0.4615384615384615,28,5,13,0,1,1,0,1,1,10,4,15,7,0,1,1,2,-1.172499999999998,95.65050000000004,1,0,0,1,0,1,0,0,1,1,3,2,0,0,0,3,1,1,0,0,0,0,0,0,0,0,0,2,0,1,0,0,0,0,0,0,0,0,0,0,0,0,0,0,0,0,0,0,0,0,0,0,0,1,0,0,0,0,0,0,0,0,0,1,0,0,0,0,0,0,0,0,0,0,0,0,0,0,0,0,1,0,0,0,0,562.0,Escherichia coli,Bacteria
116602,,18491798,CHEMBL4187486,Antimicrobial activity against Escherichia coli expressing beta-lactamase Oxa-48 by CLSI broth microdilution method,F,BAO_0002146,BAO_0000218,organism-based format,C[C@H]1[C@H](NC(=O)/C(=N\OC(C)(C)C(=O)O)c2csc(N)n2)C(=O)N1S(=O)(=O)O,CHEMBL4184210,Bioorg Med Chem Lett,2018.0,CHEMBL158,AZTREONAM,CHEMBL158,0,http://www.openphacts.org/units/MicrogramPerMilliliter,3069226,=,1,1,=,MIC,ug.mL-1,0.125,CHEMBL354,Escherichia coli,Escherichia coli,562.0,,MIC,ug ml-1,UO_0000274,0.125,CHEMBL158,C[C@H]1[C@H](NC(=O)/C(=N\OC(C)(C)C(=O)O)c2csc(N)n2)C(=O)N1S(=O)(=O)O,12.562141912320484,12.562141912320484,0.0349535856009066,-4.756268639419342,0.174788224513646,20.5,435.44000000000017,418.30400000000014,435.051854504,154,0,0.3620751467724121,-0.4782270320177159,0.4782270320177159,0.3620751467724121,1.4642857142857142,2.071428571428572,2.5,32.24529764273617,10.00401161573638,2.513331128805475,-2.416338874010568,2.230948535260857,-2.707807208919476,7.836563836647012,-0.1608446168429468,2.971847309732629,2.2592762983237704,953.8851353067348,21.43879310982592,14.8114553779692,16.444448539824652,12.752743308167698,7.578995896792942,9.855612118054724,6.221230582074894,8.399971119282888,3.730567932227123,5.414072402778615,2.1128455580549623,3.54351374163482,-2.78,690205.5939907836,21.519292322605008,7.325918985638601,4.204134383579708,162.59031069995737,20.994572059745856,11.735768823996422,10.843243482610037,5.601050810983688,11.814359458703011,16.27347016397548,14.141824241834009,14.083731696315263,8.417796984328938,11.336785877934735,5.15571272675054,20.771211599071872,5.380062770465915,6.041840829147961,37.29827438881211,50.26785898322327,0.0,14.605983116249774,5.15571272675054,38.455944068351485,5.733667477162185,11.073990765314376,0.0,0.0,11.050456081168516,5.131558479839333,0.0,11.336785877934735,68.54635098380861,29.525365011975733,0.0,26.46513959392033,10.535775497216456,0.0,0.0,0.0,201.58,51.4842470947288,22.801408536544404,0.0,15.130702465984026,0.0,11.336785877934735,26.151274369537788,0.0,0.0,15.456479851704078,20.23053332942989,31.44978820569469,0.9796905422586336,44.39737831563419,16.334751159546904,3.256457088644816,-3.375611656986792,-2.3123389733980013,0.0,3.692820624691566,-4.756268639419342,0.4615384615384615,28,5,13,0,1,1,0,1,1,10,4,15,7,0,1,1,2,-1.172499999999998,95.65050000000004,1,0,0,1,0,1,0,0,1,1,3,2,0,0,0,3,1,1,0,0,0,0,0,0,0,0,0,2,0,1,0,0,0,0,0,0,0,0,0,0,0,0,0,0,0,0,0,0,0,0,0,0,0,1,0,0,0,0,0,0,0,0,0,1,0,0,0,0,0,0,0,0,0,0,0,0,0,0,0,0,1,0,0,0,0,562.0,Escherichia coli,Bacteria
116602,,18491798,CHEMBL4187486,Antimicrobial activity against Escherichia coli expressing beta-lactamase Oxa-48 by CLSI broth microdilution method,F,BAO_0002146,BAO_0000218,organism-based format,C[C@H]1[C@H](NC(=O)/C(=N\OC(C)(C)C(=O)O)c2csc(N)n2)C(=O)N1S(=O)(=O)O,CHEMBL4184210,Bioorg Med Chem Lett,2018.0,CHEMBL158,AZTREONAM,CHEMBL158,0,http://www.openphacts.org/units/MicrogramPerMilliliter,3069226,=,1,1,=,MIC,ug.mL-1,0.125,CHEMBL354,Escherichia coli,Escherichia coli,562.0,,MIC,ug ml-1,UO_0000274,0.125,CHEMBL158,C[C@H]1[C@H](NC(=O)/C(=N\OC(C)(C)C(=O)O)c2csc(N)n2)C(=O)N1S(=O)(=O)O,12.562141912320484,12.562141912320484,0.0349535856009066,-4.756268639419342,0.174788224513646,20.5,435.44000000000017,418.30400000000014,435.051854504,154,0,0.3620751467724121,-0.4782270320177159,0.4782270320177159,0.3620751467724121,1.4642857142857142,2.071428571428572,2.5,32.24529764273617,10.00401161573638,2.513331128805475,-2.416338874010568,2.230948535260857,-2.707807208919476,7.836563836647012,-0.1608446168429468,2.971847309732629,2.2592762983237704,953.8851353067348,21.43879310982592,14.8114553779692,16.444448539824652,12.752743308167698,7.578995896792942,9.855612118054724,6.221230582074894,8.399971119282888,3.730567932227123,5.414072402778615,2.1128455580549623,3.54351374163482,-2.78,690205.5939907836,21.519292322605008,7.325918985638601,4.204134383579708,162.59031069995737,20.994572059745856,11.735768823996422,10.843243482610037,5.601050810983688,11.814359458703011,16.27347016397548,14.141824241834009,14.083731696315263,8.417796984328938,11.336785877934735,5.15571272675054,20.771211599071872,5.380062770465915,6.041840829147961,37.29827438881211,50.26785898322327,0.0,14.605983116249774,5.15571272675054,38.455944068351485,5.733667477162185,11.073990765314376,0.0,0.0,11.050456081168516,5.131558479839333,0.0,11.336785877934735,68.54635098380861,29.525365011975733,0.0,26.46513959392033,10.535775497216456,0.0,0.0,0.0,201.58,51.4842470947288,22.801408536544404,0.0,15.130702465984026,0.0,11.336785877934735,26.151274369537788,0.0,0.0,15.456479851704078,20.23053332942989,31.44978820569469,0.9796905422586336,44.39737831563419,16.334751159546904,3.256457088644816,-3.375611656986792,-2.3123389733980013,0.0,3.692820624691566,-4.756268639419342,0.4615384615384615,28,5,13,0,1,1,0,1,1,10,4,15,7,0,1,1,2,-1.172499999999998,95.65050000000004,1,0,0,1,0,1,0,0,1,1,3,2,0,0,0,3,1,1,0,0,0,0,0,0,0,0,0,2,0,1,0,0,0,0,0,0,0,0,0,0,0,0,0,0,0,0,0,0,0,0,0,0,0,1,0,0,0,0,0,0,0,0,0,1,0,0,0,0,0,0,0,0,0,0,0,0,0,0,0,0,1,0,0,0,0,562.0,Escherichia coli,Bacteria
116602,,18491798,CHEMBL4187486,Antimicrobial activity against Escherichia coli expressing beta-lactamase Oxa-48 by CLSI broth microdilution method,F,BAO_0002146,BAO_0000218,organism-based format,C[C@H]1[C@H](NC(=O)/C(=N\OC(C)(C)C(=O)O)c2csc(N)n2)C(=O)N1S(=O)(=O)O,CHEMBL4184210,Bioorg Med Chem Lett,2018.0,CHEMBL158,AZTREONAM,CHEMBL158,0,http://www.openphacts.org/units/MicrogramPerMilliliter,3069226,=,1,1,=,MIC,ug.mL-1,0.125,CHEMBL354,Escherichia coli,Escherichia coli,562.0,,MIC,ug ml-1,UO_0000274,0.125,CHEMBL158,C[C@H]1[C@H](NC(=O)/C(=N\OC(C)(C)C(=O)O)c2csc(N)n2)C(=O)N1S(=O)(=O)O,12.562141912320484,12.562141912320484,0.0349535856009066,-4.756268639419342,0.174788224513646,20.5,435.44000000000017,418.30400000000014,435.051854504,154,0,0.3620751467724121,-0.4782270320177159,0.4782270320177159,0.3620751467724121,1.4642857142857142,2.071428571428572,2.5,32.24529764273617,10.00401161573638,2.513331128805475,-2.416338874010568,2.230948535260857,-2.707807208919476,7.836563836647012,-0.1608446168429468,2.971847309732629,2.2592762983237704,953.8851353067348,21.43879310982592,14.8114553779692,16.444448539824652,12.752743308167698,7.578995896792942,9.855612118054724,6.221230582074894,8.399971119282888,3.730567932227123,5.414072402778615,2.1128455580549623,3.54351374163482,-2.78,690205.5939907836,21.519292322605008,7.325918985638601,4.204134383579708,162.59031069995737,20.994572059745856,11.735768823996422,10.843243482610037,5.601050810983688,11.814359458703011,16.27347016397548,14.141824241834009,14.083731696315263,8.417796984328938,11.336785877934735,5.15571272675054,20.771211599071872,5.380062770465915,6.041840829147961,37.29827438881211,50.26785898322327,0.0,14.605983116249774,5.15571272675054,38.455944068351485,5.733667477162185,11.073990765314376,0.0,0.0,11.050456081168516,5.131558479839333,0.0,11.336785877934735,68.54635098380861,29.525365011975733,0.0,26.46513959392033,10.535775497216456,0.0,0.0,0.0,201.58,51.4842470947288,22.801408536544404,0.0,15.130702465984026,0.0,11.336785877934735,26.151274369537788,0.0,0.0,15.456479851704078,20.23053332942989,31.44978820569469,0.9796905422586336,44.39737831563419,16.334751159546904,3.256457088644816,-3.375611656986792,-2.3123389733980013,0.0,3.692820624691566,-4.756268639419342,0.4615384615384615,28,5,13,0,1,1,0,1,1,10,4,15,7,0,1,1,2,-1.172499999999998,95.65050000000004,1,0,0,1,0,1,0,0,1,1,3,2,0,0,0,3,1,1,0,0,0,0,0,0,0,0,0,2,0,1,0,0,0,0,0,0,0,0,0,0,0,0,0,0,0,0,0,0,0,0,0,0,0,1,0,0,0,0,0,0,0,0,0,1,0,0,0,0,0,0,0,0,0,0,0,0,0,0,0,0,1,0,0,0,0,562.0,Escherichia coli,Bacteria
116602,,18491798,CHEMBL4187486,Antimicrobial activity against Escherichia coli expressing beta-lactamase Oxa-48 by CLSI broth microdilution method,F,BAO_0002146,BAO_0000218,organism-based format,C[C@H]1[C@H](NC(=O)/C(=N\OC(C)(C)C(=O)O)c2csc(N)n2)C(=O)N1S(=O)(=O)O,CHEMBL4184210,Bioorg Med Chem Lett,2018.0,CHEMBL158,AZTREONAM,CHEMBL158,0,http://www.openphacts.org/units/MicrogramPerMilliliter,3069226,=,1,1,=,MIC,ug.mL-1,0.125,CHEMBL354,Escherichia coli,Escherichia coli,562.0,,MIC,ug ml-1,UO_0000274,0.125,CHEMBL158,C[C@H]1[C@H](NC(=O)/C(=N\OC(C)(C)C(=O)O)c2csc(N)n2)C(=O)N1S(=O)(=O)O,12.562141912320484,12.562141912320484,0.0349535856009066,-4.756268639419342,0.174788224513646,20.5,435.44000000000017,418.30400000000014,435.051854504,154,0,0.3620751467724121,-0.4782270320177159,0.4782270320177159,0.3620751467724121,1.4642857142857142,2.071428571428572,2.5,32.24529764273617,10.00401161573638,2.513331128805475,-2.416338874010568,2.230948535260857,-2.707807208919476,7.836563836647012,-0.1608446168429468,2.971847309732629,2.2592762983237704,953.8851353067348,21.43879310982592,14.8114553779692,16.444448539824652,12.752743308167698,7.578995896792942,9.855612118054724,6.221230582074894,8.399971119282888,3.730567932227123,5.414072402778615,2.1128455580549623,3.54351374163482,-2.78,690205.5939907836,21.519292322605008,7.325918985638601,4.204134383579708,162.59031069995737,20.994572059745856,11.735768823996422,10.843243482610037,5.601050810983688,11.814359458703011,16.27347016397548,14.141824241834009,14.083731696315263,8.417796984328938,11.336785877934735,5.15571272675054,20.771211599071872,5.380062770465915,6.041840829147961,37.29827438881211,50.26785898322327,0.0,14.605983116249774,5.15571272675054,38.455944068351485,5.733667477162185,11.073990765314376,0.0,0.0,11.050456081168516,5.131558479839333,0.0,11.336785877934735,68.54635098380861,29.525365011975733,0.0,26.46513959392033,10.535775497216456,0.0,0.0,0.0,201.58,51.4842470947288,22.801408536544404,0.0,15.130702465984026,0.0,11.336785877934735,26.151274369537788,0.0,0.0,15.456479851704078,20.23053332942989,31.44978820569469,0.9796905422586336,44.39737831563419,16.334751159546904,3.256457088644816,-3.375611656986792,-2.3123389733980013,0.0,3.692820624691566,-4.756268639419342,0.4615384615384615,28,5,13,0,1,1,0,1,1,10,4,15,7,0,1,1,2,-1.172499999999998,95.65050000000004,1,0,0,1,0,1,0,0,1,1,3,2,0,0,0,3,1,1,0,0,0,0,0,0,0,0,0,2,0,1,0,0,0,0,0,0,0,0,0,0,0,0,0,0,0,0,0,0,0,0,0,0,0,1,0,0,0,0,0,0,0,0,0,1,0,0,0,0,0,0,0,0,0,0,0,0,0,0,0,0,1,0,0,0,0,562.0,Escherichia coli,Bacteria
116603,,18491813,CHEMBL4187487,Antimicrobial activity against Escherichia coli expressing beta-lactamase Oxa-51 by CLSI broth microdilution method,F,BAO_0002146,BAO_0000218,organism-based format,C[C@H]1[C@H](NC(=O)/C(=N\OC(C)(C)C(=O)O)c2csc(N)n2)C(=O)N1S(=O)(=O)O,CHEMBL4184210,Bioorg Med Chem Lett,2018.0,CHEMBL158,AZTREONAM,CHEMBL158,0,http://www.openphacts.org/units/MicrogramPerMilliliter,3069226,=,1,1,=,MIC,ug.mL-1,0.125,CHEMBL354,Escherichia coli,Escherichia coli,562.0,,MIC,ug ml-1,UO_0000274,0.125,CHEMBL158,C[C@H]1[C@H](NC(=O)/C(=N\OC(C)(C)C(=O)O)c2csc(N)n2)C(=O)N1S(=O)(=O)O,12.562141912320484,12.562141912320484,0.0349535856009066,-4.756268639419342,0.174788224513646,20.5,435.44000000000017,418.30400000000014,435.051854504,154,0,0.3620751467724121,-0.4782270320177159,0.4782270320177159,0.3620751467724121,1.4642857142857142,2.071428571428572,2.5,32.24529764273617,10.00401161573638,2.513331128805475,-2.416338874010568,2.230948535260857,-2.707807208919476,7.836563836647012,-0.1608446168429468,2.971847309732629,2.2592762983237704,953.8851353067348,21.43879310982592,14.8114553779692,16.444448539824652,12.752743308167698,7.578995896792942,9.855612118054724,6.221230582074894,8.399971119282888,3.730567932227123,5.414072402778615,2.1128455580549623,3.54351374163482,-2.78,690205.5939907836,21.519292322605008,7.325918985638601,4.204134383579708,162.59031069995737,20.994572059745856,11.735768823996422,10.843243482610037,5.601050810983688,11.814359458703011,16.27347016397548,14.141824241834009,14.083731696315263,8.417796984328938,11.336785877934735,5.15571272675054,20.771211599071872,5.380062770465915,6.041840829147961,37.29827438881211,50.26785898322327,0.0,14.605983116249774,5.15571272675054,38.455944068351485,5.733667477162185,11.073990765314376,0.0,0.0,11.050456081168516,5.131558479839333,0.0,11.336785877934735,68.54635098380861,29.525365011975733,0.0,26.46513959392033,10.535775497216456,0.0,0.0,0.0,201.58,51.4842470947288,22.801408536544404,0.0,15.130702465984026,0.0,11.336785877934735,26.151274369537788,0.0,0.0,15.456479851704078,20.23053332942989,31.44978820569469,0.9796905422586336,44.39737831563419,16.334751159546904,3.256457088644816,-3.375611656986792,-2.3123389733980013,0.0,3.692820624691566,-4.756268639419342,0.4615384615384615,28,5,13,0,1,1,0,1,1,10,4,15,7,0,1,1,2,-1.172499999999998,95.65050000000004,1,0,0,1,0,1,0,0,1,1,3,2,0,0,0,3,1,1,0,0,0,0,0,0,0,0,0,2,0,1,0,0,0,0,0,0,0,0,0,0,0,0,0,0,0,0,0,0,0,0,0,0,0,1,0,0,0,0,0,0,0,0,0,1,0,0,0,0,0,0,0,0,0,0,0,0,0,0,0,0,1,0,0,0,0,562.0,Escherichia coli,Bacteria
116603,,18491813,CHEMBL4187487,Antimicrobial activity against Escherichia coli expressing beta-lactamase Oxa-51 by CLSI broth microdilution method,F,BAO_0002146,BAO_0000218,organism-based format,C[C@H]1[C@H](NC(=O)/C(=N\OC(C)(C)C(=O)O)c2csc(N)n2)C(=O)N1S(=O)(=O)O,CHEMBL4184210,Bioorg Med Chem Lett,2018.0,CHEMBL158,AZTREONAM,CHEMBL158,0,http://www.openphacts.org/units/MicrogramPerMilliliter,3069226,=,1,1,=,MIC,ug.mL-1,0.125,CHEMBL354,Escherichia coli,Escherichia coli,562.0,,MIC,ug ml-1,UO_0000274,0.125,CHEMBL158,C[C@H]1[C@H](NC(=O)/C(=N\OC(C)(C)C(=O)O)c2csc(N)n2)C(=O)N1S(=O)(=O)O,12.562141912320484,12.562141912320484,0.0349535856009066,-4.756268639419342,0.174788224513646,20.5,435.44000000000017,418.30400000000014,435.051854504,154,0,0.3620751467724121,-0.4782270320177159,0.4782270320177159,0.3620751467724121,1.4642857142857142,2.071428571428572,2.5,32.24529764273617,10.00401161573638,2.513331128805475,-2.416338874010568,2.230948535260857,-2.707807208919476,7.836563836647012,-0.1608446168429468,2.971847309732629,2.2592762983237704,953.8851353067348,21.43879310982592,14.8114553779692,16.444448539824652,12.752743308167698,7.578995896792942,9.855612118054724,6.221230582074894,8.399971119282888,3.730567932227123,5.414072402778615,2.1128455580549623,3.54351374163482,-2.78,690205.5939907836,21.519292322605008,7.325918985638601,4.204134383579708,162.59031069995737,20.994572059745856,11.735768823996422,10.843243482610037,5.601050810983688,11.814359458703011,16.27347016397548,14.141824241834009,14.083731696315263,8.417796984328938,11.336785877934735,5.15571272675054,20.771211599071872,5.380062770465915,6.041840829147961,37.29827438881211,50.26785898322327,0.0,14.605983116249774,5.15571272675054,38.455944068351485,5.733667477162185,11.073990765314376,0.0,0.0,11.050456081168516,5.131558479839333,0.0,11.336785877934735,68.54635098380861,29.525365011975733,0.0,26.46513959392033,10.535775497216456,0.0,0.0,0.0,201.58,51.4842470947288,22.801408536544404,0.0,15.130702465984026,0.0,11.336785877934735,26.151274369537788,0.0,0.0,15.456479851704078,20.23053332942989,31.44978820569469,0.9796905422586336,44.39737831563419,16.334751159546904,3.256457088644816,-3.375611656986792,-2.3123389733980013,0.0,3.692820624691566,-4.756268639419342,0.4615384615384615,28,5,13,0,1,1,0,1,1,10,4,15,7,0,1,1,2,-1.172499999999998,95.65050000000004,1,0,0,1,0,1,0,0,1,1,3,2,0,0,0,3,1,1,0,0,0,0,0,0,0,0,0,2,0,1,0,0,0,0,0,0,0,0,0,0,0,0,0,0,0,0,0,0,0,0,0,0,0,1,0,0,0,0,0,0,0,0,0,1,0,0,0,0,0,0,0,0,0,0,0,0,0,0,0,0,1,0,0,0,0,562.0,Escherichia coli,Bacteria
116603,,18491813,CHEMBL4187487,Antimicrobial activity against Escherichia coli expressing beta-lactamase Oxa-51 by CLSI broth microdilution method,F,BAO_0002146,BAO_0000218,organism-based format,C[C@H]1[C@H](NC(=O)/C(=N\OC(C)(C)C(=O)O)c2csc(N)n2)C(=O)N1S(=O)(=O)O,CHEMBL4184210,Bioorg Med Chem Lett,2018.0,CHEMBL158,AZTREONAM,CHEMBL158,0,http://www.openphacts.org/units/MicrogramPerMilliliter,3069226,=,1,1,=,MIC,ug.mL-1,0.125,CHEMBL354,Escherichia coli,Escherichia coli,562.0,,MIC,ug ml-1,UO_0000274,0.125,CHEMBL158,C[C@H]1[C@H](NC(=O)/C(=N\OC(C)(C)C(=O)O)c2csc(N)n2)C(=O)N1S(=O)(=O)O,12.562141912320484,12.562141912320484,0.0349535856009066,-4.756268639419342,0.174788224513646,20.5,435.44000000000017,418.30400000000014,435.051854504,154,0,0.3620751467724121,-0.4782270320177159,0.4782270320177159,0.3620751467724121,1.4642857142857142,2.071428571428572,2.5,32.24529764273617,10.00401161573638,2.513331128805475,-2.416338874010568,2.230948535260857,-2.707807208919476,7.836563836647012,-0.1608446168429468,2.971847309732629,2.2592762983237704,953.8851353067348,21.43879310982592,14.8114553779692,16.444448539824652,12.752743308167698,7.578995896792942,9.855612118054724,6.221230582074894,8.399971119282888,3.730567932227123,5.414072402778615,2.1128455580549623,3.54351374163482,-2.78,690205.5939907836,21.519292322605008,7.325918985638601,4.204134383579708,162.59031069995737,20.994572059745856,11.735768823996422,10.843243482610037,5.601050810983688,11.814359458703011,16.27347016397548,14.141824241834009,14.083731696315263,8.417796984328938,11.336785877934735,5.15571272675054,20.771211599071872,5.380062770465915,6.041840829147961,37.29827438881211,50.26785898322327,0.0,14.605983116249774,5.15571272675054,38.455944068351485,5.733667477162185,11.073990765314376,0.0,0.0,11.050456081168516,5.131558479839333,0.0,11.336785877934735,68.54635098380861,29.525365011975733,0.0,26.46513959392033,10.535775497216456,0.0,0.0,0.0,201.58,51.4842470947288,22.801408536544404,0.0,15.130702465984026,0.0,11.336785877934735,26.151274369537788,0.0,0.0,15.456479851704078,20.23053332942989,31.44978820569469,0.9796905422586336,44.39737831563419,16.334751159546904,3.256457088644816,-3.375611656986792,-2.3123389733980013,0.0,3.692820624691566,-4.756268639419342,0.4615384615384615,28,5,13,0,1,1,0,1,1,10,4,15,7,0,1,1,2,-1.172499999999998,95.65050000000004,1,0,0,1,0,1,0,0,1,1,3,2,0,0,0,3,1,1,0,0,0,0,0,0,0,0,0,2,0,1,0,0,0,0,0,0,0,0,0,0,0,0,0,0,0,0,0,0,0,0,0,0,0,1,0,0,0,0,0,0,0,0,0,1,0,0,0,0,0,0,0,0,0,0,0,0,0,0,0,0,1,0,0,0,0,562.0,Escherichia coli,Bacteria
116603,,18491813,CHEMBL4187487,Antimicrobial activity against Escherichia coli expressing beta-lactamase Oxa-51 by CLSI broth microdilution method,F,BAO_0002146,BAO_0000218,organism-based format,C[C@H]1[C@H](NC(=O)/C(=N\OC(C)(C)C(=O)O)c2csc(N)n2)C(=O)N1S(=O)(=O)O,CHEMBL4184210,Bioorg Med Chem Lett,2018.0,CHEMBL158,AZTREONAM,CHEMBL158,0,http://www.openphacts.org/units/MicrogramPerMilliliter,3069226,=,1,1,=,MIC,ug.mL-1,0.125,CHEMBL354,Escherichia coli,Escherichia coli,562.0,,MIC,ug ml-1,UO_0000274,0.125,CHEMBL158,C[C@H]1[C@H](NC(=O)/C(=N\OC(C)(C)C(=O)O)c2csc(N)n2)C(=O)N1S(=O)(=O)O,12.562141912320484,12.562141912320484,0.0349535856009066,-4.756268639419342,0.174788224513646,20.5,435.44000000000017,418.30400000000014,435.051854504,154,0,0.3620751467724121,-0.4782270320177159,0.4782270320177159,0.3620751467724121,1.4642857142857142,2.071428571428572,2.5,32.24529764273617,10.00401161573638,2.513331128805475,-2.416338874010568,2.230948535260857,-2.707807208919476,7.836563836647012,-0.1608446168429468,2.971847309732629,2.2592762983237704,953.8851353067348,21.43879310982592,14.8114553779692,16.444448539824652,12.752743308167698,7.578995896792942,9.855612118054724,6.221230582074894,8.399971119282888,3.730567932227123,5.414072402778615,2.1128455580549623,3.54351374163482,-2.78,690205.5939907836,21.519292322605008,7.325918985638601,4.204134383579708,162.59031069995737,20.994572059745856,11.735768823996422,10.843243482610037,5.601050810983688,11.814359458703011,16.27347016397548,14.141824241834009,14.083731696315263,8.417796984328938,11.336785877934735,5.15571272675054,20.771211599071872,5.380062770465915,6.041840829147961,37.29827438881211,50.26785898322327,0.0,14.605983116249774,5.15571272675054,38.455944068351485,5.733667477162185,11.073990765314376,0.0,0.0,11.050456081168516,5.131558479839333,0.0,11.336785877934735,68.54635098380861,29.525365011975733,0.0,26.46513959392033,10.535775497216456,0.0,0.0,0.0,201.58,51.4842470947288,22.801408536544404,0.0,15.130702465984026,0.0,11.336785877934735,26.151274369537788,0.0,0.0,15.456479851704078,20.23053332942989,31.44978820569469,0.9796905422586336,44.39737831563419,16.334751159546904,3.256457088644816,-3.375611656986792,-2.3123389733980013,0.0,3.692820624691566,-4.756268639419342,0.4615384615384615,28,5,13,0,1,1,0,1,1,10,4,15,7,0,1,1,2,-1.172499999999998,95.65050000000004,1,0,0,1,0,1,0,0,1,1,3,2,0,0,0,3,1,1,0,0,0,0,0,0,0,0,0,2,0,1,0,0,0,0,0,0,0,0,0,0,0,0,0,0,0,0,0,0,0,0,0,0,0,1,0,0,0,0,0,0,0,0,0,1,0,0,0,0,0,0,0,0,0,0,0,0,0,0,0,0,1,0,0,0,0,562.0,Escherichia coli,Bacteria
116604,,18491826,CHEMBL4187488,Antimicrobial activity against Escherichia coli expressing beta-lactamase Oxa-146 by CLSI broth microdilution method,F,BAO_0002146,BAO_0000218,organism-based format,C[C@H]1[C@H](NC(=O)/C(=N\OC(C)(C)C(=O)O)c2csc(N)n2)C(=O)N1S(=O)(=O)O,CHEMBL4184210,Bioorg Med Chem Lett,2018.0,CHEMBL158,AZTREONAM,CHEMBL158,0,http://www.openphacts.org/units/MicrogramPerMilliliter,3069226,=,1,1,=,MIC,ug.mL-1,16.0,CHEMBL354,Escherichia coli,Escherichia coli,562.0,,MIC,ug ml-1,UO_0000274,16.0,CHEMBL158,C[C@H]1[C@H](NC(=O)/C(=N\OC(C)(C)C(=O)O)c2csc(N)n2)C(=O)N1S(=O)(=O)O,12.562141912320484,12.562141912320484,0.0349535856009066,-4.756268639419342,0.174788224513646,20.5,435.44000000000017,418.30400000000014,435.051854504,154,0,0.3620751467724121,-0.4782270320177159,0.4782270320177159,0.3620751467724121,1.4642857142857142,2.071428571428572,2.5,32.24529764273617,10.00401161573638,2.513331128805475,-2.416338874010568,2.230948535260857,-2.707807208919476,7.836563836647012,-0.1608446168429468,2.971847309732629,2.2592762983237704,953.8851353067348,21.43879310982592,14.8114553779692,16.444448539824652,12.752743308167698,7.578995896792942,9.855612118054724,6.221230582074894,8.399971119282888,3.730567932227123,5.414072402778615,2.1128455580549623,3.54351374163482,-2.78,690205.5939907836,21.519292322605008,7.325918985638601,4.204134383579708,162.59031069995737,20.994572059745856,11.735768823996422,10.843243482610037,5.601050810983688,11.814359458703011,16.27347016397548,14.141824241834009,14.083731696315263,8.417796984328938,11.336785877934735,5.15571272675054,20.771211599071872,5.380062770465915,6.041840829147961,37.29827438881211,50.26785898322327,0.0,14.605983116249774,5.15571272675054,38.455944068351485,5.733667477162185,11.073990765314376,0.0,0.0,11.050456081168516,5.131558479839333,0.0,11.336785877934735,68.54635098380861,29.525365011975733,0.0,26.46513959392033,10.535775497216456,0.0,0.0,0.0,201.58,51.4842470947288,22.801408536544404,0.0,15.130702465984026,0.0,11.336785877934735,26.151274369537788,0.0,0.0,15.456479851704078,20.23053332942989,31.44978820569469,0.9796905422586336,44.39737831563419,16.334751159546904,3.256457088644816,-3.375611656986792,-2.3123389733980013,0.0,3.692820624691566,-4.756268639419342,0.4615384615384615,28,5,13,0,1,1,0,1,1,10,4,15,7,0,1,1,2,-1.172499999999998,95.65050000000004,1,0,0,1,0,1,0,0,1,1,3,2,0,0,0,3,1,1,0,0,0,0,0,0,0,0,0,2,0,1,0,0,0,0,0,0,0,0,0,0,0,0,0,0,0,0,0,0,0,0,0,0,0,1,0,0,0,0,0,0,0,0,0,1,0,0,0,0,0,0,0,0,0,0,0,0,0,0,0,0,1,0,0,0,0,562.0,Escherichia coli,Bacteria
116604,,18491826,CHEMBL4187488,Antimicrobial activity against Escherichia coli expressing beta-lactamase Oxa-146 by CLSI broth microdilution method,F,BAO_0002146,BAO_0000218,organism-based format,C[C@H]1[C@H](NC(=O)/C(=N\OC(C)(C)C(=O)O)c2csc(N)n2)C(=O)N1S(=O)(=O)O,CHEMBL4184210,Bioorg Med Chem Lett,2018.0,CHEMBL158,AZTREONAM,CHEMBL158,0,http://www.openphacts.org/units/MicrogramPerMilliliter,3069226,=,1,1,=,MIC,ug.mL-1,16.0,CHEMBL354,Escherichia coli,Escherichia coli,562.0,,MIC,ug ml-1,UO_0000274,16.0,CHEMBL158,C[C@H]1[C@H](NC(=O)/C(=N\OC(C)(C)C(=O)O)c2csc(N)n2)C(=O)N1S(=O)(=O)O,12.562141912320484,12.562141912320484,0.0349535856009066,-4.756268639419342,0.174788224513646,20.5,435.44000000000017,418.30400000000014,435.051854504,154,0,0.3620751467724121,-0.4782270320177159,0.4782270320177159,0.3620751467724121,1.4642857142857142,2.071428571428572,2.5,32.24529764273617,10.00401161573638,2.513331128805475,-2.416338874010568,2.230948535260857,-2.707807208919476,7.836563836647012,-0.1608446168429468,2.971847309732629,2.2592762983237704,953.8851353067348,21.43879310982592,14.8114553779692,16.444448539824652,12.752743308167698,7.578995896792942,9.855612118054724,6.221230582074894,8.399971119282888,3.730567932227123,5.414072402778615,2.1128455580549623,3.54351374163482,-2.78,690205.5939907836,21.519292322605008,7.325918985638601,4.204134383579708,162.59031069995737,20.994572059745856,11.735768823996422,10.843243482610037,5.601050810983688,11.814359458703011,16.27347016397548,14.141824241834009,14.083731696315263,8.417796984328938,11.336785877934735,5.15571272675054,20.771211599071872,5.380062770465915,6.041840829147961,37.29827438881211,50.26785898322327,0.0,14.605983116249774,5.15571272675054,38.455944068351485,5.733667477162185,11.073990765314376,0.0,0.0,11.050456081168516,5.131558479839333,0.0,11.336785877934735,68.54635098380861,29.525365011975733,0.0,26.46513959392033,10.535775497216456,0.0,0.0,0.0,201.58,51.4842470947288,22.801408536544404,0.0,15.130702465984026,0.0,11.336785877934735,26.151274369537788,0.0,0.0,15.456479851704078,20.23053332942989,31.44978820569469,0.9796905422586336,44.39737831563419,16.334751159546904,3.256457088644816,-3.375611656986792,-2.3123389733980013,0.0,3.692820624691566,-4.756268639419342,0.4615384615384615,28,5,13,0,1,1,0,1,1,10,4,15,7,0,1,1,2,-1.172499999999998,95.65050000000004,1,0,0,1,0,1,0,0,1,1,3,2,0,0,0,3,1,1,0,0,0,0,0,0,0,0,0,2,0,1,0,0,0,0,0,0,0,0,0,0,0,0,0,0,0,0,0,0,0,0,0,0,0,1,0,0,0,0,0,0,0,0,0,1,0,0,0,0,0,0,0,0,0,0,0,0,0,0,0,0,1,0,0,0,0,562.0,Escherichia coli,Bacteria
116604,,18491826,CHEMBL4187488,Antimicrobial activity against Escherichia coli expressing beta-lactamase Oxa-146 by CLSI broth microdilution method,F,BAO_0002146,BAO_0000218,organism-based format,C[C@H]1[C@H](NC(=O)/C(=N\OC(C)(C)C(=O)O)c2csc(N)n2)C(=O)N1S(=O)(=O)O,CHEMBL4184210,Bioorg Med Chem Lett,2018.0,CHEMBL158,AZTREONAM,CHEMBL158,0,http://www.openphacts.org/units/MicrogramPerMilliliter,3069226,=,1,1,=,MIC,ug.mL-1,16.0,CHEMBL354,Escherichia coli,Escherichia coli,562.0,,MIC,ug ml-1,UO_0000274,16.0,CHEMBL158,C[C@H]1[C@H](NC(=O)/C(=N\OC(C)(C)C(=O)O)c2csc(N)n2)C(=O)N1S(=O)(=O)O,12.562141912320484,12.562141912320484,0.0349535856009066,-4.756268639419342,0.174788224513646,20.5,435.44000000000017,418.30400000000014,435.051854504,154,0,0.3620751467724121,-0.4782270320177159,0.4782270320177159,0.3620751467724121,1.4642857142857142,2.071428571428572,2.5,32.24529764273617,10.00401161573638,2.513331128805475,-2.416338874010568,2.230948535260857,-2.707807208919476,7.836563836647012,-0.1608446168429468,2.971847309732629,2.2592762983237704,953.8851353067348,21.43879310982592,14.8114553779692,16.444448539824652,12.752743308167698,7.578995896792942,9.855612118054724,6.221230582074894,8.399971119282888,3.730567932227123,5.414072402778615,2.1128455580549623,3.54351374163482,-2.78,690205.5939907836,21.519292322605008,7.325918985638601,4.204134383579708,162.59031069995737,20.994572059745856,11.735768823996422,10.843243482610037,5.601050810983688,11.814359458703011,16.27347016397548,14.141824241834009,14.083731696315263,8.417796984328938,11.336785877934735,5.15571272675054,20.771211599071872,5.380062770465915,6.041840829147961,37.29827438881211,50.26785898322327,0.0,14.605983116249774,5.15571272675054,38.455944068351485,5.733667477162185,11.073990765314376,0.0,0.0,11.050456081168516,5.131558479839333,0.0,11.336785877934735,68.54635098380861,29.525365011975733,0.0,26.46513959392033,10.535775497216456,0.0,0.0,0.0,201.58,51.4842470947288,22.801408536544404,0.0,15.130702465984026,0.0,11.336785877934735,26.151274369537788,0.0,0.0,15.456479851704078,20.23053332942989,31.44978820569469,0.9796905422586336,44.39737831563419,16.334751159546904,3.256457088644816,-3.375611656986792,-2.3123389733980013,0.0,3.692820624691566,-4.756268639419342,0.4615384615384615,28,5,13,0,1,1,0,1,1,10,4,15,7,0,1,1,2,-1.172499999999998,95.65050000000004,1,0,0,1,0,1,0,0,1,1,3,2,0,0,0,3,1,1,0,0,0,0,0,0,0,0,0,2,0,1,0,0,0,0,0,0,0,0,0,0,0,0,0,0,0,0,0,0,0,0,0,0,0,1,0,0,0,0,0,0,0,0,0,1,0,0,0,0,0,0,0,0,0,0,0,0,0,0,0,0,1,0,0,0,0,562.0,Escherichia coli,Bacteria
116604,,18491826,CHEMBL4187488,Antimicrobial activity against Escherichia coli expressing beta-lactamase Oxa-146 by CLSI broth microdilution method,F,BAO_0002146,BAO_0000218,organism-based format,C[C@H]1[C@H](NC(=O)/C(=N\OC(C)(C)C(=O)O)c2csc(N)n2)C(=O)N1S(=O)(=O)O,CHEMBL4184210,Bioorg Med Chem Lett,2018.0,CHEMBL158,AZTREONAM,CHEMBL158,0,http://www.openphacts.org/units/MicrogramPerMilliliter,3069226,=,1,1,=,MIC,ug.mL-1,16.0,CHEMBL354,Escherichia coli,Escherichia coli,562.0,,MIC,ug ml-1,UO_0000274,16.0,CHEMBL158,C[C@H]1[C@H](NC(=O)/C(=N\OC(C)(C)C(=O)O)c2csc(N)n2)C(=O)N1S(=O)(=O)O,12.562141912320484,12.562141912320484,0.0349535856009066,-4.756268639419342,0.174788224513646,20.5,435.44000000000017,418.30400000000014,435.051854504,154,0,0.3620751467724121,-0.4782270320177159,0.4782270320177159,0.3620751467724121,1.4642857142857142,2.071428571428572,2.5,32.24529764273617,10.00401161573638,2.513331128805475,-2.416338874010568,2.230948535260857,-2.707807208919476,7.836563836647012,-0.1608446168429468,2.971847309732629,2.2592762983237704,953.8851353067348,21.43879310982592,14.8114553779692,16.444448539824652,12.752743308167698,7.578995896792942,9.855612118054724,6.221230582074894,8.399971119282888,3.730567932227123,5.414072402778615,2.1128455580549623,3.54351374163482,-2.78,690205.5939907836,21.519292322605008,7.325918985638601,4.204134383579708,162.59031069995737,20.994572059745856,11.735768823996422,10.843243482610037,5.601050810983688,11.814359458703011,16.27347016397548,14.141824241834009,14.083731696315263,8.417796984328938,11.336785877934735,5.15571272675054,20.771211599071872,5.380062770465915,6.041840829147961,37.29827438881211,50.26785898322327,0.0,14.605983116249774,5.15571272675054,38.455944068351485,5.733667477162185,11.073990765314376,0.0,0.0,11.050456081168516,5.131558479839333,0.0,11.336785877934735,68.54635098380861,29.525365011975733,0.0,26.46513959392033,10.535775497216456,0.0,0.0,0.0,201.58,51.4842470947288,22.801408536544404,0.0,15.130702465984026,0.0,11.336785877934735,26.151274369537788,0.0,0.0,15.456479851704078,20.23053332942989,31.44978820569469,0.9796905422586336,44.39737831563419,16.334751159546904,3.256457088644816,-3.375611656986792,-2.3123389733980013,0.0,3.692820624691566,-4.756268639419342,0.4615384615384615,28,5,13,0,1,1,0,1,1,10,4,15,7,0,1,1,2,-1.172499999999998,95.65050000000004,1,0,0,1,0,1,0,0,1,1,3,2,0,0,0,3,1,1,0,0,0,0,0,0,0,0,0,2,0,1,0,0,0,0,0,0,0,0,0,0,0,0,0,0,0,0,0,0,0,0,0,0,0,1,0,0,0,0,0,0,0,0,0,1,0,0,0,0,0,0,0,0,0,0,0,0,0,0,0,0,1,0,0,0,0,562.0,Escherichia coli,Bacteria
116605,,18491839,CHEMBL4187489,Antimicrobial activity against Escherichia coli expressing beta-lactamase Oxa-160 by CLSI broth microdilution method,F,BAO_0002146,BAO_0000218,organism-based format,C[C@H]1[C@H](NC(=O)/C(=N\OC(C)(C)C(=O)O)c2csc(N)n2)C(=O)N1S(=O)(=O)O,CHEMBL4184210,Bioorg Med Chem Lett,2018.0,CHEMBL158,AZTREONAM,CHEMBL158,0,http://www.openphacts.org/units/MicrogramPerMilliliter,3069226,=,1,1,=,MIC,ug.mL-1,1.0,CHEMBL354,Escherichia coli,Escherichia coli,562.0,,MIC,ug ml-1,UO_0000274,1.0,CHEMBL158,C[C@H]1[C@H](NC(=O)/C(=N\OC(C)(C)C(=O)O)c2csc(N)n2)C(=O)N1S(=O)(=O)O,12.562141912320484,12.562141912320484,0.0349535856009066,-4.756268639419342,0.174788224513646,20.5,435.44000000000017,418.30400000000014,435.051854504,154,0,0.3620751467724121,-0.4782270320177159,0.4782270320177159,0.3620751467724121,1.4642857142857142,2.071428571428572,2.5,32.24529764273617,10.00401161573638,2.513331128805475,-2.416338874010568,2.230948535260857,-2.707807208919476,7.836563836647012,-0.1608446168429468,2.971847309732629,2.2592762983237704,953.8851353067348,21.43879310982592,14.8114553779692,16.444448539824652,12.752743308167698,7.578995896792942,9.855612118054724,6.221230582074894,8.399971119282888,3.730567932227123,5.414072402778615,2.1128455580549623,3.54351374163482,-2.78,690205.5939907836,21.519292322605008,7.325918985638601,4.204134383579708,162.59031069995737,20.994572059745856,11.735768823996422,10.843243482610037,5.601050810983688,11.814359458703011,16.27347016397548,14.141824241834009,14.083731696315263,8.417796984328938,11.336785877934735,5.15571272675054,20.771211599071872,5.380062770465915,6.041840829147961,37.29827438881211,50.26785898322327,0.0,14.605983116249774,5.15571272675054,38.455944068351485,5.733667477162185,11.073990765314376,0.0,0.0,11.050456081168516,5.131558479839333,0.0,11.336785877934735,68.54635098380861,29.525365011975733,0.0,26.46513959392033,10.535775497216456,0.0,0.0,0.0,201.58,51.4842470947288,22.801408536544404,0.0,15.130702465984026,0.0,11.336785877934735,26.151274369537788,0.0,0.0,15.456479851704078,20.23053332942989,31.44978820569469,0.9796905422586336,44.39737831563419,16.334751159546904,3.256457088644816,-3.375611656986792,-2.3123389733980013,0.0,3.692820624691566,-4.756268639419342,0.4615384615384615,28,5,13,0,1,1,0,1,1,10,4,15,7,0,1,1,2,-1.172499999999998,95.65050000000004,1,0,0,1,0,1,0,0,1,1,3,2,0,0,0,3,1,1,0,0,0,0,0,0,0,0,0,2,0,1,0,0,0,0,0,0,0,0,0,0,0,0,0,0,0,0,0,0,0,0,0,0,0,1,0,0,0,0,0,0,0,0,0,1,0,0,0,0,0,0,0,0,0,0,0,0,0,0,0,0,1,0,0,0,0,562.0,Escherichia coli,Bacteria
116605,,18491839,CHEMBL4187489,Antimicrobial activity against Escherichia coli expressing beta-lactamase Oxa-160 by CLSI broth microdilution method,F,BAO_0002146,BAO_0000218,organism-based format,C[C@H]1[C@H](NC(=O)/C(=N\OC(C)(C)C(=O)O)c2csc(N)n2)C(=O)N1S(=O)(=O)O,CHEMBL4184210,Bioorg Med Chem Lett,2018.0,CHEMBL158,AZTREONAM,CHEMBL158,0,http://www.openphacts.org/units/MicrogramPerMilliliter,3069226,=,1,1,=,MIC,ug.mL-1,1.0,CHEMBL354,Escherichia coli,Escherichia coli,562.0,,MIC,ug ml-1,UO_0000274,1.0,CHEMBL158,C[C@H]1[C@H](NC(=O)/C(=N\OC(C)(C)C(=O)O)c2csc(N)n2)C(=O)N1S(=O)(=O)O,12.562141912320484,12.562141912320484,0.0349535856009066,-4.756268639419342,0.174788224513646,20.5,435.44000000000017,418.30400000000014,435.051854504,154,0,0.3620751467724121,-0.4782270320177159,0.4782270320177159,0.3620751467724121,1.4642857142857142,2.071428571428572,2.5,32.24529764273617,10.00401161573638,2.513331128805475,-2.416338874010568,2.230948535260857,-2.707807208919476,7.836563836647012,-0.1608446168429468,2.971847309732629,2.2592762983237704,953.8851353067348,21.43879310982592,14.8114553779692,16.444448539824652,12.752743308167698,7.578995896792942,9.855612118054724,6.221230582074894,8.399971119282888,3.730567932227123,5.414072402778615,2.1128455580549623,3.54351374163482,-2.78,690205.5939907836,21.519292322605008,7.325918985638601,4.204134383579708,162.59031069995737,20.994572059745856,11.735768823996422,10.843243482610037,5.601050810983688,11.814359458703011,16.27347016397548,14.141824241834009,14.083731696315263,8.417796984328938,11.336785877934735,5.15571272675054,20.771211599071872,5.380062770465915,6.041840829147961,37.29827438881211,50.26785898322327,0.0,14.605983116249774,5.15571272675054,38.455944068351485,5.733667477162185,11.073990765314376,0.0,0.0,11.050456081168516,5.131558479839333,0.0,11.336785877934735,68.54635098380861,29.525365011975733,0.0,26.46513959392033,10.535775497216456,0.0,0.0,0.0,201.58,51.4842470947288,22.801408536544404,0.0,15.130702465984026,0.0,11.336785877934735,26.151274369537788,0.0,0.0,15.456479851704078,20.23053332942989,31.44978820569469,0.9796905422586336,44.39737831563419,16.334751159546904,3.256457088644816,-3.375611656986792,-2.3123389733980013,0.0,3.692820624691566,-4.756268639419342,0.4615384615384615,28,5,13,0,1,1,0,1,1,10,4,15,7,0,1,1,2,-1.172499999999998,95.65050000000004,1,0,0,1,0,1,0,0,1,1,3,2,0,0,0,3,1,1,0,0,0,0,0,0,0,0,0,2,0,1,0,0,0,0,0,0,0,0,0,0,0,0,0,0,0,0,0,0,0,0,0,0,0,1,0,0,0,0,0,0,0,0,0,1,0,0,0,0,0,0,0,0,0,0,0,0,0,0,0,0,1,0,0,0,0,562.0,Escherichia coli,Bacteria
116605,,18491839,CHEMBL4187489,Antimicrobial activity against Escherichia coli expressing beta-lactamase Oxa-160 by CLSI broth microdilution method,F,BAO_0002146,BAO_0000218,organism-based format,C[C@H]1[C@H](NC(=O)/C(=N\OC(C)(C)C(=O)O)c2csc(N)n2)C(=O)N1S(=O)(=O)O,CHEMBL4184210,Bioorg Med Chem Lett,2018.0,CHEMBL158,AZTREONAM,CHEMBL158,0,http://www.openphacts.org/units/MicrogramPerMilliliter,3069226,=,1,1,=,MIC,ug.mL-1,1.0,CHEMBL354,Escherichia coli,Escherichia coli,562.0,,MIC,ug ml-1,UO_0000274,1.0,CHEMBL158,C[C@H]1[C@H](NC(=O)/C(=N\OC(C)(C)C(=O)O)c2csc(N)n2)C(=O)N1S(=O)(=O)O,12.562141912320484,12.562141912320484,0.0349535856009066,-4.756268639419342,0.174788224513646,20.5,435.44000000000017,418.30400000000014,435.051854504,154,0,0.3620751467724121,-0.4782270320177159,0.4782270320177159,0.3620751467724121,1.4642857142857142,2.071428571428572,2.5,32.24529764273617,10.00401161573638,2.513331128805475,-2.416338874010568,2.230948535260857,-2.707807208919476,7.836563836647012,-0.1608446168429468,2.971847309732629,2.2592762983237704,953.8851353067348,21.43879310982592,14.8114553779692,16.444448539824652,12.752743308167698,7.578995896792942,9.855612118054724,6.221230582074894,8.399971119282888,3.730567932227123,5.414072402778615,2.1128455580549623,3.54351374163482,-2.78,690205.5939907836,21.519292322605008,7.325918985638601,4.204134383579708,162.59031069995737,20.994572059745856,11.735768823996422,10.843243482610037,5.601050810983688,11.814359458703011,16.27347016397548,14.141824241834009,14.083731696315263,8.417796984328938,11.336785877934735,5.15571272675054,20.771211599071872,5.380062770465915,6.041840829147961,37.29827438881211,50.26785898322327,0.0,14.605983116249774,5.15571272675054,38.455944068351485,5.733667477162185,11.073990765314376,0.0,0.0,11.050456081168516,5.131558479839333,0.0,11.336785877934735,68.54635098380861,29.525365011975733,0.0,26.46513959392033,10.535775497216456,0.0,0.0,0.0,201.58,51.4842470947288,22.801408536544404,0.0,15.130702465984026,0.0,11.336785877934735,26.151274369537788,0.0,0.0,15.456479851704078,20.23053332942989,31.44978820569469,0.9796905422586336,44.39737831563419,16.334751159546904,3.256457088644816,-3.375611656986792,-2.3123389733980013,0.0,3.692820624691566,-4.756268639419342,0.4615384615384615,28,5,13,0,1,1,0,1,1,10,4,15,7,0,1,1,2,-1.172499999999998,95.65050000000004,1,0,0,1,0,1,0,0,1,1,3,2,0,0,0,3,1,1,0,0,0,0,0,0,0,0,0,2,0,1,0,0,0,0,0,0,0,0,0,0,0,0,0,0,0,0,0,0,0,0,0,0,0,1,0,0,0,0,0,0,0,0,0,1,0,0,0,0,0,0,0,0,0,0,0,0,0,0,0,0,1,0,0,0,0,562.0,Escherichia coli,Bacteria
116605,,18491839,CHEMBL4187489,Antimicrobial activity against Escherichia coli expressing beta-lactamase Oxa-160 by CLSI broth microdilution method,F,BAO_0002146,BAO_0000218,organism-based format,C[C@H]1[C@H](NC(=O)/C(=N\OC(C)(C)C(=O)O)c2csc(N)n2)C(=O)N1S(=O)(=O)O,CHEMBL4184210,Bioorg Med Chem Lett,2018.0,CHEMBL158,AZTREONAM,CHEMBL158,0,http://www.openphacts.org/units/MicrogramPerMilliliter,3069226,=,1,1,=,MIC,ug.mL-1,1.0,CHEMBL354,Escherichia coli,Escherichia coli,562.0,,MIC,ug ml-1,UO_0000274,1.0,CHEMBL158,C[C@H]1[C@H](NC(=O)/C(=N\OC(C)(C)C(=O)O)c2csc(N)n2)C(=O)N1S(=O)(=O)O,12.562141912320484,12.562141912320484,0.0349535856009066,-4.756268639419342,0.174788224513646,20.5,435.44000000000017,418.30400000000014,435.051854504,154,0,0.3620751467724121,-0.4782270320177159,0.4782270320177159,0.3620751467724121,1.4642857142857142,2.071428571428572,2.5,32.24529764273617,10.00401161573638,2.513331128805475,-2.416338874010568,2.230948535260857,-2.707807208919476,7.836563836647012,-0.1608446168429468,2.971847309732629,2.2592762983237704,953.8851353067348,21.43879310982592,14.8114553779692,16.444448539824652,12.752743308167698,7.578995896792942,9.855612118054724,6.221230582074894,8.399971119282888,3.730567932227123,5.414072402778615,2.1128455580549623,3.54351374163482,-2.78,690205.5939907836,21.519292322605008,7.325918985638601,4.204134383579708,162.59031069995737,20.994572059745856,11.735768823996422,10.843243482610037,5.601050810983688,11.814359458703011,16.27347016397548,14.141824241834009,14.083731696315263,8.417796984328938,11.336785877934735,5.15571272675054,20.771211599071872,5.380062770465915,6.041840829147961,37.29827438881211,50.26785898322327,0.0,14.605983116249774,5.15571272675054,38.455944068351485,5.733667477162185,11.073990765314376,0.0,0.0,11.050456081168516,5.131558479839333,0.0,11.336785877934735,68.54635098380861,29.525365011975733,0.0,26.46513959392033,10.535775497216456,0.0,0.0,0.0,201.58,51.4842470947288,22.801408536544404,0.0,15.130702465984026,0.0,11.336785877934735,26.151274369537788,0.0,0.0,15.456479851704078,20.23053332942989,31.44978820569469,0.9796905422586336,44.39737831563419,16.334751159546904,3.256457088644816,-3.375611656986792,-2.3123389733980013,0.0,3.692820624691566,-4.756268639419342,0.4615384615384615,28,5,13,0,1,1,0,1,1,10,4,15,7,0,1,1,2,-1.172499999999998,95.65050000000004,1,0,0,1,0,1,0,0,1,1,3,2,0,0,0,3,1,1,0,0,0,0,0,0,0,0,0,2,0,1,0,0,0,0,0,0,0,0,0,0,0,0,0,0,0,0,0,0,0,0,0,0,0,1,0,0,0,0,0,0,0,0,0,1,0,0,0,0,0,0,0,0,0,0,0,0,0,0,0,0,1,0,0,0,0,562.0,Escherichia coli,Bacteria
116606,,18491852,CHEMBL4187490,Antimicrobial activity against Escherichia coli expressing beta-lactamase Oxa-181 by CLSI broth microdilution method,F,BAO_0002146,BAO_0000218,organism-based format,C[C@H]1[C@H](NC(=O)/C(=N\OC(C)(C)C(=O)O)c2csc(N)n2)C(=O)N1S(=O)(=O)O,CHEMBL4184210,Bioorg Med Chem Lett,2018.0,CHEMBL158,AZTREONAM,CHEMBL158,0,http://www.openphacts.org/units/MicrogramPerMilliliter,3069226,=,1,1,=,MIC,ug.mL-1,0.125,CHEMBL354,Escherichia coli,Escherichia coli,562.0,,MIC,ug ml-1,UO_0000274,0.125,CHEMBL158,C[C@H]1[C@H](NC(=O)/C(=N\OC(C)(C)C(=O)O)c2csc(N)n2)C(=O)N1S(=O)(=O)O,12.562141912320484,12.562141912320484,0.0349535856009066,-4.756268639419342,0.174788224513646,20.5,435.44000000000017,418.30400000000014,435.051854504,154,0,0.3620751467724121,-0.4782270320177159,0.4782270320177159,0.3620751467724121,1.4642857142857142,2.071428571428572,2.5,32.24529764273617,10.00401161573638,2.513331128805475,-2.416338874010568,2.230948535260857,-2.707807208919476,7.836563836647012,-0.1608446168429468,2.971847309732629,2.2592762983237704,953.8851353067348,21.43879310982592,14.8114553779692,16.444448539824652,12.752743308167698,7.578995896792942,9.855612118054724,6.221230582074894,8.399971119282888,3.730567932227123,5.414072402778615,2.1128455580549623,3.54351374163482,-2.78,690205.5939907836,21.519292322605008,7.325918985638601,4.204134383579708,162.59031069995737,20.994572059745856,11.735768823996422,10.843243482610037,5.601050810983688,11.814359458703011,16.27347016397548,14.141824241834009,14.083731696315263,8.417796984328938,11.336785877934735,5.15571272675054,20.771211599071872,5.380062770465915,6.041840829147961,37.29827438881211,50.26785898322327,0.0,14.605983116249774,5.15571272675054,38.455944068351485,5.733667477162185,11.073990765314376,0.0,0.0,11.050456081168516,5.131558479839333,0.0,11.336785877934735,68.54635098380861,29.525365011975733,0.0,26.46513959392033,10.535775497216456,0.0,0.0,0.0,201.58,51.4842470947288,22.801408536544404,0.0,15.130702465984026,0.0,11.336785877934735,26.151274369537788,0.0,0.0,15.456479851704078,20.23053332942989,31.44978820569469,0.9796905422586336,44.39737831563419,16.334751159546904,3.256457088644816,-3.375611656986792,-2.3123389733980013,0.0,3.692820624691566,-4.756268639419342,0.4615384615384615,28,5,13,0,1,1,0,1,1,10,4,15,7,0,1,1,2,-1.172499999999998,95.65050000000004,1,0,0,1,0,1,0,0,1,1,3,2,0,0,0,3,1,1,0,0,0,0,0,0,0,0,0,2,0,1,0,0,0,0,0,0,0,0,0,0,0,0,0,0,0,0,0,0,0,0,0,0,0,1,0,0,0,0,0,0,0,0,0,1,0,0,0,0,0,0,0,0,0,0,0,0,0,0,0,0,1,0,0,0,0,562.0,Escherichia coli,Bacteria
116606,,18491852,CHEMBL4187490,Antimicrobial activity against Escherichia coli expressing beta-lactamase Oxa-181 by CLSI broth microdilution method,F,BAO_0002146,BAO_0000218,organism-based format,C[C@H]1[C@H](NC(=O)/C(=N\OC(C)(C)C(=O)O)c2csc(N)n2)C(=O)N1S(=O)(=O)O,CHEMBL4184210,Bioorg Med Chem Lett,2018.0,CHEMBL158,AZTREONAM,CHEMBL158,0,http://www.openphacts.org/units/MicrogramPerMilliliter,3069226,=,1,1,=,MIC,ug.mL-1,0.125,CHEMBL354,Escherichia coli,Escherichia coli,562.0,,MIC,ug ml-1,UO_0000274,0.125,CHEMBL158,C[C@H]1[C@H](NC(=O)/C(=N\OC(C)(C)C(=O)O)c2csc(N)n2)C(=O)N1S(=O)(=O)O,12.562141912320484,12.562141912320484,0.0349535856009066,-4.756268639419342,0.174788224513646,20.5,435.44000000000017,418.30400000000014,435.051854504,154,0,0.3620751467724121,-0.4782270320177159,0.4782270320177159,0.3620751467724121,1.4642857142857142,2.071428571428572,2.5,32.24529764273617,10.00401161573638,2.513331128805475,-2.416338874010568,2.230948535260857,-2.707807208919476,7.836563836647012,-0.1608446168429468,2.971847309732629,2.2592762983237704,953.8851353067348,21.43879310982592,14.8114553779692,16.444448539824652,12.752743308167698,7.578995896792942,9.855612118054724,6.221230582074894,8.399971119282888,3.730567932227123,5.414072402778615,2.1128455580549623,3.54351374163482,-2.78,690205.5939907836,21.519292322605008,7.325918985638601,4.204134383579708,162.59031069995737,20.994572059745856,11.735768823996422,10.843243482610037,5.601050810983688,11.814359458703011,16.27347016397548,14.141824241834009,14.083731696315263,8.417796984328938,11.336785877934735,5.15571272675054,20.771211599071872,5.380062770465915,6.041840829147961,37.29827438881211,50.26785898322327,0.0,14.605983116249774,5.15571272675054,38.455944068351485,5.733667477162185,11.073990765314376,0.0,0.0,11.050456081168516,5.131558479839333,0.0,11.336785877934735,68.54635098380861,29.525365011975733,0.0,26.46513959392033,10.535775497216456,0.0,0.0,0.0,201.58,51.4842470947288,22.801408536544404,0.0,15.130702465984026,0.0,11.336785877934735,26.151274369537788,0.0,0.0,15.456479851704078,20.23053332942989,31.44978820569469,0.9796905422586336,44.39737831563419,16.334751159546904,3.256457088644816,-3.375611656986792,-2.3123389733980013,0.0,3.692820624691566,-4.756268639419342,0.4615384615384615,28,5,13,0,1,1,0,1,1,10,4,15,7,0,1,1,2,-1.172499999999998,95.65050000000004,1,0,0,1,0,1,0,0,1,1,3,2,0,0,0,3,1,1,0,0,0,0,0,0,0,0,0,2,0,1,0,0,0,0,0,0,0,0,0,0,0,0,0,0,0,0,0,0,0,0,0,0,0,1,0,0,0,0,0,0,0,0,0,1,0,0,0,0,0,0,0,0,0,0,0,0,0,0,0,0,1,0,0,0,0,562.0,Escherichia coli,Bacteria
116606,,18491852,CHEMBL4187490,Antimicrobial activity against Escherichia coli expressing beta-lactamase Oxa-181 by CLSI broth microdilution method,F,BAO_0002146,BAO_0000218,organism-based format,C[C@H]1[C@H](NC(=O)/C(=N\OC(C)(C)C(=O)O)c2csc(N)n2)C(=O)N1S(=O)(=O)O,CHEMBL4184210,Bioorg Med Chem Lett,2018.0,CHEMBL158,AZTREONAM,CHEMBL158,0,http://www.openphacts.org/units/MicrogramPerMilliliter,3069226,=,1,1,=,MIC,ug.mL-1,0.125,CHEMBL354,Escherichia coli,Escherichia coli,562.0,,MIC,ug ml-1,UO_0000274,0.125,CHEMBL158,C[C@H]1[C@H](NC(=O)/C(=N\OC(C)(C)C(=O)O)c2csc(N)n2)C(=O)N1S(=O)(=O)O,12.562141912320484,12.562141912320484,0.0349535856009066,-4.756268639419342,0.174788224513646,20.5,435.44000000000017,418.30400000000014,435.051854504,154,0,0.3620751467724121,-0.4782270320177159,0.4782270320177159,0.3620751467724121,1.4642857142857142,2.071428571428572,2.5,32.24529764273617,10.00401161573638,2.513331128805475,-2.416338874010568,2.230948535260857,-2.707807208919476,7.836563836647012,-0.1608446168429468,2.971847309732629,2.2592762983237704,953.8851353067348,21.43879310982592,14.8114553779692,16.444448539824652,12.752743308167698,7.578995896792942,9.855612118054724,6.221230582074894,8.399971119282888,3.730567932227123,5.414072402778615,2.1128455580549623,3.54351374163482,-2.78,690205.5939907836,21.519292322605008,7.325918985638601,4.204134383579708,162.59031069995737,20.994572059745856,11.735768823996422,10.843243482610037,5.601050810983688,11.814359458703011,16.27347016397548,14.141824241834009,14.083731696315263,8.417796984328938,11.336785877934735,5.15571272675054,20.771211599071872,5.380062770465915,6.041840829147961,37.29827438881211,50.26785898322327,0.0,14.605983116249774,5.15571272675054,38.455944068351485,5.733667477162185,11.073990765314376,0.0,0.0,11.050456081168516,5.131558479839333,0.0,11.336785877934735,68.54635098380861,29.525365011975733,0.0,26.46513959392033,10.535775497216456,0.0,0.0,0.0,201.58,51.4842470947288,22.801408536544404,0.0,15.130702465984026,0.0,11.336785877934735,26.151274369537788,0.0,0.0,15.456479851704078,20.23053332942989,31.44978820569469,0.9796905422586336,44.39737831563419,16.334751159546904,3.256457088644816,-3.375611656986792,-2.3123389733980013,0.0,3.692820624691566,-4.756268639419342,0.4615384615384615,28,5,13,0,1,1,0,1,1,10,4,15,7,0,1,1,2,-1.172499999999998,95.65050000000004,1,0,0,1,0,1,0,0,1,1,3,2,0,0,0,3,1,1,0,0,0,0,0,0,0,0,0,2,0,1,0,0,0,0,0,0,0,0,0,0,0,0,0,0,0,0,0,0,0,0,0,0,0,1,0,0,0,0,0,0,0,0,0,1,0,0,0,0,0,0,0,0,0,0,0,0,0,0,0,0,1,0,0,0,0,562.0,Escherichia coli,Bacteria
116606,,18491852,CHEMBL4187490,Antimicrobial activity against Escherichia coli expressing beta-lactamase Oxa-181 by CLSI broth microdilution method,F,BAO_0002146,BAO_0000218,organism-based format,C[C@H]1[C@H](NC(=O)/C(=N\OC(C)(C)C(=O)O)c2csc(N)n2)C(=O)N1S(=O)(=O)O,CHEMBL4184210,Bioorg Med Chem Lett,2018.0,CHEMBL158,AZTREONAM,CHEMBL158,0,http://www.openphacts.org/units/MicrogramPerMilliliter,3069226,=,1,1,=,MIC,ug.mL-1,0.125,CHEMBL354,Escherichia coli,Escherichia coli,562.0,,MIC,ug ml-1,UO_0000274,0.125,CHEMBL158,C[C@H]1[C@H](NC(=O)/C(=N\OC(C)(C)C(=O)O)c2csc(N)n2)C(=O)N1S(=O)(=O)O,12.562141912320484,12.562141912320484,0.0349535856009066,-4.756268639419342,0.174788224513646,20.5,435.44000000000017,418.30400000000014,435.051854504,154,0,0.3620751467724121,-0.4782270320177159,0.4782270320177159,0.3620751467724121,1.4642857142857142,2.071428571428572,2.5,32.24529764273617,10.00401161573638,2.513331128805475,-2.416338874010568,2.230948535260857,-2.707807208919476,7.836563836647012,-0.1608446168429468,2.971847309732629,2.2592762983237704,953.8851353067348,21.43879310982592,14.8114553779692,16.444448539824652,12.752743308167698,7.578995896792942,9.855612118054724,6.221230582074894,8.399971119282888,3.730567932227123,5.414072402778615,2.1128455580549623,3.54351374163482,-2.78,690205.5939907836,21.519292322605008,7.325918985638601,4.204134383579708,162.59031069995737,20.994572059745856,11.735768823996422,10.843243482610037,5.601050810983688,11.814359458703011,16.27347016397548,14.141824241834009,14.083731696315263,8.417796984328938,11.336785877934735,5.15571272675054,20.771211599071872,5.380062770465915,6.041840829147961,37.29827438881211,50.26785898322327,0.0,14.605983116249774,5.15571272675054,38.455944068351485,5.733667477162185,11.073990765314376,0.0,0.0,11.050456081168516,5.131558479839333,0.0,11.336785877934735,68.54635098380861,29.525365011975733,0.0,26.46513959392033,10.535775497216456,0.0,0.0,0.0,201.58,51.4842470947288,22.801408536544404,0.0,15.130702465984026,0.0,11.336785877934735,26.151274369537788,0.0,0.0,15.456479851704078,20.23053332942989,31.44978820569469,0.9796905422586336,44.39737831563419,16.334751159546904,3.256457088644816,-3.375611656986792,-2.3123389733980013,0.0,3.692820624691566,-4.756268639419342,0.4615384615384615,28,5,13,0,1,1,0,1,1,10,4,15,7,0,1,1,2,-1.172499999999998,95.65050000000004,1,0,0,1,0,1,0,0,1,1,3,2,0,0,0,3,1,1,0,0,0,0,0,0,0,0,0,2,0,1,0,0,0,0,0,0,0,0,0,0,0,0,0,0,0,0,0,0,0,0,0,0,0,1,0,0,0,0,0,0,0,0,0,1,0,0,0,0,0,0,0,0,0,0,0,0,0,0,0,0,1,0,0,0,0,562.0,Escherichia coli,Bacteria
116607,,18491865,CHEMBL4187491,Antimicrobial activity against Escherichia coli expressing beta-lactamase Oxa-225 by CLSI broth microdilution method,F,BAO_0002146,BAO_0000218,organism-based format,C[C@H]1[C@H](NC(=O)/C(=N\OC(C)(C)C(=O)O)c2csc(N)n2)C(=O)N1S(=O)(=O)O,CHEMBL4184210,Bioorg Med Chem Lett,2018.0,CHEMBL158,AZTREONAM,CHEMBL158,0,http://www.openphacts.org/units/MicrogramPerMilliliter,3069226,=,1,1,=,MIC,ug.mL-1,8.0,CHEMBL354,Escherichia coli,Escherichia coli,562.0,,MIC,ug ml-1,UO_0000274,8.0,CHEMBL158,C[C@H]1[C@H](NC(=O)/C(=N\OC(C)(C)C(=O)O)c2csc(N)n2)C(=O)N1S(=O)(=O)O,12.562141912320484,12.562141912320484,0.0349535856009066,-4.756268639419342,0.174788224513646,20.5,435.44000000000017,418.30400000000014,435.051854504,154,0,0.3620751467724121,-0.4782270320177159,0.4782270320177159,0.3620751467724121,1.4642857142857142,2.071428571428572,2.5,32.24529764273617,10.00401161573638,2.513331128805475,-2.416338874010568,2.230948535260857,-2.707807208919476,7.836563836647012,-0.1608446168429468,2.971847309732629,2.2592762983237704,953.8851353067348,21.43879310982592,14.8114553779692,16.444448539824652,12.752743308167698,7.578995896792942,9.855612118054724,6.221230582074894,8.399971119282888,3.730567932227123,5.414072402778615,2.1128455580549623,3.54351374163482,-2.78,690205.5939907836,21.519292322605008,7.325918985638601,4.204134383579708,162.59031069995737,20.994572059745856,11.735768823996422,10.843243482610037,5.601050810983688,11.814359458703011,16.27347016397548,14.141824241834009,14.083731696315263,8.417796984328938,11.336785877934735,5.15571272675054,20.771211599071872,5.380062770465915,6.041840829147961,37.29827438881211,50.26785898322327,0.0,14.605983116249774,5.15571272675054,38.455944068351485,5.733667477162185,11.073990765314376,0.0,0.0,11.050456081168516,5.131558479839333,0.0,11.336785877934735,68.54635098380861,29.525365011975733,0.0,26.46513959392033,10.535775497216456,0.0,0.0,0.0,201.58,51.4842470947288,22.801408536544404,0.0,15.130702465984026,0.0,11.336785877934735,26.151274369537788,0.0,0.0,15.456479851704078,20.23053332942989,31.44978820569469,0.9796905422586336,44.39737831563419,16.334751159546904,3.256457088644816,-3.375611656986792,-2.3123389733980013,0.0,3.692820624691566,-4.756268639419342,0.4615384615384615,28,5,13,0,1,1,0,1,1,10,4,15,7,0,1,1,2,-1.172499999999998,95.65050000000004,1,0,0,1,0,1,0,0,1,1,3,2,0,0,0,3,1,1,0,0,0,0,0,0,0,0,0,2,0,1,0,0,0,0,0,0,0,0,0,0,0,0,0,0,0,0,0,0,0,0,0,0,0,1,0,0,0,0,0,0,0,0,0,1,0,0,0,0,0,0,0,0,0,0,0,0,0,0,0,0,1,0,0,0,0,562.0,Escherichia coli,Bacteria
116607,,18491865,CHEMBL4187491,Antimicrobial activity against Escherichia coli expressing beta-lactamase Oxa-225 by CLSI broth microdilution method,F,BAO_0002146,BAO_0000218,organism-based format,C[C@H]1[C@H](NC(=O)/C(=N\OC(C)(C)C(=O)O)c2csc(N)n2)C(=O)N1S(=O)(=O)O,CHEMBL4184210,Bioorg Med Chem Lett,2018.0,CHEMBL158,AZTREONAM,CHEMBL158,0,http://www.openphacts.org/units/MicrogramPerMilliliter,3069226,=,1,1,=,MIC,ug.mL-1,8.0,CHEMBL354,Escherichia coli,Escherichia coli,562.0,,MIC,ug ml-1,UO_0000274,8.0,CHEMBL158,C[C@H]1[C@H](NC(=O)/C(=N\OC(C)(C)C(=O)O)c2csc(N)n2)C(=O)N1S(=O)(=O)O,12.562141912320484,12.562141912320484,0.0349535856009066,-4.756268639419342,0.174788224513646,20.5,435.44000000000017,418.30400000000014,435.051854504,154,0,0.3620751467724121,-0.4782270320177159,0.4782270320177159,0.3620751467724121,1.4642857142857142,2.071428571428572,2.5,32.24529764273617,10.00401161573638,2.513331128805475,-2.416338874010568,2.230948535260857,-2.707807208919476,7.836563836647012,-0.1608446168429468,2.971847309732629,2.2592762983237704,953.8851353067348,21.43879310982592,14.8114553779692,16.444448539824652,12.752743308167698,7.578995896792942,9.855612118054724,6.221230582074894,8.399971119282888,3.730567932227123,5.414072402778615,2.1128455580549623,3.54351374163482,-2.78,690205.5939907836,21.519292322605008,7.325918985638601,4.204134383579708,162.59031069995737,20.994572059745856,11.735768823996422,10.843243482610037,5.601050810983688,11.814359458703011,16.27347016397548,14.141824241834009,14.083731696315263,8.417796984328938,11.336785877934735,5.15571272675054,20.771211599071872,5.380062770465915,6.041840829147961,37.29827438881211,50.26785898322327,0.0,14.605983116249774,5.15571272675054,38.455944068351485,5.733667477162185,11.073990765314376,0.0,0.0,11.050456081168516,5.131558479839333,0.0,11.336785877934735,68.54635098380861,29.525365011975733,0.0,26.46513959392033,10.535775497216456,0.0,0.0,0.0,201.58,51.4842470947288,22.801408536544404,0.0,15.130702465984026,0.0,11.336785877934735,26.151274369537788,0.0,0.0,15.456479851704078,20.23053332942989,31.44978820569469,0.9796905422586336,44.39737831563419,16.334751159546904,3.256457088644816,-3.375611656986792,-2.3123389733980013,0.0,3.692820624691566,-4.756268639419342,0.4615384615384615,28,5,13,0,1,1,0,1,1,10,4,15,7,0,1,1,2,-1.172499999999998,95.65050000000004,1,0,0,1,0,1,0,0,1,1,3,2,0,0,0,3,1,1,0,0,0,0,0,0,0,0,0,2,0,1,0,0,0,0,0,0,0,0,0,0,0,0,0,0,0,0,0,0,0,0,0,0,0,1,0,0,0,0,0,0,0,0,0,1,0,0,0,0,0,0,0,0,0,0,0,0,0,0,0,0,1,0,0,0,0,562.0,Escherichia coli,Bacteria
116607,,18491865,CHEMBL4187491,Antimicrobial activity against Escherichia coli expressing beta-lactamase Oxa-225 by CLSI broth microdilution method,F,BAO_0002146,BAO_0000218,organism-based format,C[C@H]1[C@H](NC(=O)/C(=N\OC(C)(C)C(=O)O)c2csc(N)n2)C(=O)N1S(=O)(=O)O,CHEMBL4184210,Bioorg Med Chem Lett,2018.0,CHEMBL158,AZTREONAM,CHEMBL158,0,http://www.openphacts.org/units/MicrogramPerMilliliter,3069226,=,1,1,=,MIC,ug.mL-1,8.0,CHEMBL354,Escherichia coli,Escherichia coli,562.0,,MIC,ug ml-1,UO_0000274,8.0,CHEMBL158,C[C@H]1[C@H](NC(=O)/C(=N\OC(C)(C)C(=O)O)c2csc(N)n2)C(=O)N1S(=O)(=O)O,12.562141912320484,12.562141912320484,0.0349535856009066,-4.756268639419342,0.174788224513646,20.5,435.44000000000017,418.30400000000014,435.051854504,154,0,0.3620751467724121,-0.4782270320177159,0.4782270320177159,0.3620751467724121,1.4642857142857142,2.071428571428572,2.5,32.24529764273617,10.00401161573638,2.513331128805475,-2.416338874010568,2.230948535260857,-2.707807208919476,7.836563836647012,-0.1608446168429468,2.971847309732629,2.2592762983237704,953.8851353067348,21.43879310982592,14.8114553779692,16.444448539824652,12.752743308167698,7.578995896792942,9.855612118054724,6.221230582074894,8.399971119282888,3.730567932227123,5.414072402778615,2.1128455580549623,3.54351374163482,-2.78,690205.5939907836,21.519292322605008,7.325918985638601,4.204134383579708,162.59031069995737,20.994572059745856,11.735768823996422,10.843243482610037,5.601050810983688,11.814359458703011,16.27347016397548,14.141824241834009,14.083731696315263,8.417796984328938,11.336785877934735,5.15571272675054,20.771211599071872,5.380062770465915,6.041840829147961,37.29827438881211,50.26785898322327,0.0,14.605983116249774,5.15571272675054,38.455944068351485,5.733667477162185,11.073990765314376,0.0,0.0,11.050456081168516,5.131558479839333,0.0,11.336785877934735,68.54635098380861,29.525365011975733,0.0,26.46513959392033,10.535775497216456,0.0,0.0,0.0,201.58,51.4842470947288,22.801408536544404,0.0,15.130702465984026,0.0,11.336785877934735,26.151274369537788,0.0,0.0,15.456479851704078,20.23053332942989,31.44978820569469,0.9796905422586336,44.39737831563419,16.334751159546904,3.256457088644816,-3.375611656986792,-2.3123389733980013,0.0,3.692820624691566,-4.756268639419342,0.4615384615384615,28,5,13,0,1,1,0,1,1,10,4,15,7,0,1,1,2,-1.172499999999998,95.65050000000004,1,0,0,1,0,1,0,0,1,1,3,2,0,0,0,3,1,1,0,0,0,0,0,0,0,0,0,2,0,1,0,0,0,0,0,0,0,0,0,0,0,0,0,0,0,0,0,0,0,0,0,0,0,1,0,0,0,0,0,0,0,0,0,1,0,0,0,0,0,0,0,0,0,0,0,0,0,0,0,0,1,0,0,0,0,562.0,Escherichia coli,Bacteria
116607,,18491865,CHEMBL4187491,Antimicrobial activity against Escherichia coli expressing beta-lactamase Oxa-225 by CLSI broth microdilution method,F,BAO_0002146,BAO_0000218,organism-based format,C[C@H]1[C@H](NC(=O)/C(=N\OC(C)(C)C(=O)O)c2csc(N)n2)C(=O)N1S(=O)(=O)O,CHEMBL4184210,Bioorg Med Chem Lett,2018.0,CHEMBL158,AZTREONAM,CHEMBL158,0,http://www.openphacts.org/units/MicrogramPerMilliliter,3069226,=,1,1,=,MIC,ug.mL-1,8.0,CHEMBL354,Escherichia coli,Escherichia coli,562.0,,MIC,ug ml-1,UO_0000274,8.0,CHEMBL158,C[C@H]1[C@H](NC(=O)/C(=N\OC(C)(C)C(=O)O)c2csc(N)n2)C(=O)N1S(=O)(=O)O,12.562141912320484,12.562141912320484,0.0349535856009066,-4.756268639419342,0.174788224513646,20.5,435.44000000000017,418.30400000000014,435.051854504,154,0,0.3620751467724121,-0.4782270320177159,0.4782270320177159,0.3620751467724121,1.4642857142857142,2.071428571428572,2.5,32.24529764273617,10.00401161573638,2.513331128805475,-2.416338874010568,2.230948535260857,-2.707807208919476,7.836563836647012,-0.1608446168429468,2.971847309732629,2.2592762983237704,953.8851353067348,21.43879310982592,14.8114553779692,16.444448539824652,12.752743308167698,7.578995896792942,9.855612118054724,6.221230582074894,8.399971119282888,3.730567932227123,5.414072402778615,2.1128455580549623,3.54351374163482,-2.78,690205.5939907836,21.519292322605008,7.325918985638601,4.204134383579708,162.59031069995737,20.994572059745856,11.735768823996422,10.843243482610037,5.601050810983688,11.814359458703011,16.27347016397548,14.141824241834009,14.083731696315263,8.417796984328938,11.336785877934735,5.15571272675054,20.771211599071872,5.380062770465915,6.041840829147961,37.29827438881211,50.26785898322327,0.0,14.605983116249774,5.15571272675054,38.455944068351485,5.733667477162185,11.073990765314376,0.0,0.0,11.050456081168516,5.131558479839333,0.0,11.336785877934735,68.54635098380861,29.525365011975733,0.0,26.46513959392033,10.535775497216456,0.0,0.0,0.0,201.58,51.4842470947288,22.801408536544404,0.0,15.130702465984026,0.0,11.336785877934735,26.151274369537788,0.0,0.0,15.456479851704078,20.23053332942989,31.44978820569469,0.9796905422586336,44.39737831563419,16.334751159546904,3.256457088644816,-3.375611656986792,-2.3123389733980013,0.0,3.692820624691566,-4.756268639419342,0.4615384615384615,28,5,13,0,1,1,0,1,1,10,4,15,7,0,1,1,2,-1.172499999999998,95.65050000000004,1,0,0,1,0,1,0,0,1,1,3,2,0,0,0,3,1,1,0,0,0,0,0,0,0,0,0,2,0,1,0,0,0,0,0,0,0,0,0,0,0,0,0,0,0,0,0,0,0,0,0,0,0,1,0,0,0,0,0,0,0,0,0,1,0,0,0,0,0,0,0,0,0,0,0,0,0,0,0,0,1,0,0,0,0,562.0,Escherichia coli,Bacteria
116609,,18491918,CHEMBL4187493,"Antimicrobial activity against ESBL, KPC and MBL producing Enterobacteriaceae by CLSI broth microdilution method",F,BAO_0000179,BAO_0000218,organism-based format,C[C@H]1[C@H](NC(=O)/C(=N\OC(C)(C)C(=O)O)c2csc(N)n2)C(=O)N1S(=O)(=O)O,CHEMBL4184210,Bioorg Med Chem Lett,2018.0,CHEMBL158,AZTREONAM,CHEMBL158,0,http://www.openphacts.org/units/MicrogramPerMilliliter,3069226,>,1,1,>,MIC90,ug.mL-1,64.0,CHEMBL614436,Enterobacteriaceae,Enterobacteriaceae,543.0,,MIC90,ug ml-1,UO_0000274,64.0,CHEMBL158,C[C@H]1[C@H](NC(=O)/C(=N\OC(C)(C)C(=O)O)c2csc(N)n2)C(=O)N1S(=O)(=O)O,12.562141912320484,12.562141912320484,0.0349535856009066,-4.756268639419342,0.174788224513646,20.5,435.44000000000017,418.30400000000014,435.051854504,154,0,0.3620751467724121,-0.4782270320177159,0.4782270320177159,0.3620751467724121,1.4642857142857142,2.071428571428572,2.5,32.24529764273617,10.00401161573638,2.513331128805475,-2.416338874010568,2.230948535260857,-2.707807208919476,7.836563836647012,-0.1608446168429468,2.971847309732629,2.2592762983237704,953.8851353067348,21.43879310982592,14.8114553779692,16.444448539824652,12.752743308167698,7.578995896792942,9.855612118054724,6.221230582074894,8.399971119282888,3.730567932227123,5.414072402778615,2.1128455580549623,3.54351374163482,-2.78,690205.5939907836,21.519292322605008,7.325918985638601,4.204134383579708,162.59031069995737,20.994572059745856,11.735768823996422,10.843243482610037,5.601050810983688,11.814359458703011,16.27347016397548,14.141824241834009,14.083731696315263,8.417796984328938,11.336785877934735,5.15571272675054,20.771211599071872,5.380062770465915,6.041840829147961,37.29827438881211,50.26785898322327,0.0,14.605983116249774,5.15571272675054,38.455944068351485,5.733667477162185,11.073990765314376,0.0,0.0,11.050456081168516,5.131558479839333,0.0,11.336785877934735,68.54635098380861,29.525365011975733,0.0,26.46513959392033,10.535775497216456,0.0,0.0,0.0,201.58,51.4842470947288,22.801408536544404,0.0,15.130702465984026,0.0,11.336785877934735,26.151274369537788,0.0,0.0,15.456479851704078,20.23053332942989,31.44978820569469,0.9796905422586336,44.39737831563419,16.334751159546904,3.256457088644816,-3.375611656986792,-2.3123389733980013,0.0,3.692820624691566,-4.756268639419342,0.4615384615384615,28,5,13,0,1,1,0,1,1,10,4,15,7,0,1,1,2,-1.172499999999998,95.65050000000004,1,0,0,1,0,1,0,0,1,1,3,2,0,0,0,3,1,1,0,0,0,0,0,0,0,0,0,2,0,1,0,0,0,0,0,0,0,0,0,0,0,0,0,0,0,0,0,0,0,0,0,0,0,1,0,0,0,0,0,0,0,0,0,1,0,0,0,0,0,0,0,0,0,0,0,0,0,0,0,0,1,0,0,0,0,543.0,Enterobacteriaceae,Bacteria
116610,,18491925,CHEMBL4187494,Antimicrobial activity against Pseudomonas aeruginosa ATCC 27853 by CLSI broth microdilution method,F,BAO_0002146,BAO_0000218,organism-based format,C[C@H]1[C@H](NC(=O)/C(=N\OC(C)(C)C(=O)O)c2csc(N)n2)C(=O)N1S(=O)(=O)O,CHEMBL4184210,Bioorg Med Chem Lett,2018.0,CHEMBL158,AZTREONAM,CHEMBL158,0,http://www.openphacts.org/units/MicrogramPerMilliliter,3069226,=,1,1,=,MIC,ug.mL-1,4.0,CHEMBL348,Pseudomonas aeruginosa,Pseudomonas aeruginosa,287.0,,MIC,ug ml-1,UO_0000274,4.0,CHEMBL158,C[C@H]1[C@H](NC(=O)/C(=N\OC(C)(C)C(=O)O)c2csc(N)n2)C(=O)N1S(=O)(=O)O,12.562141912320484,12.562141912320484,0.0349535856009066,-4.756268639419342,0.174788224513646,20.5,435.44000000000017,418.30400000000014,435.051854504,154,0,0.3620751467724121,-0.4782270320177159,0.4782270320177159,0.3620751467724121,1.4642857142857142,2.071428571428572,2.5,32.24529764273617,10.00401161573638,2.513331128805475,-2.416338874010568,2.230948535260857,-2.707807208919476,7.836563836647012,-0.1608446168429468,2.971847309732629,2.2592762983237704,953.8851353067348,21.43879310982592,14.8114553779692,16.444448539824652,12.752743308167698,7.578995896792942,9.855612118054724,6.221230582074894,8.399971119282888,3.730567932227123,5.414072402778615,2.1128455580549623,3.54351374163482,-2.78,690205.5939907836,21.519292322605008,7.325918985638601,4.204134383579708,162.59031069995737,20.994572059745856,11.735768823996422,10.843243482610037,5.601050810983688,11.814359458703011,16.27347016397548,14.141824241834009,14.083731696315263,8.417796984328938,11.336785877934735,5.15571272675054,20.771211599071872,5.380062770465915,6.041840829147961,37.29827438881211,50.26785898322327,0.0,14.605983116249774,5.15571272675054,38.455944068351485,5.733667477162185,11.073990765314376,0.0,0.0,11.050456081168516,5.131558479839333,0.0,11.336785877934735,68.54635098380861,29.525365011975733,0.0,26.46513959392033,10.535775497216456,0.0,0.0,0.0,201.58,51.4842470947288,22.801408536544404,0.0,15.130702465984026,0.0,11.336785877934735,26.151274369537788,0.0,0.0,15.456479851704078,20.23053332942989,31.44978820569469,0.9796905422586336,44.39737831563419,16.334751159546904,3.256457088644816,-3.375611656986792,-2.3123389733980013,0.0,3.692820624691566,-4.756268639419342,0.4615384615384615,28,5,13,0,1,1,0,1,1,10,4,15,7,0,1,1,2,-1.172499999999998,95.65050000000004,1,0,0,1,0,1,0,0,1,1,3,2,0,0,0,3,1,1,0,0,0,0,0,0,0,0,0,2,0,1,0,0,0,0,0,0,0,0,0,0,0,0,0,0,0,0,0,0,0,0,0,0,0,1,0,0,0,0,0,0,0,0,0,1,0,0,0,0,0,0,0,0,0,0,0,0,0,0,0,0,1,0,0,0,0,287.0,Pseudomonas aeruginosa,Bacteria
116610,,18491925,CHEMBL4187494,Antimicrobial activity against Pseudomonas aeruginosa ATCC 27853 by CLSI broth microdilution method,F,BAO_0002146,BAO_0000218,organism-based format,C[C@H]1[C@H](NC(=O)/C(=N\OC(C)(C)C(=O)O)c2csc(N)n2)C(=O)N1S(=O)(=O)O,CHEMBL4184210,Bioorg Med Chem Lett,2018.0,CHEMBL158,AZTREONAM,CHEMBL158,0,http://www.openphacts.org/units/MicrogramPerMilliliter,3069226,=,1,1,=,MIC,ug.mL-1,4.0,CHEMBL348,Pseudomonas aeruginosa,Pseudomonas aeruginosa,287.0,,MIC,ug ml-1,UO_0000274,4.0,CHEMBL158,C[C@H]1[C@H](NC(=O)/C(=N\OC(C)(C)C(=O)O)c2csc(N)n2)C(=O)N1S(=O)(=O)O,12.562141912320484,12.562141912320484,0.0349535856009066,-4.756268639419342,0.174788224513646,20.5,435.44000000000017,418.30400000000014,435.051854504,154,0,0.3620751467724121,-0.4782270320177159,0.4782270320177159,0.3620751467724121,1.4642857142857142,2.071428571428572,2.5,32.24529764273617,10.00401161573638,2.513331128805475,-2.416338874010568,2.230948535260857,-2.707807208919476,7.836563836647012,-0.1608446168429468,2.971847309732629,2.2592762983237704,953.8851353067348,21.43879310982592,14.8114553779692,16.444448539824652,12.752743308167698,7.578995896792942,9.855612118054724,6.221230582074894,8.399971119282888,3.730567932227123,5.414072402778615,2.1128455580549623,3.54351374163482,-2.78,690205.5939907836,21.519292322605008,7.325918985638601,4.204134383579708,162.59031069995737,20.994572059745856,11.735768823996422,10.843243482610037,5.601050810983688,11.814359458703011,16.27347016397548,14.141824241834009,14.083731696315263,8.417796984328938,11.336785877934735,5.15571272675054,20.771211599071872,5.380062770465915,6.041840829147961,37.29827438881211,50.26785898322327,0.0,14.605983116249774,5.15571272675054,38.455944068351485,5.733667477162185,11.073990765314376,0.0,0.0,11.050456081168516,5.131558479839333,0.0,11.336785877934735,68.54635098380861,29.525365011975733,0.0,26.46513959392033,10.535775497216456,0.0,0.0,0.0,201.58,51.4842470947288,22.801408536544404,0.0,15.130702465984026,0.0,11.336785877934735,26.151274369537788,0.0,0.0,15.456479851704078,20.23053332942989,31.44978820569469,0.9796905422586336,44.39737831563419,16.334751159546904,3.256457088644816,-3.375611656986792,-2.3123389733980013,0.0,3.692820624691566,-4.756268639419342,0.4615384615384615,28,5,13,0,1,1,0,1,1,10,4,15,7,0,1,1,2,-1.172499999999998,95.65050000000004,1,0,0,1,0,1,0,0,1,1,3,2,0,0,0,3,1,1,0,0,0,0,0,0,0,0,0,2,0,1,0,0,0,0,0,0,0,0,0,0,0,0,0,0,0,0,0,0,0,0,0,0,0,1,0,0,0,0,0,0,0,0,0,1,0,0,0,0,0,0,0,0,0,0,0,0,0,0,0,0,1,0,0,0,0,287.0,Pseudomonas aeruginosa,Bacteria
116610,,18491925,CHEMBL4187494,Antimicrobial activity against Pseudomonas aeruginosa ATCC 27853 by CLSI broth microdilution method,F,BAO_0002146,BAO_0000218,organism-based format,C[C@H]1[C@H](NC(=O)/C(=N\OC(C)(C)C(=O)O)c2csc(N)n2)C(=O)N1S(=O)(=O)O,CHEMBL4184210,Bioorg Med Chem Lett,2018.0,CHEMBL158,AZTREONAM,CHEMBL158,0,http://www.openphacts.org/units/MicrogramPerMilliliter,3069226,=,1,1,=,MIC,ug.mL-1,4.0,CHEMBL348,Pseudomonas aeruginosa,Pseudomonas aeruginosa,287.0,,MIC,ug ml-1,UO_0000274,4.0,CHEMBL158,C[C@H]1[C@H](NC(=O)/C(=N\OC(C)(C)C(=O)O)c2csc(N)n2)C(=O)N1S(=O)(=O)O,12.562141912320484,12.562141912320484,0.0349535856009066,-4.756268639419342,0.174788224513646,20.5,435.44000000000017,418.30400000000014,435.051854504,154,0,0.3620751467724121,-0.4782270320177159,0.4782270320177159,0.3620751467724121,1.4642857142857142,2.071428571428572,2.5,32.24529764273617,10.00401161573638,2.513331128805475,-2.416338874010568,2.230948535260857,-2.707807208919476,7.836563836647012,-0.1608446168429468,2.971847309732629,2.2592762983237704,953.8851353067348,21.43879310982592,14.8114553779692,16.444448539824652,12.752743308167698,7.578995896792942,9.855612118054724,6.221230582074894,8.399971119282888,3.730567932227123,5.414072402778615,2.1128455580549623,3.54351374163482,-2.78,690205.5939907836,21.519292322605008,7.325918985638601,4.204134383579708,162.59031069995737,20.994572059745856,11.735768823996422,10.843243482610037,5.601050810983688,11.814359458703011,16.27347016397548,14.141824241834009,14.083731696315263,8.417796984328938,11.336785877934735,5.15571272675054,20.771211599071872,5.380062770465915,6.041840829147961,37.29827438881211,50.26785898322327,0.0,14.605983116249774,5.15571272675054,38.455944068351485,5.733667477162185,11.073990765314376,0.0,0.0,11.050456081168516,5.131558479839333,0.0,11.336785877934735,68.54635098380861,29.525365011975733,0.0,26.46513959392033,10.535775497216456,0.0,0.0,0.0,201.58,51.4842470947288,22.801408536544404,0.0,15.130702465984026,0.0,11.336785877934735,26.151274369537788,0.0,0.0,15.456479851704078,20.23053332942989,31.44978820569469,0.9796905422586336,44.39737831563419,16.334751159546904,3.256457088644816,-3.375611656986792,-2.3123389733980013,0.0,3.692820624691566,-4.756268639419342,0.4615384615384615,28,5,13,0,1,1,0,1,1,10,4,15,7,0,1,1,2,-1.172499999999998,95.65050000000004,1,0,0,1,0,1,0,0,1,1,3,2,0,0,0,3,1,1,0,0,0,0,0,0,0,0,0,2,0,1,0,0,0,0,0,0,0,0,0,0,0,0,0,0,0,0,0,0,0,0,0,0,0,1,0,0,0,0,0,0,0,0,0,1,0,0,0,0,0,0,0,0,0,0,0,0,0,0,0,0,1,0,0,0,0,287.0,Pseudomonas aeruginosa,Bacteria
116611,,18491933,CHEMBL4187495,Antimicrobial activity against Pseudomonas aeruginosa expressing delta-mexB/delta-mexXY/delta-mexCD and delta-ampC mutant by CLSI broth microdilution method,F,BAO_0002146,BAO_0000218,organism-based format,C[C@H]1[C@H](NC(=O)/C(=N\OC(C)(C)C(=O)O)c2csc(N)n2)C(=O)N1S(=O)(=O)O,CHEMBL4184210,Bioorg Med Chem Lett,2018.0,CHEMBL158,AZTREONAM,CHEMBL158,0,http://www.openphacts.org/units/MicrogramPerMilliliter,3069226,=,1,1,=,MIC,ug.mL-1,0.25,CHEMBL348,Pseudomonas aeruginosa,Pseudomonas aeruginosa,287.0,,MIC,ug ml-1,UO_0000274,0.25,CHEMBL158,C[C@H]1[C@H](NC(=O)/C(=N\OC(C)(C)C(=O)O)c2csc(N)n2)C(=O)N1S(=O)(=O)O,12.562141912320484,12.562141912320484,0.0349535856009066,-4.756268639419342,0.174788224513646,20.5,435.44000000000017,418.30400000000014,435.051854504,154,0,0.3620751467724121,-0.4782270320177159,0.4782270320177159,0.3620751467724121,1.4642857142857142,2.071428571428572,2.5,32.24529764273617,10.00401161573638,2.513331128805475,-2.416338874010568,2.230948535260857,-2.707807208919476,7.836563836647012,-0.1608446168429468,2.971847309732629,2.2592762983237704,953.8851353067348,21.43879310982592,14.8114553779692,16.444448539824652,12.752743308167698,7.578995896792942,9.855612118054724,6.221230582074894,8.399971119282888,3.730567932227123,5.414072402778615,2.1128455580549623,3.54351374163482,-2.78,690205.5939907836,21.519292322605008,7.325918985638601,4.204134383579708,162.59031069995737,20.994572059745856,11.735768823996422,10.843243482610037,5.601050810983688,11.814359458703011,16.27347016397548,14.141824241834009,14.083731696315263,8.417796984328938,11.336785877934735,5.15571272675054,20.771211599071872,5.380062770465915,6.041840829147961,37.29827438881211,50.26785898322327,0.0,14.605983116249774,5.15571272675054,38.455944068351485,5.733667477162185,11.073990765314376,0.0,0.0,11.050456081168516,5.131558479839333,0.0,11.336785877934735,68.54635098380861,29.525365011975733,0.0,26.46513959392033,10.535775497216456,0.0,0.0,0.0,201.58,51.4842470947288,22.801408536544404,0.0,15.130702465984026,0.0,11.336785877934735,26.151274369537788,0.0,0.0,15.456479851704078,20.23053332942989,31.44978820569469,0.9796905422586336,44.39737831563419,16.334751159546904,3.256457088644816,-3.375611656986792,-2.3123389733980013,0.0,3.692820624691566,-4.756268639419342,0.4615384615384615,28,5,13,0,1,1,0,1,1,10,4,15,7,0,1,1,2,-1.172499999999998,95.65050000000004,1,0,0,1,0,1,0,0,1,1,3,2,0,0,0,3,1,1,0,0,0,0,0,0,0,0,0,2,0,1,0,0,0,0,0,0,0,0,0,0,0,0,0,0,0,0,0,0,0,0,0,0,0,1,0,0,0,0,0,0,0,0,0,1,0,0,0,0,0,0,0,0,0,0,0,0,0,0,0,0,1,0,0,0,0,287.0,Pseudomonas aeruginosa,Bacteria
116611,,18491933,CHEMBL4187495,Antimicrobial activity against Pseudomonas aeruginosa expressing delta-mexB/delta-mexXY/delta-mexCD and delta-ampC mutant by CLSI broth microdilution method,F,BAO_0002146,BAO_0000218,organism-based format,C[C@H]1[C@H](NC(=O)/C(=N\OC(C)(C)C(=O)O)c2csc(N)n2)C(=O)N1S(=O)(=O)O,CHEMBL4184210,Bioorg Med Chem Lett,2018.0,CHEMBL158,AZTREONAM,CHEMBL158,0,http://www.openphacts.org/units/MicrogramPerMilliliter,3069226,=,1,1,=,MIC,ug.mL-1,0.25,CHEMBL348,Pseudomonas aeruginosa,Pseudomonas aeruginosa,287.0,,MIC,ug ml-1,UO_0000274,0.25,CHEMBL158,C[C@H]1[C@H](NC(=O)/C(=N\OC(C)(C)C(=O)O)c2csc(N)n2)C(=O)N1S(=O)(=O)O,12.562141912320484,12.562141912320484,0.0349535856009066,-4.756268639419342,0.174788224513646,20.5,435.44000000000017,418.30400000000014,435.051854504,154,0,0.3620751467724121,-0.4782270320177159,0.4782270320177159,0.3620751467724121,1.4642857142857142,2.071428571428572,2.5,32.24529764273617,10.00401161573638,2.513331128805475,-2.416338874010568,2.230948535260857,-2.707807208919476,7.836563836647012,-0.1608446168429468,2.971847309732629,2.2592762983237704,953.8851353067348,21.43879310982592,14.8114553779692,16.444448539824652,12.752743308167698,7.578995896792942,9.855612118054724,6.221230582074894,8.399971119282888,3.730567932227123,5.414072402778615,2.1128455580549623,3.54351374163482,-2.78,690205.5939907836,21.519292322605008,7.325918985638601,4.204134383579708,162.59031069995737,20.994572059745856,11.735768823996422,10.843243482610037,5.601050810983688,11.814359458703011,16.27347016397548,14.141824241834009,14.083731696315263,8.417796984328938,11.336785877934735,5.15571272675054,20.771211599071872,5.380062770465915,6.041840829147961,37.29827438881211,50.26785898322327,0.0,14.605983116249774,5.15571272675054,38.455944068351485,5.733667477162185,11.073990765314376,0.0,0.0,11.050456081168516,5.131558479839333,0.0,11.336785877934735,68.54635098380861,29.525365011975733,0.0,26.46513959392033,10.535775497216456,0.0,0.0,0.0,201.58,51.4842470947288,22.801408536544404,0.0,15.130702465984026,0.0,11.336785877934735,26.151274369537788,0.0,0.0,15.456479851704078,20.23053332942989,31.44978820569469,0.9796905422586336,44.39737831563419,16.334751159546904,3.256457088644816,-3.375611656986792,-2.3123389733980013,0.0,3.692820624691566,-4.756268639419342,0.4615384615384615,28,5,13,0,1,1,0,1,1,10,4,15,7,0,1,1,2,-1.172499999999998,95.65050000000004,1,0,0,1,0,1,0,0,1,1,3,2,0,0,0,3,1,1,0,0,0,0,0,0,0,0,0,2,0,1,0,0,0,0,0,0,0,0,0,0,0,0,0,0,0,0,0,0,0,0,0,0,0,1,0,0,0,0,0,0,0,0,0,1,0,0,0,0,0,0,0,0,0,0,0,0,0,0,0,0,1,0,0,0,0,287.0,Pseudomonas aeruginosa,Bacteria
116611,,18491933,CHEMBL4187495,Antimicrobial activity against Pseudomonas aeruginosa expressing delta-mexB/delta-mexXY/delta-mexCD and delta-ampC mutant by CLSI broth microdilution method,F,BAO_0002146,BAO_0000218,organism-based format,C[C@H]1[C@H](NC(=O)/C(=N\OC(C)(C)C(=O)O)c2csc(N)n2)C(=O)N1S(=O)(=O)O,CHEMBL4184210,Bioorg Med Chem Lett,2018.0,CHEMBL158,AZTREONAM,CHEMBL158,0,http://www.openphacts.org/units/MicrogramPerMilliliter,3069226,=,1,1,=,MIC,ug.mL-1,0.25,CHEMBL348,Pseudomonas aeruginosa,Pseudomonas aeruginosa,287.0,,MIC,ug ml-1,UO_0000274,0.25,CHEMBL158,C[C@H]1[C@H](NC(=O)/C(=N\OC(C)(C)C(=O)O)c2csc(N)n2)C(=O)N1S(=O)(=O)O,12.562141912320484,12.562141912320484,0.0349535856009066,-4.756268639419342,0.174788224513646,20.5,435.44000000000017,418.30400000000014,435.051854504,154,0,0.3620751467724121,-0.4782270320177159,0.4782270320177159,0.3620751467724121,1.4642857142857142,2.071428571428572,2.5,32.24529764273617,10.00401161573638,2.513331128805475,-2.416338874010568,2.230948535260857,-2.707807208919476,7.836563836647012,-0.1608446168429468,2.971847309732629,2.2592762983237704,953.8851353067348,21.43879310982592,14.8114553779692,16.444448539824652,12.752743308167698,7.578995896792942,9.855612118054724,6.221230582074894,8.399971119282888,3.730567932227123,5.414072402778615,2.1128455580549623,3.54351374163482,-2.78,690205.5939907836,21.519292322605008,7.325918985638601,4.204134383579708,162.59031069995737,20.994572059745856,11.735768823996422,10.843243482610037,5.601050810983688,11.814359458703011,16.27347016397548,14.141824241834009,14.083731696315263,8.417796984328938,11.336785877934735,5.15571272675054,20.771211599071872,5.380062770465915,6.041840829147961,37.29827438881211,50.26785898322327,0.0,14.605983116249774,5.15571272675054,38.455944068351485,5.733667477162185,11.073990765314376,0.0,0.0,11.050456081168516,5.131558479839333,0.0,11.336785877934735,68.54635098380861,29.525365011975733,0.0,26.46513959392033,10.535775497216456,0.0,0.0,0.0,201.58,51.4842470947288,22.801408536544404,0.0,15.130702465984026,0.0,11.336785877934735,26.151274369537788,0.0,0.0,15.456479851704078,20.23053332942989,31.44978820569469,0.9796905422586336,44.39737831563419,16.334751159546904,3.256457088644816,-3.375611656986792,-2.3123389733980013,0.0,3.692820624691566,-4.756268639419342,0.4615384615384615,28,5,13,0,1,1,0,1,1,10,4,15,7,0,1,1,2,-1.172499999999998,95.65050000000004,1,0,0,1,0,1,0,0,1,1,3,2,0,0,0,3,1,1,0,0,0,0,0,0,0,0,0,2,0,1,0,0,0,0,0,0,0,0,0,0,0,0,0,0,0,0,0,0,0,0,0,0,0,1,0,0,0,0,0,0,0,0,0,1,0,0,0,0,0,0,0,0,0,0,0,0,0,0,0,0,1,0,0,0,0,287.0,Pseudomonas aeruginosa,Bacteria
116612,,18491941,CHEMBL4187496,Antimicrobial activity against Pseudomonas aeruginosa expressing nalB/delta-mexXY/delta-mexCDoprJ/delta-ampC by CLSI broth microdilution method,F,BAO_0002146,BAO_0000218,organism-based format,C[C@H]1[C@H](NC(=O)/C(=N\OC(C)(C)C(=O)O)c2csc(N)n2)C(=O)N1S(=O)(=O)O,CHEMBL4184210,Bioorg Med Chem Lett,2018.0,CHEMBL158,AZTREONAM,CHEMBL158,0,http://www.openphacts.org/units/MicrogramPerMilliliter,3069226,=,1,1,=,MIC,ug.mL-1,32.0,CHEMBL348,Pseudomonas aeruginosa,Pseudomonas aeruginosa,287.0,,MIC,ug ml-1,UO_0000274,32.0,CHEMBL158,C[C@H]1[C@H](NC(=O)/C(=N\OC(C)(C)C(=O)O)c2csc(N)n2)C(=O)N1S(=O)(=O)O,12.562141912320484,12.562141912320484,0.0349535856009066,-4.756268639419342,0.174788224513646,20.5,435.44000000000017,418.30400000000014,435.051854504,154,0,0.3620751467724121,-0.4782270320177159,0.4782270320177159,0.3620751467724121,1.4642857142857142,2.071428571428572,2.5,32.24529764273617,10.00401161573638,2.513331128805475,-2.416338874010568,2.230948535260857,-2.707807208919476,7.836563836647012,-0.1608446168429468,2.971847309732629,2.2592762983237704,953.8851353067348,21.43879310982592,14.8114553779692,16.444448539824652,12.752743308167698,7.578995896792942,9.855612118054724,6.221230582074894,8.399971119282888,3.730567932227123,5.414072402778615,2.1128455580549623,3.54351374163482,-2.78,690205.5939907836,21.519292322605008,7.325918985638601,4.204134383579708,162.59031069995737,20.994572059745856,11.735768823996422,10.843243482610037,5.601050810983688,11.814359458703011,16.27347016397548,14.141824241834009,14.083731696315263,8.417796984328938,11.336785877934735,5.15571272675054,20.771211599071872,5.380062770465915,6.041840829147961,37.29827438881211,50.26785898322327,0.0,14.605983116249774,5.15571272675054,38.455944068351485,5.733667477162185,11.073990765314376,0.0,0.0,11.050456081168516,5.131558479839333,0.0,11.336785877934735,68.54635098380861,29.525365011975733,0.0,26.46513959392033,10.535775497216456,0.0,0.0,0.0,201.58,51.4842470947288,22.801408536544404,0.0,15.130702465984026,0.0,11.336785877934735,26.151274369537788,0.0,0.0,15.456479851704078,20.23053332942989,31.44978820569469,0.9796905422586336,44.39737831563419,16.334751159546904,3.256457088644816,-3.375611656986792,-2.3123389733980013,0.0,3.692820624691566,-4.756268639419342,0.4615384615384615,28,5,13,0,1,1,0,1,1,10,4,15,7,0,1,1,2,-1.172499999999998,95.65050000000004,1,0,0,1,0,1,0,0,1,1,3,2,0,0,0,3,1,1,0,0,0,0,0,0,0,0,0,2,0,1,0,0,0,0,0,0,0,0,0,0,0,0,0,0,0,0,0,0,0,0,0,0,0,1,0,0,0,0,0,0,0,0,0,1,0,0,0,0,0,0,0,0,0,0,0,0,0,0,0,0,1,0,0,0,0,287.0,Pseudomonas aeruginosa,Bacteria
116612,,18491941,CHEMBL4187496,Antimicrobial activity against Pseudomonas aeruginosa expressing nalB/delta-mexXY/delta-mexCDoprJ/delta-ampC by CLSI broth microdilution method,F,BAO_0002146,BAO_0000218,organism-based format,C[C@H]1[C@H](NC(=O)/C(=N\OC(C)(C)C(=O)O)c2csc(N)n2)C(=O)N1S(=O)(=O)O,CHEMBL4184210,Bioorg Med Chem Lett,2018.0,CHEMBL158,AZTREONAM,CHEMBL158,0,http://www.openphacts.org/units/MicrogramPerMilliliter,3069226,=,1,1,=,MIC,ug.mL-1,32.0,CHEMBL348,Pseudomonas aeruginosa,Pseudomonas aeruginosa,287.0,,MIC,ug ml-1,UO_0000274,32.0,CHEMBL158,C[C@H]1[C@H](NC(=O)/C(=N\OC(C)(C)C(=O)O)c2csc(N)n2)C(=O)N1S(=O)(=O)O,12.562141912320484,12.562141912320484,0.0349535856009066,-4.756268639419342,0.174788224513646,20.5,435.44000000000017,418.30400000000014,435.051854504,154,0,0.3620751467724121,-0.4782270320177159,0.4782270320177159,0.3620751467724121,1.4642857142857142,2.071428571428572,2.5,32.24529764273617,10.00401161573638,2.513331128805475,-2.416338874010568,2.230948535260857,-2.707807208919476,7.836563836647012,-0.1608446168429468,2.971847309732629,2.2592762983237704,953.8851353067348,21.43879310982592,14.8114553779692,16.444448539824652,12.752743308167698,7.578995896792942,9.855612118054724,6.221230582074894,8.399971119282888,3.730567932227123,5.414072402778615,2.1128455580549623,3.54351374163482,-2.78,690205.5939907836,21.519292322605008,7.325918985638601,4.204134383579708,162.59031069995737,20.994572059745856,11.735768823996422,10.843243482610037,5.601050810983688,11.814359458703011,16.27347016397548,14.141824241834009,14.083731696315263,8.417796984328938,11.336785877934735,5.15571272675054,20.771211599071872,5.380062770465915,6.041840829147961,37.29827438881211,50.26785898322327,0.0,14.605983116249774,5.15571272675054,38.455944068351485,5.733667477162185,11.073990765314376,0.0,0.0,11.050456081168516,5.131558479839333,0.0,11.336785877934735,68.54635098380861,29.525365011975733,0.0,26.46513959392033,10.535775497216456,0.0,0.0,0.0,201.58,51.4842470947288,22.801408536544404,0.0,15.130702465984026,0.0,11.336785877934735,26.151274369537788,0.0,0.0,15.456479851704078,20.23053332942989,31.44978820569469,0.9796905422586336,44.39737831563419,16.334751159546904,3.256457088644816,-3.375611656986792,-2.3123389733980013,0.0,3.692820624691566,-4.756268639419342,0.4615384615384615,28,5,13,0,1,1,0,1,1,10,4,15,7,0,1,1,2,-1.172499999999998,95.65050000000004,1,0,0,1,0,1,0,0,1,1,3,2,0,0,0,3,1,1,0,0,0,0,0,0,0,0,0,2,0,1,0,0,0,0,0,0,0,0,0,0,0,0,0,0,0,0,0,0,0,0,0,0,0,1,0,0,0,0,0,0,0,0,0,1,0,0,0,0,0,0,0,0,0,0,0,0,0,0,0,0,1,0,0,0,0,287.0,Pseudomonas aeruginosa,Bacteria
116612,,18491941,CHEMBL4187496,Antimicrobial activity against Pseudomonas aeruginosa expressing nalB/delta-mexXY/delta-mexCDoprJ/delta-ampC by CLSI broth microdilution method,F,BAO_0002146,BAO_0000218,organism-based format,C[C@H]1[C@H](NC(=O)/C(=N\OC(C)(C)C(=O)O)c2csc(N)n2)C(=O)N1S(=O)(=O)O,CHEMBL4184210,Bioorg Med Chem Lett,2018.0,CHEMBL158,AZTREONAM,CHEMBL158,0,http://www.openphacts.org/units/MicrogramPerMilliliter,3069226,=,1,1,=,MIC,ug.mL-1,32.0,CHEMBL348,Pseudomonas aeruginosa,Pseudomonas aeruginosa,287.0,,MIC,ug ml-1,UO_0000274,32.0,CHEMBL158,C[C@H]1[C@H](NC(=O)/C(=N\OC(C)(C)C(=O)O)c2csc(N)n2)C(=O)N1S(=O)(=O)O,12.562141912320484,12.562141912320484,0.0349535856009066,-4.756268639419342,0.174788224513646,20.5,435.44000000000017,418.30400000000014,435.051854504,154,0,0.3620751467724121,-0.4782270320177159,0.4782270320177159,0.3620751467724121,1.4642857142857142,2.071428571428572,2.5,32.24529764273617,10.00401161573638,2.513331128805475,-2.416338874010568,2.230948535260857,-2.707807208919476,7.836563836647012,-0.1608446168429468,2.971847309732629,2.2592762983237704,953.8851353067348,21.43879310982592,14.8114553779692,16.444448539824652,12.752743308167698,7.578995896792942,9.855612118054724,6.221230582074894,8.399971119282888,3.730567932227123,5.414072402778615,2.1128455580549623,3.54351374163482,-2.78,690205.5939907836,21.519292322605008,7.325918985638601,4.204134383579708,162.59031069995737,20.994572059745856,11.735768823996422,10.843243482610037,5.601050810983688,11.814359458703011,16.27347016397548,14.141824241834009,14.083731696315263,8.417796984328938,11.336785877934735,5.15571272675054,20.771211599071872,5.380062770465915,6.041840829147961,37.29827438881211,50.26785898322327,0.0,14.605983116249774,5.15571272675054,38.455944068351485,5.733667477162185,11.073990765314376,0.0,0.0,11.050456081168516,5.131558479839333,0.0,11.336785877934735,68.54635098380861,29.525365011975733,0.0,26.46513959392033,10.535775497216456,0.0,0.0,0.0,201.58,51.4842470947288,22.801408536544404,0.0,15.130702465984026,0.0,11.336785877934735,26.151274369537788,0.0,0.0,15.456479851704078,20.23053332942989,31.44978820569469,0.9796905422586336,44.39737831563419,16.334751159546904,3.256457088644816,-3.375611656986792,-2.3123389733980013,0.0,3.692820624691566,-4.756268639419342,0.4615384615384615,28,5,13,0,1,1,0,1,1,10,4,15,7,0,1,1,2,-1.172499999999998,95.65050000000004,1,0,0,1,0,1,0,0,1,1,3,2,0,0,0,3,1,1,0,0,0,0,0,0,0,0,0,2,0,1,0,0,0,0,0,0,0,0,0,0,0,0,0,0,0,0,0,0,0,0,0,0,0,1,0,0,0,0,0,0,0,0,0,1,0,0,0,0,0,0,0,0,0,0,0,0,0,0,0,0,1,0,0,0,0,287.0,Pseudomonas aeruginosa,Bacteria
116613,,18491949,CHEMBL4187497,Antimicrobial activity against Pseudomonas aeruginosa expressing delta-mexB/mexXY/delta-ampDh2/ delta-ampD by CLSI broth microdilution method,F,BAO_0002146,BAO_0000218,organism-based format,C[C@H]1[C@H](NC(=O)/C(=N\OC(C)(C)C(=O)O)c2csc(N)n2)C(=O)N1S(=O)(=O)O,CHEMBL4184210,Bioorg Med Chem Lett,2018.0,CHEMBL158,AZTREONAM,CHEMBL158,0,http://www.openphacts.org/units/MicrogramPerMilliliter,3069226,>,1,1,>,MIC,ug.mL-1,64.0,CHEMBL348,Pseudomonas aeruginosa,Pseudomonas aeruginosa,287.0,,MIC,ug ml-1,UO_0000274,64.0,CHEMBL158,C[C@H]1[C@H](NC(=O)/C(=N\OC(C)(C)C(=O)O)c2csc(N)n2)C(=O)N1S(=O)(=O)O,12.562141912320484,12.562141912320484,0.0349535856009066,-4.756268639419342,0.174788224513646,20.5,435.44000000000017,418.30400000000014,435.051854504,154,0,0.3620751467724121,-0.4782270320177159,0.4782270320177159,0.3620751467724121,1.4642857142857142,2.071428571428572,2.5,32.24529764273617,10.00401161573638,2.513331128805475,-2.416338874010568,2.230948535260857,-2.707807208919476,7.836563836647012,-0.1608446168429468,2.971847309732629,2.2592762983237704,953.8851353067348,21.43879310982592,14.8114553779692,16.444448539824652,12.752743308167698,7.578995896792942,9.855612118054724,6.221230582074894,8.399971119282888,3.730567932227123,5.414072402778615,2.1128455580549623,3.54351374163482,-2.78,690205.5939907836,21.519292322605008,7.325918985638601,4.204134383579708,162.59031069995737,20.994572059745856,11.735768823996422,10.843243482610037,5.601050810983688,11.814359458703011,16.27347016397548,14.141824241834009,14.083731696315263,8.417796984328938,11.336785877934735,5.15571272675054,20.771211599071872,5.380062770465915,6.041840829147961,37.29827438881211,50.26785898322327,0.0,14.605983116249774,5.15571272675054,38.455944068351485,5.733667477162185,11.073990765314376,0.0,0.0,11.050456081168516,5.131558479839333,0.0,11.336785877934735,68.54635098380861,29.525365011975733,0.0,26.46513959392033,10.535775497216456,0.0,0.0,0.0,201.58,51.4842470947288,22.801408536544404,0.0,15.130702465984026,0.0,11.336785877934735,26.151274369537788,0.0,0.0,15.456479851704078,20.23053332942989,31.44978820569469,0.9796905422586336,44.39737831563419,16.334751159546904,3.256457088644816,-3.375611656986792,-2.3123389733980013,0.0,3.692820624691566,-4.756268639419342,0.4615384615384615,28,5,13,0,1,1,0,1,1,10,4,15,7,0,1,1,2,-1.172499999999998,95.65050000000004,1,0,0,1,0,1,0,0,1,1,3,2,0,0,0,3,1,1,0,0,0,0,0,0,0,0,0,2,0,1,0,0,0,0,0,0,0,0,0,0,0,0,0,0,0,0,0,0,0,0,0,0,0,1,0,0,0,0,0,0,0,0,0,1,0,0,0,0,0,0,0,0,0,0,0,0,0,0,0,0,1,0,0,0,0,287.0,Pseudomonas aeruginosa,Bacteria
116613,,18491949,CHEMBL4187497,Antimicrobial activity against Pseudomonas aeruginosa expressing delta-mexB/mexXY/delta-ampDh2/ delta-ampD by CLSI broth microdilution method,F,BAO_0002146,BAO_0000218,organism-based format,C[C@H]1[C@H](NC(=O)/C(=N\OC(C)(C)C(=O)O)c2csc(N)n2)C(=O)N1S(=O)(=O)O,CHEMBL4184210,Bioorg Med Chem Lett,2018.0,CHEMBL158,AZTREONAM,CHEMBL158,0,http://www.openphacts.org/units/MicrogramPerMilliliter,3069226,>,1,1,>,MIC,ug.mL-1,64.0,CHEMBL348,Pseudomonas aeruginosa,Pseudomonas aeruginosa,287.0,,MIC,ug ml-1,UO_0000274,64.0,CHEMBL158,C[C@H]1[C@H](NC(=O)/C(=N\OC(C)(C)C(=O)O)c2csc(N)n2)C(=O)N1S(=O)(=O)O,12.562141912320484,12.562141912320484,0.0349535856009066,-4.756268639419342,0.174788224513646,20.5,435.44000000000017,418.30400000000014,435.051854504,154,0,0.3620751467724121,-0.4782270320177159,0.4782270320177159,0.3620751467724121,1.4642857142857142,2.071428571428572,2.5,32.24529764273617,10.00401161573638,2.513331128805475,-2.416338874010568,2.230948535260857,-2.707807208919476,7.836563836647012,-0.1608446168429468,2.971847309732629,2.2592762983237704,953.8851353067348,21.43879310982592,14.8114553779692,16.444448539824652,12.752743308167698,7.578995896792942,9.855612118054724,6.221230582074894,8.399971119282888,3.730567932227123,5.414072402778615,2.1128455580549623,3.54351374163482,-2.78,690205.5939907836,21.519292322605008,7.325918985638601,4.204134383579708,162.59031069995737,20.994572059745856,11.735768823996422,10.843243482610037,5.601050810983688,11.814359458703011,16.27347016397548,14.141824241834009,14.083731696315263,8.417796984328938,11.336785877934735,5.15571272675054,20.771211599071872,5.380062770465915,6.041840829147961,37.29827438881211,50.26785898322327,0.0,14.605983116249774,5.15571272675054,38.455944068351485,5.733667477162185,11.073990765314376,0.0,0.0,11.050456081168516,5.131558479839333,0.0,11.336785877934735,68.54635098380861,29.525365011975733,0.0,26.46513959392033,10.535775497216456,0.0,0.0,0.0,201.58,51.4842470947288,22.801408536544404,0.0,15.130702465984026,0.0,11.336785877934735,26.151274369537788,0.0,0.0,15.456479851704078,20.23053332942989,31.44978820569469,0.9796905422586336,44.39737831563419,16.334751159546904,3.256457088644816,-3.375611656986792,-2.3123389733980013,0.0,3.692820624691566,-4.756268639419342,0.4615384615384615,28,5,13,0,1,1,0,1,1,10,4,15,7,0,1,1,2,-1.172499999999998,95.65050000000004,1,0,0,1,0,1,0,0,1,1,3,2,0,0,0,3,1,1,0,0,0,0,0,0,0,0,0,2,0,1,0,0,0,0,0,0,0,0,0,0,0,0,0,0,0,0,0,0,0,0,0,0,0,1,0,0,0,0,0,0,0,0,0,1,0,0,0,0,0,0,0,0,0,0,0,0,0,0,0,0,1,0,0,0,0,287.0,Pseudomonas aeruginosa,Bacteria
116613,,18491949,CHEMBL4187497,Antimicrobial activity against Pseudomonas aeruginosa expressing delta-mexB/mexXY/delta-ampDh2/ delta-ampD by CLSI broth microdilution method,F,BAO_0002146,BAO_0000218,organism-based format,C[C@H]1[C@H](NC(=O)/C(=N\OC(C)(C)C(=O)O)c2csc(N)n2)C(=O)N1S(=O)(=O)O,CHEMBL4184210,Bioorg Med Chem Lett,2018.0,CHEMBL158,AZTREONAM,CHEMBL158,0,http://www.openphacts.org/units/MicrogramPerMilliliter,3069226,>,1,1,>,MIC,ug.mL-1,64.0,CHEMBL348,Pseudomonas aeruginosa,Pseudomonas aeruginosa,287.0,,MIC,ug ml-1,UO_0000274,64.0,CHEMBL158,C[C@H]1[C@H](NC(=O)/C(=N\OC(C)(C)C(=O)O)c2csc(N)n2)C(=O)N1S(=O)(=O)O,12.562141912320484,12.562141912320484,0.0349535856009066,-4.756268639419342,0.174788224513646,20.5,435.44000000000017,418.30400000000014,435.051854504,154,0,0.3620751467724121,-0.4782270320177159,0.4782270320177159,0.3620751467724121,1.4642857142857142,2.071428571428572,2.5,32.24529764273617,10.00401161573638,2.513331128805475,-2.416338874010568,2.230948535260857,-2.707807208919476,7.836563836647012,-0.1608446168429468,2.971847309732629,2.2592762983237704,953.8851353067348,21.43879310982592,14.8114553779692,16.444448539824652,12.752743308167698,7.578995896792942,9.855612118054724,6.221230582074894,8.399971119282888,3.730567932227123,5.414072402778615,2.1128455580549623,3.54351374163482,-2.78,690205.5939907836,21.519292322605008,7.325918985638601,4.204134383579708,162.59031069995737,20.994572059745856,11.735768823996422,10.843243482610037,5.601050810983688,11.814359458703011,16.27347016397548,14.141824241834009,14.083731696315263,8.417796984328938,11.336785877934735,5.15571272675054,20.771211599071872,5.380062770465915,6.041840829147961,37.29827438881211,50.26785898322327,0.0,14.605983116249774,5.15571272675054,38.455944068351485,5.733667477162185,11.073990765314376,0.0,0.0,11.050456081168516,5.131558479839333,0.0,11.336785877934735,68.54635098380861,29.525365011975733,0.0,26.46513959392033,10.535775497216456,0.0,0.0,0.0,201.58,51.4842470947288,22.801408536544404,0.0,15.130702465984026,0.0,11.336785877934735,26.151274369537788,0.0,0.0,15.456479851704078,20.23053332942989,31.44978820569469,0.9796905422586336,44.39737831563419,16.334751159546904,3.256457088644816,-3.375611656986792,-2.3123389733980013,0.0,3.692820624691566,-4.756268639419342,0.4615384615384615,28,5,13,0,1,1,0,1,1,10,4,15,7,0,1,1,2,-1.172499999999998,95.65050000000004,1,0,0,1,0,1,0,0,1,1,3,2,0,0,0,3,1,1,0,0,0,0,0,0,0,0,0,2,0,1,0,0,0,0,0,0,0,0,0,0,0,0,0,0,0,0,0,0,0,0,0,0,0,1,0,0,0,0,0,0,0,0,0,1,0,0,0,0,0,0,0,0,0,0,0,0,0,0,0,0,1,0,0,0,0,287.0,Pseudomonas aeruginosa,Bacteria
116614,,18491985,CHEMBL4187510,"Half life in rat at 10 mg/kg, iv",A,BAO_0002115,BAO_0000218,organism-based format,C[C@H]1[C@H](NC(=O)/C(=N\OC(C)(C)C(=O)O)c2csc(N)n2)C(=O)N1S(=O)(=O)O,CHEMBL4184210,Bioorg Med Chem Lett,2018.0,CHEMBL158,AZTREONAM,CHEMBL158,0,http://qudt.org/vocab/unit#Hour,3069226,=,1,1,=,T1/2,hr,0.5,CHEMBL376,Rattus norvegicus,Rattus norvegicus,10116.0,,t1/2,hr,UO_0000032,0.5,CHEMBL158,C[C@H]1[C@H](NC(=O)/C(=N\OC(C)(C)C(=O)O)c2csc(N)n2)C(=O)N1S(=O)(=O)O,12.562141912320484,12.562141912320484,0.0349535856009066,-4.756268639419342,0.174788224513646,20.5,435.44000000000017,418.30400000000014,435.051854504,154,0,0.3620751467724121,-0.4782270320177159,0.4782270320177159,0.3620751467724121,1.4642857142857142,2.071428571428572,2.5,32.24529764273617,10.00401161573638,2.513331128805475,-2.416338874010568,2.230948535260857,-2.707807208919476,7.836563836647012,-0.1608446168429468,2.971847309732629,2.2592762983237704,953.8851353067348,21.43879310982592,14.8114553779692,16.444448539824652,12.752743308167698,7.578995896792942,9.855612118054724,6.221230582074894,8.399971119282888,3.730567932227123,5.414072402778615,2.1128455580549623,3.54351374163482,-2.78,690205.5939907836,21.519292322605008,7.325918985638601,4.204134383579708,162.59031069995737,20.994572059745856,11.735768823996422,10.843243482610037,5.601050810983688,11.814359458703011,16.27347016397548,14.141824241834009,14.083731696315263,8.417796984328938,11.336785877934735,5.15571272675054,20.771211599071872,5.380062770465915,6.041840829147961,37.29827438881211,50.26785898322327,0.0,14.605983116249774,5.15571272675054,38.455944068351485,5.733667477162185,11.073990765314376,0.0,0.0,11.050456081168516,5.131558479839333,0.0,11.336785877934735,68.54635098380861,29.525365011975733,0.0,26.46513959392033,10.535775497216456,0.0,0.0,0.0,201.58,51.4842470947288,22.801408536544404,0.0,15.130702465984026,0.0,11.336785877934735,26.151274369537788,0.0,0.0,15.456479851704078,20.23053332942989,31.44978820569469,0.9796905422586336,44.39737831563419,16.334751159546904,3.256457088644816,-3.375611656986792,-2.3123389733980013,0.0,3.692820624691566,-4.756268639419342,0.4615384615384615,28,5,13,0,1,1,0,1,1,10,4,15,7,0,1,1,2,-1.172499999999998,95.65050000000004,1,0,0,1,0,1,0,0,1,1,3,2,0,0,0,3,1,1,0,0,0,0,0,0,0,0,0,2,0,1,0,0,0,0,0,0,0,0,0,0,0,0,0,0,0,0,0,0,0,0,0,0,0,1,0,0,0,0,0,0,0,0,0,1,0,0,0,0,0,0,0,0,0,0,0,0,0,0,0,0,1,0,0,0,0,10116.0,Rattus norvegicus,Eukaryota
116615,,18491987,CHEMBL4187511,"Half life in dog at 10 mg/kg, iv",A,BAO_0002115,BAO_0000218,organism-based format,C[C@H]1[C@H](NC(=O)/C(=N\OC(C)(C)C(=O)O)c2csc(N)n2)C(=O)N1S(=O)(=O)O,CHEMBL4184210,Bioorg Med Chem Lett,2018.0,CHEMBL158,AZTREONAM,CHEMBL158,0,http://qudt.org/vocab/unit#Hour,3069226,=,1,1,=,T1/2,hr,0.7,CHEMBL373,Canis lupus,Canis familiaris,9615.0,,t1/2,hr,UO_0000032,0.7,CHEMBL158,C[C@H]1[C@H](NC(=O)/C(=N\OC(C)(C)C(=O)O)c2csc(N)n2)C(=O)N1S(=O)(=O)O,12.562141912320484,12.562141912320484,0.0349535856009066,-4.756268639419342,0.174788224513646,20.5,435.44000000000017,418.30400000000014,435.051854504,154,0,0.3620751467724121,-0.4782270320177159,0.4782270320177159,0.3620751467724121,1.4642857142857142,2.071428571428572,2.5,32.24529764273617,10.00401161573638,2.513331128805475,-2.416338874010568,2.230948535260857,-2.707807208919476,7.836563836647012,-0.1608446168429468,2.971847309732629,2.2592762983237704,953.8851353067348,21.43879310982592,14.8114553779692,16.444448539824652,12.752743308167698,7.578995896792942,9.855612118054724,6.221230582074894,8.399971119282888,3.730567932227123,5.414072402778615,2.1128455580549623,3.54351374163482,-2.78,690205.5939907836,21.519292322605008,7.325918985638601,4.204134383579708,162.59031069995737,20.994572059745856,11.735768823996422,10.843243482610037,5.601050810983688,11.814359458703011,16.27347016397548,14.141824241834009,14.083731696315263,8.417796984328938,11.336785877934735,5.15571272675054,20.771211599071872,5.380062770465915,6.041840829147961,37.29827438881211,50.26785898322327,0.0,14.605983116249774,5.15571272675054,38.455944068351485,5.733667477162185,11.073990765314376,0.0,0.0,11.050456081168516,5.131558479839333,0.0,11.336785877934735,68.54635098380861,29.525365011975733,0.0,26.46513959392033,10.535775497216456,0.0,0.0,0.0,201.58,51.4842470947288,22.801408536544404,0.0,15.130702465984026,0.0,11.336785877934735,26.151274369537788,0.0,0.0,15.456479851704078,20.23053332942989,31.44978820569469,0.9796905422586336,44.39737831563419,16.334751159546904,3.256457088644816,-3.375611656986792,-2.3123389733980013,0.0,3.692820624691566,-4.756268639419342,0.4615384615384615,28,5,13,0,1,1,0,1,1,10,4,15,7,0,1,1,2,-1.172499999999998,95.65050000000004,1,0,0,1,0,1,0,0,1,1,3,2,0,0,0,3,1,1,0,0,0,0,0,0,0,0,0,2,0,1,0,0,0,0,0,0,0,0,0,0,0,0,0,0,0,0,0,0,0,0,0,0,0,1,0,0,0,0,0,0,0,0,0,1,0,0,0,0,0,0,0,0,0,0,0,0,0,0,0,0,1,0,0,0,0,9612.0,Canis lupus,Eukaryota
116616,,18491991,CHEMBL4187514,"AUC in rat at 10 mg/kg, iv",A,BAO_0002120,BAO_0000218,organism-based format,C[C@H]1[C@H](NC(=O)/C(=N\OC(C)(C)C(=O)O)c2csc(N)n2)C(=O)N1S(=O)(=O)O,CHEMBL4184210,Bioorg Med Chem Lett,2018.0,CHEMBL158,AZTREONAM,CHEMBL158,0,,3069226,=,1,1,=,AUC,ng.hr.mL-1,13000.0,CHEMBL376,Rattus norvegicus,Rattus norvegicus,10116.0,,AUC,ug.hr/ml,,13.0,CHEMBL158,C[C@H]1[C@H](NC(=O)/C(=N\OC(C)(C)C(=O)O)c2csc(N)n2)C(=O)N1S(=O)(=O)O,12.562141912320484,12.562141912320484,0.0349535856009066,-4.756268639419342,0.174788224513646,20.5,435.44000000000017,418.30400000000014,435.051854504,154,0,0.3620751467724121,-0.4782270320177159,0.4782270320177159,0.3620751467724121,1.4642857142857142,2.071428571428572,2.5,32.24529764273617,10.00401161573638,2.513331128805475,-2.416338874010568,2.230948535260857,-2.707807208919476,7.836563836647012,-0.1608446168429468,2.971847309732629,2.2592762983237704,953.8851353067348,21.43879310982592,14.8114553779692,16.444448539824652,12.752743308167698,7.578995896792942,9.855612118054724,6.221230582074894,8.399971119282888,3.730567932227123,5.414072402778615,2.1128455580549623,3.54351374163482,-2.78,690205.5939907836,21.519292322605008,7.325918985638601,4.204134383579708,162.59031069995737,20.994572059745856,11.735768823996422,10.843243482610037,5.601050810983688,11.814359458703011,16.27347016397548,14.141824241834009,14.083731696315263,8.417796984328938,11.336785877934735,5.15571272675054,20.771211599071872,5.380062770465915,6.041840829147961,37.29827438881211,50.26785898322327,0.0,14.605983116249774,5.15571272675054,38.455944068351485,5.733667477162185,11.073990765314376,0.0,0.0,11.050456081168516,5.131558479839333,0.0,11.336785877934735,68.54635098380861,29.525365011975733,0.0,26.46513959392033,10.535775497216456,0.0,0.0,0.0,201.58,51.4842470947288,22.801408536544404,0.0,15.130702465984026,0.0,11.336785877934735,26.151274369537788,0.0,0.0,15.456479851704078,20.23053332942989,31.44978820569469,0.9796905422586336,44.39737831563419,16.334751159546904,3.256457088644816,-3.375611656986792,-2.3123389733980013,0.0,3.692820624691566,-4.756268639419342,0.4615384615384615,28,5,13,0,1,1,0,1,1,10,4,15,7,0,1,1,2,-1.172499999999998,95.65050000000004,1,0,0,1,0,1,0,0,1,1,3,2,0,0,0,3,1,1,0,0,0,0,0,0,0,0,0,2,0,1,0,0,0,0,0,0,0,0,0,0,0,0,0,0,0,0,0,0,0,0,0,0,0,1,0,0,0,0,0,0,0,0,0,1,0,0,0,0,0,0,0,0,0,0,0,0,0,0,0,0,1,0,0,0,0,10116.0,Rattus norvegicus,Eukaryota
116617,,18491993,CHEMBL4187515,"AUC in dog at 10 mg/kg, iv",A,BAO_0002120,BAO_0000218,organism-based format,C[C@H]1[C@H](NC(=O)/C(=N\OC(C)(C)C(=O)O)c2csc(N)n2)C(=O)N1S(=O)(=O)O,CHEMBL4184210,Bioorg Med Chem Lett,2018.0,CHEMBL158,AZTREONAM,CHEMBL158,0,,3069226,=,1,1,=,AUC,ng.hr.mL-1,13000.0,CHEMBL373,Canis lupus,Canis familiaris,9615.0,,AUC,ug.hr/ml,,13.0,CHEMBL158,C[C@H]1[C@H](NC(=O)/C(=N\OC(C)(C)C(=O)O)c2csc(N)n2)C(=O)N1S(=O)(=O)O,12.562141912320484,12.562141912320484,0.0349535856009066,-4.756268639419342,0.174788224513646,20.5,435.44000000000017,418.30400000000014,435.051854504,154,0,0.3620751467724121,-0.4782270320177159,0.4782270320177159,0.3620751467724121,1.4642857142857142,2.071428571428572,2.5,32.24529764273617,10.00401161573638,2.513331128805475,-2.416338874010568,2.230948535260857,-2.707807208919476,7.836563836647012,-0.1608446168429468,2.971847309732629,2.2592762983237704,953.8851353067348,21.43879310982592,14.8114553779692,16.444448539824652,12.752743308167698,7.578995896792942,9.855612118054724,6.221230582074894,8.399971119282888,3.730567932227123,5.414072402778615,2.1128455580549623,3.54351374163482,-2.78,690205.5939907836,21.519292322605008,7.325918985638601,4.204134383579708,162.59031069995737,20.994572059745856,11.735768823996422,10.843243482610037,5.601050810983688,11.814359458703011,16.27347016397548,14.141824241834009,14.083731696315263,8.417796984328938,11.336785877934735,5.15571272675054,20.771211599071872,5.380062770465915,6.041840829147961,37.29827438881211,50.26785898322327,0.0,14.605983116249774,5.15571272675054,38.455944068351485,5.733667477162185,11.073990765314376,0.0,0.0,11.050456081168516,5.131558479839333,0.0,11.336785877934735,68.54635098380861,29.525365011975733,0.0,26.46513959392033,10.535775497216456,0.0,0.0,0.0,201.58,51.4842470947288,22.801408536544404,0.0,15.130702465984026,0.0,11.336785877934735,26.151274369537788,0.0,0.0,15.456479851704078,20.23053332942989,31.44978820569469,0.9796905422586336,44.39737831563419,16.334751159546904,3.256457088644816,-3.375611656986792,-2.3123389733980013,0.0,3.692820624691566,-4.756268639419342,0.4615384615384615,28,5,13,0,1,1,0,1,1,10,4,15,7,0,1,1,2,-1.172499999999998,95.65050000000004,1,0,0,1,0,1,0,0,1,1,3,2,0,0,0,3,1,1,0,0,0,0,0,0,0,0,0,2,0,1,0,0,0,0,0,0,0,0,0,0,0,0,0,0,0,0,0,0,0,0,0,0,0,1,0,0,0,0,0,0,0,0,0,1,0,0,0,0,0,0,0,0,0,0,0,0,0,0,0,0,1,0,0,0,0,9612.0,Canis lupus,Eukaryota
116618,,18492003,CHEMBL4187522,"Clearance in rat at 10 mg/kg, iv",A,BAO_0002759,BAO_0000218,organism-based format,C[C@H]1[C@H](NC(=O)/C(=N\OC(C)(C)C(=O)O)c2csc(N)n2)C(=O)N1S(=O)(=O)O,CHEMBL4184210,Bioorg Med Chem Lett,2018.0,CHEMBL158,AZTREONAM,CHEMBL158,0,,3069226,=,1,1,=,CL,mL.min-1.kg-1,13.0,CHEMBL376,Rattus norvegicus,Rattus norvegicus,10116.0,,CL,ml/min.kg,,13.0,CHEMBL158,C[C@H]1[C@H](NC(=O)/C(=N\OC(C)(C)C(=O)O)c2csc(N)n2)C(=O)N1S(=O)(=O)O,12.562141912320484,12.562141912320484,0.0349535856009066,-4.756268639419342,0.174788224513646,20.5,435.44000000000017,418.30400000000014,435.051854504,154,0,0.3620751467724121,-0.4782270320177159,0.4782270320177159,0.3620751467724121,1.4642857142857142,2.071428571428572,2.5,32.24529764273617,10.00401161573638,2.513331128805475,-2.416338874010568,2.230948535260857,-2.707807208919476,7.836563836647012,-0.1608446168429468,2.971847309732629,2.2592762983237704,953.8851353067348,21.43879310982592,14.8114553779692,16.444448539824652,12.752743308167698,7.578995896792942,9.855612118054724,6.221230582074894,8.399971119282888,3.730567932227123,5.414072402778615,2.1128455580549623,3.54351374163482,-2.78,690205.5939907836,21.519292322605008,7.325918985638601,4.204134383579708,162.59031069995737,20.994572059745856,11.735768823996422,10.843243482610037,5.601050810983688,11.814359458703011,16.27347016397548,14.141824241834009,14.083731696315263,8.417796984328938,11.336785877934735,5.15571272675054,20.771211599071872,5.380062770465915,6.041840829147961,37.29827438881211,50.26785898322327,0.0,14.605983116249774,5.15571272675054,38.455944068351485,5.733667477162185,11.073990765314376,0.0,0.0,11.050456081168516,5.131558479839333,0.0,11.336785877934735,68.54635098380861,29.525365011975733,0.0,26.46513959392033,10.535775497216456,0.0,0.0,0.0,201.58,51.4842470947288,22.801408536544404,0.0,15.130702465984026,0.0,11.336785877934735,26.151274369537788,0.0,0.0,15.456479851704078,20.23053332942989,31.44978820569469,0.9796905422586336,44.39737831563419,16.334751159546904,3.256457088644816,-3.375611656986792,-2.3123389733980013,0.0,3.692820624691566,-4.756268639419342,0.4615384615384615,28,5,13,0,1,1,0,1,1,10,4,15,7,0,1,1,2,-1.172499999999998,95.65050000000004,1,0,0,1,0,1,0,0,1,1,3,2,0,0,0,3,1,1,0,0,0,0,0,0,0,0,0,2,0,1,0,0,0,0,0,0,0,0,0,0,0,0,0,0,0,0,0,0,0,0,0,0,0,1,0,0,0,0,0,0,0,0,0,1,0,0,0,0,0,0,0,0,0,0,0,0,0,0,0,0,1,0,0,0,0,10116.0,Rattus norvegicus,Eukaryota
116619,,18492005,CHEMBL4187523,"Clearance in dog at 10 mg/kg, iv",A,BAO_0002759,BAO_0000218,organism-based format,C[C@H]1[C@H](NC(=O)/C(=N\OC(C)(C)C(=O)O)c2csc(N)n2)C(=O)N1S(=O)(=O)O,CHEMBL4184210,Bioorg Med Chem Lett,2018.0,CHEMBL158,AZTREONAM,CHEMBL158,0,,3069226,=,1,1,=,CL,mL.min-1.kg-1,4.0,CHEMBL373,Canis lupus,Canis familiaris,9615.0,,CL,ml/min.kg,,4.0,CHEMBL158,C[C@H]1[C@H](NC(=O)/C(=N\OC(C)(C)C(=O)O)c2csc(N)n2)C(=O)N1S(=O)(=O)O,12.562141912320484,12.562141912320484,0.0349535856009066,-4.756268639419342,0.174788224513646,20.5,435.44000000000017,418.30400000000014,435.051854504,154,0,0.3620751467724121,-0.4782270320177159,0.4782270320177159,0.3620751467724121,1.4642857142857142,2.071428571428572,2.5,32.24529764273617,10.00401161573638,2.513331128805475,-2.416338874010568,2.230948535260857,-2.707807208919476,7.836563836647012,-0.1608446168429468,2.971847309732629,2.2592762983237704,953.8851353067348,21.43879310982592,14.8114553779692,16.444448539824652,12.752743308167698,7.578995896792942,9.855612118054724,6.221230582074894,8.399971119282888,3.730567932227123,5.414072402778615,2.1128455580549623,3.54351374163482,-2.78,690205.5939907836,21.519292322605008,7.325918985638601,4.204134383579708,162.59031069995737,20.994572059745856,11.735768823996422,10.843243482610037,5.601050810983688,11.814359458703011,16.27347016397548,14.141824241834009,14.083731696315263,8.417796984328938,11.336785877934735,5.15571272675054,20.771211599071872,5.380062770465915,6.041840829147961,37.29827438881211,50.26785898322327,0.0,14.605983116249774,5.15571272675054,38.455944068351485,5.733667477162185,11.073990765314376,0.0,0.0,11.050456081168516,5.131558479839333,0.0,11.336785877934735,68.54635098380861,29.525365011975733,0.0,26.46513959392033,10.535775497216456,0.0,0.0,0.0,201.58,51.4842470947288,22.801408536544404,0.0,15.130702465984026,0.0,11.336785877934735,26.151274369537788,0.0,0.0,15.456479851704078,20.23053332942989,31.44978820569469,0.9796905422586336,44.39737831563419,16.334751159546904,3.256457088644816,-3.375611656986792,-2.3123389733980013,0.0,3.692820624691566,-4.756268639419342,0.4615384615384615,28,5,13,0,1,1,0,1,1,10,4,15,7,0,1,1,2,-1.172499999999998,95.65050000000004,1,0,0,1,0,1,0,0,1,1,3,2,0,0,0,3,1,1,0,0,0,0,0,0,0,0,0,2,0,1,0,0,0,0,0,0,0,0,0,0,0,0,0,0,0,0,0,0,0,0,0,0,0,1,0,0,0,0,0,0,0,0,0,1,0,0,0,0,0,0,0,0,0,0,0,0,0,0,0,0,1,0,0,0,0,9612.0,Canis lupus,Eukaryota
116620,,18492007,CHEMBL4187524,Antimicrobial activity against Klebsiella pneumoniae expressing beta-lactamase NDM-1 by CLSI broth microdilution method,F,BAO_0002146,BAO_0000218,organism-based format,C[C@H]1[C@H](NC(=O)/C(=N\OC(C)(C)C(=O)O)c2csc(N)n2)C(=O)N1S(=O)(=O)O,CHEMBL4184210,Bioorg Med Chem Lett,2018.0,CHEMBL158,AZTREONAM,CHEMBL158,0,http://www.openphacts.org/units/MicrogramPerMilliliter,3069226,>,1,1,>,MIC,ug.mL-1,64.0,CHEMBL350,Klebsiella pneumoniae,Klebsiella pneumoniae,573.0,,MIC,ug ml-1,UO_0000274,64.0,CHEMBL158,C[C@H]1[C@H](NC(=O)/C(=N\OC(C)(C)C(=O)O)c2csc(N)n2)C(=O)N1S(=O)(=O)O,12.562141912320484,12.562141912320484,0.0349535856009066,-4.756268639419342,0.174788224513646,20.5,435.44000000000017,418.30400000000014,435.051854504,154,0,0.3620751467724121,-0.4782270320177159,0.4782270320177159,0.3620751467724121,1.4642857142857142,2.071428571428572,2.5,32.24529764273617,10.00401161573638,2.513331128805475,-2.416338874010568,2.230948535260857,-2.707807208919476,7.836563836647012,-0.1608446168429468,2.971847309732629,2.2592762983237704,953.8851353067348,21.43879310982592,14.8114553779692,16.444448539824652,12.752743308167698,7.578995896792942,9.855612118054724,6.221230582074894,8.399971119282888,3.730567932227123,5.414072402778615,2.1128455580549623,3.54351374163482,-2.78,690205.5939907836,21.519292322605008,7.325918985638601,4.204134383579708,162.59031069995737,20.994572059745856,11.735768823996422,10.843243482610037,5.601050810983688,11.814359458703011,16.27347016397548,14.141824241834009,14.083731696315263,8.417796984328938,11.336785877934735,5.15571272675054,20.771211599071872,5.380062770465915,6.041840829147961,37.29827438881211,50.26785898322327,0.0,14.605983116249774,5.15571272675054,38.455944068351485,5.733667477162185,11.073990765314376,0.0,0.0,11.050456081168516,5.131558479839333,0.0,11.336785877934735,68.54635098380861,29.525365011975733,0.0,26.46513959392033,10.535775497216456,0.0,0.0,0.0,201.58,51.4842470947288,22.801408536544404,0.0,15.130702465984026,0.0,11.336785877934735,26.151274369537788,0.0,0.0,15.456479851704078,20.23053332942989,31.44978820569469,0.9796905422586336,44.39737831563419,16.334751159546904,3.256457088644816,-3.375611656986792,-2.3123389733980013,0.0,3.692820624691566,-4.756268639419342,0.4615384615384615,28,5,13,0,1,1,0,1,1,10,4,15,7,0,1,1,2,-1.172499999999998,95.65050000000004,1,0,0,1,0,1,0,0,1,1,3,2,0,0,0,3,1,1,0,0,0,0,0,0,0,0,0,2,0,1,0,0,0,0,0,0,0,0,0,0,0,0,0,0,0,0,0,0,0,0,0,0,0,1,0,0,0,0,0,0,0,0,0,1,0,0,0,0,0,0,0,0,0,0,0,0,0,0,0,0,1,0,0,0,0,573.0,Klebsiella pneumoniae,Bacteria
116620,,18492007,CHEMBL4187524,Antimicrobial activity against Klebsiella pneumoniae expressing beta-lactamase NDM-1 by CLSI broth microdilution method,F,BAO_0002146,BAO_0000218,organism-based format,C[C@H]1[C@H](NC(=O)/C(=N\OC(C)(C)C(=O)O)c2csc(N)n2)C(=O)N1S(=O)(=O)O,CHEMBL4184210,Bioorg Med Chem Lett,2018.0,CHEMBL158,AZTREONAM,CHEMBL158,0,http://www.openphacts.org/units/MicrogramPerMilliliter,3069226,>,1,1,>,MIC,ug.mL-1,64.0,CHEMBL350,Klebsiella pneumoniae,Klebsiella pneumoniae,573.0,,MIC,ug ml-1,UO_0000274,64.0,CHEMBL158,C[C@H]1[C@H](NC(=O)/C(=N\OC(C)(C)C(=O)O)c2csc(N)n2)C(=O)N1S(=O)(=O)O,12.562141912320484,12.562141912320484,0.0349535856009066,-4.756268639419342,0.174788224513646,20.5,435.44000000000017,418.30400000000014,435.051854504,154,0,0.3620751467724121,-0.4782270320177159,0.4782270320177159,0.3620751467724121,1.4642857142857142,2.071428571428572,2.5,32.24529764273617,10.00401161573638,2.513331128805475,-2.416338874010568,2.230948535260857,-2.707807208919476,7.836563836647012,-0.1608446168429468,2.971847309732629,2.2592762983237704,953.8851353067348,21.43879310982592,14.8114553779692,16.444448539824652,12.752743308167698,7.578995896792942,9.855612118054724,6.221230582074894,8.399971119282888,3.730567932227123,5.414072402778615,2.1128455580549623,3.54351374163482,-2.78,690205.5939907836,21.519292322605008,7.325918985638601,4.204134383579708,162.59031069995737,20.994572059745856,11.735768823996422,10.843243482610037,5.601050810983688,11.814359458703011,16.27347016397548,14.141824241834009,14.083731696315263,8.417796984328938,11.336785877934735,5.15571272675054,20.771211599071872,5.380062770465915,6.041840829147961,37.29827438881211,50.26785898322327,0.0,14.605983116249774,5.15571272675054,38.455944068351485,5.733667477162185,11.073990765314376,0.0,0.0,11.050456081168516,5.131558479839333,0.0,11.336785877934735,68.54635098380861,29.525365011975733,0.0,26.46513959392033,10.535775497216456,0.0,0.0,0.0,201.58,51.4842470947288,22.801408536544404,0.0,15.130702465984026,0.0,11.336785877934735,26.151274369537788,0.0,0.0,15.456479851704078,20.23053332942989,31.44978820569469,0.9796905422586336,44.39737831563419,16.334751159546904,3.256457088644816,-3.375611656986792,-2.3123389733980013,0.0,3.692820624691566,-4.756268639419342,0.4615384615384615,28,5,13,0,1,1,0,1,1,10,4,15,7,0,1,1,2,-1.172499999999998,95.65050000000004,1,0,0,1,0,1,0,0,1,1,3,2,0,0,0,3,1,1,0,0,0,0,0,0,0,0,0,2,0,1,0,0,0,0,0,0,0,0,0,0,0,0,0,0,0,0,0,0,0,0,0,0,0,1,0,0,0,0,0,0,0,0,0,1,0,0,0,0,0,0,0,0,0,0,0,0,0,0,0,0,1,0,0,0,0,573.0,Klebsiella pneumoniae,Bacteria
116621,,18659950,CHEMBL4231968,Antibacterial activity against new delhi metallo-beta-lactamase-1 harboring Enterobacter cloacae 13-1 after 18 hrs by CLSI broth microdilution method,F,BAO_0002146,BAO_0000218,organism-based format,C[C@H]1[C@H](NC(=O)/C(=N\OC(C)(C)C(=O)O)c2csc(N)n2)C(=O)N1S(=O)(=O)O,CHEMBL4229379,Eur J Med Chem,2018.0,CHEMBL158,AZTREONAM,CHEMBL158,0,http://www.openphacts.org/units/MicrogramPerMilliliter,3099160,>,1,1,>,MIC,ug.mL-1,128.0,CHEMBL349,Enterobacter cloacae,Enterobacter cloacae,550.0,,MIC,ug ml-1,UO_0000274,128.0,CHEMBL158,C[C@H]1[C@H](NC(=O)/C(=N\OC(C)(C)C(=O)O)c2csc(N)n2)C(=O)N1S(=O)(=O)O,12.562141912320484,12.562141912320484,0.0349535856009066,-4.756268639419342,0.174788224513646,20.5,435.44000000000017,418.30400000000014,435.051854504,154,0,0.3620751467724121,-0.4782270320177159,0.4782270320177159,0.3620751467724121,1.4642857142857142,2.071428571428572,2.5,32.24529764273617,10.00401161573638,2.513331128805475,-2.416338874010568,2.230948535260857,-2.707807208919476,7.836563836647012,-0.1608446168429468,2.971847309732629,2.2592762983237704,953.8851353067348,21.43879310982592,14.8114553779692,16.444448539824652,12.752743308167698,7.578995896792942,9.855612118054724,6.221230582074894,8.399971119282888,3.730567932227123,5.414072402778615,2.1128455580549623,3.54351374163482,-2.78,690205.5939907836,21.519292322605008,7.325918985638601,4.204134383579708,162.59031069995737,20.994572059745856,11.735768823996422,10.843243482610037,5.601050810983688,11.814359458703011,16.27347016397548,14.141824241834009,14.083731696315263,8.417796984328938,11.336785877934735,5.15571272675054,20.771211599071872,5.380062770465915,6.041840829147961,37.29827438881211,50.26785898322327,0.0,14.605983116249774,5.15571272675054,38.455944068351485,5.733667477162185,11.073990765314376,0.0,0.0,11.050456081168516,5.131558479839333,0.0,11.336785877934735,68.54635098380861,29.525365011975733,0.0,26.46513959392033,10.535775497216456,0.0,0.0,0.0,201.58,51.4842470947288,22.801408536544404,0.0,15.130702465984026,0.0,11.336785877934735,26.151274369537788,0.0,0.0,15.456479851704078,20.23053332942989,31.44978820569469,0.9796905422586336,44.39737831563419,16.334751159546904,3.256457088644816,-3.375611656986792,-2.3123389733980013,0.0,3.692820624691566,-4.756268639419342,0.4615384615384615,28,5,13,0,1,1,0,1,1,10,4,15,7,0,1,1,2,-1.172499999999998,95.65050000000004,1,0,0,1,0,1,0,0,1,1,3,2,0,0,0,3,1,1,0,0,0,0,0,0,0,0,0,2,0,1,0,0,0,0,0,0,0,0,0,0,0,0,0,0,0,0,0,0,0,0,0,0,0,1,0,0,0,0,0,0,0,0,0,1,0,0,0,0,0,0,0,0,0,0,0,0,0,0,0,0,1,0,0,0,0,550.0,Enterobacter cloacae,Bacteria
116622,,18659951,CHEMBL4231967,Antibacterial activity against new delhi metallo-beta-lactamase-1 harboring Enterobacter cloacae CDC1000654 after 18 hrs by CLSI broth microdilution method,F,BAO_0002146,BAO_0000218,organism-based format,C[C@H]1[C@H](NC(=O)/C(=N\OC(C)(C)C(=O)O)c2csc(N)n2)C(=O)N1S(=O)(=O)O,CHEMBL4229379,Eur J Med Chem,2018.0,CHEMBL158,AZTREONAM,CHEMBL158,0,http://www.openphacts.org/units/MicrogramPerMilliliter,3099160,>,1,1,>,MIC,ug.mL-1,128.0,CHEMBL349,Enterobacter cloacae,Enterobacter cloacae,550.0,,MIC,ug ml-1,UO_0000274,128.0,CHEMBL158,C[C@H]1[C@H](NC(=O)/C(=N\OC(C)(C)C(=O)O)c2csc(N)n2)C(=O)N1S(=O)(=O)O,12.562141912320484,12.562141912320484,0.0349535856009066,-4.756268639419342,0.174788224513646,20.5,435.44000000000017,418.30400000000014,435.051854504,154,0,0.3620751467724121,-0.4782270320177159,0.4782270320177159,0.3620751467724121,1.4642857142857142,2.071428571428572,2.5,32.24529764273617,10.00401161573638,2.513331128805475,-2.416338874010568,2.230948535260857,-2.707807208919476,7.836563836647012,-0.1608446168429468,2.971847309732629,2.2592762983237704,953.8851353067348,21.43879310982592,14.8114553779692,16.444448539824652,12.752743308167698,7.578995896792942,9.855612118054724,6.221230582074894,8.399971119282888,3.730567932227123,5.414072402778615,2.1128455580549623,3.54351374163482,-2.78,690205.5939907836,21.519292322605008,7.325918985638601,4.204134383579708,162.59031069995737,20.994572059745856,11.735768823996422,10.843243482610037,5.601050810983688,11.814359458703011,16.27347016397548,14.141824241834009,14.083731696315263,8.417796984328938,11.336785877934735,5.15571272675054,20.771211599071872,5.380062770465915,6.041840829147961,37.29827438881211,50.26785898322327,0.0,14.605983116249774,5.15571272675054,38.455944068351485,5.733667477162185,11.073990765314376,0.0,0.0,11.050456081168516,5.131558479839333,0.0,11.336785877934735,68.54635098380861,29.525365011975733,0.0,26.46513959392033,10.535775497216456,0.0,0.0,0.0,201.58,51.4842470947288,22.801408536544404,0.0,15.130702465984026,0.0,11.336785877934735,26.151274369537788,0.0,0.0,15.456479851704078,20.23053332942989,31.44978820569469,0.9796905422586336,44.39737831563419,16.334751159546904,3.256457088644816,-3.375611656986792,-2.3123389733980013,0.0,3.692820624691566,-4.756268639419342,0.4615384615384615,28,5,13,0,1,1,0,1,1,10,4,15,7,0,1,1,2,-1.172499999999998,95.65050000000004,1,0,0,1,0,1,0,0,1,1,3,2,0,0,0,3,1,1,0,0,0,0,0,0,0,0,0,2,0,1,0,0,0,0,0,0,0,0,0,0,0,0,0,0,0,0,0,0,0,0,0,0,0,1,0,0,0,0,0,0,0,0,0,1,0,0,0,0,0,0,0,0,0,0,0,0,0,0,0,0,1,0,0,0,0,550.0,Enterobacter cloacae,Bacteria
116623,,18659952,CHEMBL4231966,Antibacterial activity against carbapenem-resistant Enterobacter aerogenes 11-4 after 18 hrs by CLSI broth microdilution method,F,BAO_0002146,BAO_0000218,organism-based format,C[C@H]1[C@H](NC(=O)/C(=N\OC(C)(C)C(=O)O)c2csc(N)n2)C(=O)N1S(=O)(=O)O,CHEMBL4229379,Eur J Med Chem,2018.0,CHEMBL158,AZTREONAM,CHEMBL158,0,http://www.openphacts.org/units/MicrogramPerMilliliter,3099160,>,1,1,>,MIC,ug.mL-1,128.0,CHEMBL612508,Klebsiella aerogenes,Klebsiella aerogenes,548.0,,MIC,ug ml-1,UO_0000274,128.0,CHEMBL158,C[C@H]1[C@H](NC(=O)/C(=N\OC(C)(C)C(=O)O)c2csc(N)n2)C(=O)N1S(=O)(=O)O,12.562141912320484,12.562141912320484,0.0349535856009066,-4.756268639419342,0.174788224513646,20.5,435.44000000000017,418.30400000000014,435.051854504,154,0,0.3620751467724121,-0.4782270320177159,0.4782270320177159,0.3620751467724121,1.4642857142857142,2.071428571428572,2.5,32.24529764273617,10.00401161573638,2.513331128805475,-2.416338874010568,2.230948535260857,-2.707807208919476,7.836563836647012,-0.1608446168429468,2.971847309732629,2.2592762983237704,953.8851353067348,21.43879310982592,14.8114553779692,16.444448539824652,12.752743308167698,7.578995896792942,9.855612118054724,6.221230582074894,8.399971119282888,3.730567932227123,5.414072402778615,2.1128455580549623,3.54351374163482,-2.78,690205.5939907836,21.519292322605008,7.325918985638601,4.204134383579708,162.59031069995737,20.994572059745856,11.735768823996422,10.843243482610037,5.601050810983688,11.814359458703011,16.27347016397548,14.141824241834009,14.083731696315263,8.417796984328938,11.336785877934735,5.15571272675054,20.771211599071872,5.380062770465915,6.041840829147961,37.29827438881211,50.26785898322327,0.0,14.605983116249774,5.15571272675054,38.455944068351485,5.733667477162185,11.073990765314376,0.0,0.0,11.050456081168516,5.131558479839333,0.0,11.336785877934735,68.54635098380861,29.525365011975733,0.0,26.46513959392033,10.535775497216456,0.0,0.0,0.0,201.58,51.4842470947288,22.801408536544404,0.0,15.130702465984026,0.0,11.336785877934735,26.151274369537788,0.0,0.0,15.456479851704078,20.23053332942989,31.44978820569469,0.9796905422586336,44.39737831563419,16.334751159546904,3.256457088644816,-3.375611656986792,-2.3123389733980013,0.0,3.692820624691566,-4.756268639419342,0.4615384615384615,28,5,13,0,1,1,0,1,1,10,4,15,7,0,1,1,2,-1.172499999999998,95.65050000000004,1,0,0,1,0,1,0,0,1,1,3,2,0,0,0,3,1,1,0,0,0,0,0,0,0,0,0,2,0,1,0,0,0,0,0,0,0,0,0,0,0,0,0,0,0,0,0,0,0,0,0,0,0,1,0,0,0,0,0,0,0,0,0,1,0,0,0,0,0,0,0,0,0,0,0,0,0,0,0,0,1,0,0,0,0,548.0,Klebsiella aerogenes,Bacteria
116624,,18659953,CHEMBL4231965,Antibacterial activity against carbapenem-resistant Acinetobacter calcoaceticus 12-6 after 18 hrs by CLSI broth microdilution method,F,BAO_0002146,BAO_0000218,organism-based format,C[C@H]1[C@H](NC(=O)/C(=N\OC(C)(C)C(=O)O)c2csc(N)n2)C(=O)N1S(=O)(=O)O,CHEMBL4229379,Eur J Med Chem,2018.0,CHEMBL158,AZTREONAM,CHEMBL158,0,http://www.openphacts.org/units/MicrogramPerMilliliter,3099160,>,1,1,>,MIC,ug.mL-1,128.0,CHEMBL614426,Acinetobacter calcoaceticus,Acinetobacter calcoaceticus,471.0,,MIC,ug ml-1,UO_0000274,128.0,CHEMBL158,C[C@H]1[C@H](NC(=O)/C(=N\OC(C)(C)C(=O)O)c2csc(N)n2)C(=O)N1S(=O)(=O)O,12.562141912320484,12.562141912320484,0.0349535856009066,-4.756268639419342,0.174788224513646,20.5,435.44000000000017,418.30400000000014,435.051854504,154,0,0.3620751467724121,-0.4782270320177159,0.4782270320177159,0.3620751467724121,1.4642857142857142,2.071428571428572,2.5,32.24529764273617,10.00401161573638,2.513331128805475,-2.416338874010568,2.230948535260857,-2.707807208919476,7.836563836647012,-0.1608446168429468,2.971847309732629,2.2592762983237704,953.8851353067348,21.43879310982592,14.8114553779692,16.444448539824652,12.752743308167698,7.578995896792942,9.855612118054724,6.221230582074894,8.399971119282888,3.730567932227123,5.414072402778615,2.1128455580549623,3.54351374163482,-2.78,690205.5939907836,21.519292322605008,7.325918985638601,4.204134383579708,162.59031069995737,20.994572059745856,11.735768823996422,10.843243482610037,5.601050810983688,11.814359458703011,16.27347016397548,14.141824241834009,14.083731696315263,8.417796984328938,11.336785877934735,5.15571272675054,20.771211599071872,5.380062770465915,6.041840829147961,37.29827438881211,50.26785898322327,0.0,14.605983116249774,5.15571272675054,38.455944068351485,5.733667477162185,11.073990765314376,0.0,0.0,11.050456081168516,5.131558479839333,0.0,11.336785877934735,68.54635098380861,29.525365011975733,0.0,26.46513959392033,10.535775497216456,0.0,0.0,0.0,201.58,51.4842470947288,22.801408536544404,0.0,15.130702465984026,0.0,11.336785877934735,26.151274369537788,0.0,0.0,15.456479851704078,20.23053332942989,31.44978820569469,0.9796905422586336,44.39737831563419,16.334751159546904,3.256457088644816,-3.375611656986792,-2.3123389733980013,0.0,3.692820624691566,-4.756268639419342,0.4615384615384615,28,5,13,0,1,1,0,1,1,10,4,15,7,0,1,1,2,-1.172499999999998,95.65050000000004,1,0,0,1,0,1,0,0,1,1,3,2,0,0,0,3,1,1,0,0,0,0,0,0,0,0,0,2,0,1,0,0,0,0,0,0,0,0,0,0,0,0,0,0,0,0,0,0,0,0,0,0,0,1,0,0,0,0,0,0,0,0,0,1,0,0,0,0,0,0,0,0,0,0,0,0,0,0,0,0,1,0,0,0,0,471.0,Acinetobacter calcoaceticus,Bacteria
116624,,18659953,CHEMBL4231965,Antibacterial activity against carbapenem-resistant Acinetobacter calcoaceticus 12-6 after 18 hrs by CLSI broth microdilution method,F,BAO_0002146,BAO_0000218,organism-based format,C[C@H]1[C@H](NC(=O)/C(=N\OC(C)(C)C(=O)O)c2csc(N)n2)C(=O)N1S(=O)(=O)O,CHEMBL4229379,Eur J Med Chem,2018.0,CHEMBL158,AZTREONAM,CHEMBL158,0,http://www.openphacts.org/units/MicrogramPerMilliliter,3099160,>,1,1,>,MIC,ug.mL-1,128.0,CHEMBL614426,Acinetobacter calcoaceticus,Acinetobacter calcoaceticus,471.0,,MIC,ug ml-1,UO_0000274,128.0,CHEMBL158,C[C@H]1[C@H](NC(=O)/C(=N\OC(C)(C)C(=O)O)c2csc(N)n2)C(=O)N1S(=O)(=O)O,12.562141912320484,12.562141912320484,0.0349535856009066,-4.756268639419342,0.174788224513646,20.5,435.44000000000017,418.30400000000014,435.051854504,154,0,0.3620751467724121,-0.4782270320177159,0.4782270320177159,0.3620751467724121,1.4642857142857142,2.071428571428572,2.5,32.24529764273617,10.00401161573638,2.513331128805475,-2.416338874010568,2.230948535260857,-2.707807208919476,7.836563836647012,-0.1608446168429468,2.971847309732629,2.2592762983237704,953.8851353067348,21.43879310982592,14.8114553779692,16.444448539824652,12.752743308167698,7.578995896792942,9.855612118054724,6.221230582074894,8.399971119282888,3.730567932227123,5.414072402778615,2.1128455580549623,3.54351374163482,-2.78,690205.5939907836,21.519292322605008,7.325918985638601,4.204134383579708,162.59031069995737,20.994572059745856,11.735768823996422,10.843243482610037,5.601050810983688,11.814359458703011,16.27347016397548,14.141824241834009,14.083731696315263,8.417796984328938,11.336785877934735,5.15571272675054,20.771211599071872,5.380062770465915,6.041840829147961,37.29827438881211,50.26785898322327,0.0,14.605983116249774,5.15571272675054,38.455944068351485,5.733667477162185,11.073990765314376,0.0,0.0,11.050456081168516,5.131558479839333,0.0,11.336785877934735,68.54635098380861,29.525365011975733,0.0,26.46513959392033,10.535775497216456,0.0,0.0,0.0,201.58,51.4842470947288,22.801408536544404,0.0,15.130702465984026,0.0,11.336785877934735,26.151274369537788,0.0,0.0,15.456479851704078,20.23053332942989,31.44978820569469,0.9796905422586336,44.39737831563419,16.334751159546904,3.256457088644816,-3.375611656986792,-2.3123389733980013,0.0,3.692820624691566,-4.756268639419342,0.4615384615384615,28,5,13,0,1,1,0,1,1,10,4,15,7,0,1,1,2,-1.172499999999998,95.65050000000004,1,0,0,1,0,1,0,0,1,1,3,2,0,0,0,3,1,1,0,0,0,0,0,0,0,0,0,2,0,1,0,0,0,0,0,0,0,0,0,0,0,0,0,0,0,0,0,0,0,0,0,0,0,1,0,0,0,0,0,0,0,0,0,1,0,0,0,0,0,0,0,0,0,0,0,0,0,0,0,0,1,0,0,0,0,471.0,Acinetobacter calcoaceticus,Bacteria
116625,,18659954,CHEMBL4231964,Antibacterial activity against new delhi metallo-beta-lactamase-1 harboring Acinetobacter calcoaceticus 13-1 after 18 hrs by CLSI broth microdilution method,F,BAO_0002146,BAO_0000218,organism-based format,C[C@H]1[C@H](NC(=O)/C(=N\OC(C)(C)C(=O)O)c2csc(N)n2)C(=O)N1S(=O)(=O)O,CHEMBL4229379,Eur J Med Chem,2018.0,CHEMBL158,AZTREONAM,CHEMBL158,0,http://www.openphacts.org/units/MicrogramPerMilliliter,3099160,=,1,1,=,MIC,ug.mL-1,8.0,CHEMBL614426,Acinetobacter calcoaceticus,Acinetobacter calcoaceticus,471.0,,MIC,ug ml-1,UO_0000274,8.0,CHEMBL158,C[C@H]1[C@H](NC(=O)/C(=N\OC(C)(C)C(=O)O)c2csc(N)n2)C(=O)N1S(=O)(=O)O,12.562141912320484,12.562141912320484,0.0349535856009066,-4.756268639419342,0.174788224513646,20.5,435.44000000000017,418.30400000000014,435.051854504,154,0,0.3620751467724121,-0.4782270320177159,0.4782270320177159,0.3620751467724121,1.4642857142857142,2.071428571428572,2.5,32.24529764273617,10.00401161573638,2.513331128805475,-2.416338874010568,2.230948535260857,-2.707807208919476,7.836563836647012,-0.1608446168429468,2.971847309732629,2.2592762983237704,953.8851353067348,21.43879310982592,14.8114553779692,16.444448539824652,12.752743308167698,7.578995896792942,9.855612118054724,6.221230582074894,8.399971119282888,3.730567932227123,5.414072402778615,2.1128455580549623,3.54351374163482,-2.78,690205.5939907836,21.519292322605008,7.325918985638601,4.204134383579708,162.59031069995737,20.994572059745856,11.735768823996422,10.843243482610037,5.601050810983688,11.814359458703011,16.27347016397548,14.141824241834009,14.083731696315263,8.417796984328938,11.336785877934735,5.15571272675054,20.771211599071872,5.380062770465915,6.041840829147961,37.29827438881211,50.26785898322327,0.0,14.605983116249774,5.15571272675054,38.455944068351485,5.733667477162185,11.073990765314376,0.0,0.0,11.050456081168516,5.131558479839333,0.0,11.336785877934735,68.54635098380861,29.525365011975733,0.0,26.46513959392033,10.535775497216456,0.0,0.0,0.0,201.58,51.4842470947288,22.801408536544404,0.0,15.130702465984026,0.0,11.336785877934735,26.151274369537788,0.0,0.0,15.456479851704078,20.23053332942989,31.44978820569469,0.9796905422586336,44.39737831563419,16.334751159546904,3.256457088644816,-3.375611656986792,-2.3123389733980013,0.0,3.692820624691566,-4.756268639419342,0.4615384615384615,28,5,13,0,1,1,0,1,1,10,4,15,7,0,1,1,2,-1.172499999999998,95.65050000000004,1,0,0,1,0,1,0,0,1,1,3,2,0,0,0,3,1,1,0,0,0,0,0,0,0,0,0,2,0,1,0,0,0,0,0,0,0,0,0,0,0,0,0,0,0,0,0,0,0,0,0,0,0,1,0,0,0,0,0,0,0,0,0,1,0,0,0,0,0,0,0,0,0,0,0,0,0,0,0,0,1,0,0,0,0,471.0,Acinetobacter calcoaceticus,Bacteria
116625,,18659954,CHEMBL4231964,Antibacterial activity against new delhi metallo-beta-lactamase-1 harboring Acinetobacter calcoaceticus 13-1 after 18 hrs by CLSI broth microdilution method,F,BAO_0002146,BAO_0000218,organism-based format,C[C@H]1[C@H](NC(=O)/C(=N\OC(C)(C)C(=O)O)c2csc(N)n2)C(=O)N1S(=O)(=O)O,CHEMBL4229379,Eur J Med Chem,2018.0,CHEMBL158,AZTREONAM,CHEMBL158,0,http://www.openphacts.org/units/MicrogramPerMilliliter,3099160,=,1,1,=,MIC,ug.mL-1,8.0,CHEMBL614426,Acinetobacter calcoaceticus,Acinetobacter calcoaceticus,471.0,,MIC,ug ml-1,UO_0000274,8.0,CHEMBL158,C[C@H]1[C@H](NC(=O)/C(=N\OC(C)(C)C(=O)O)c2csc(N)n2)C(=O)N1S(=O)(=O)O,12.562141912320484,12.562141912320484,0.0349535856009066,-4.756268639419342,0.174788224513646,20.5,435.44000000000017,418.30400000000014,435.051854504,154,0,0.3620751467724121,-0.4782270320177159,0.4782270320177159,0.3620751467724121,1.4642857142857142,2.071428571428572,2.5,32.24529764273617,10.00401161573638,2.513331128805475,-2.416338874010568,2.230948535260857,-2.707807208919476,7.836563836647012,-0.1608446168429468,2.971847309732629,2.2592762983237704,953.8851353067348,21.43879310982592,14.8114553779692,16.444448539824652,12.752743308167698,7.578995896792942,9.855612118054724,6.221230582074894,8.399971119282888,3.730567932227123,5.414072402778615,2.1128455580549623,3.54351374163482,-2.78,690205.5939907836,21.519292322605008,7.325918985638601,4.204134383579708,162.59031069995737,20.994572059745856,11.735768823996422,10.843243482610037,5.601050810983688,11.814359458703011,16.27347016397548,14.141824241834009,14.083731696315263,8.417796984328938,11.336785877934735,5.15571272675054,20.771211599071872,5.380062770465915,6.041840829147961,37.29827438881211,50.26785898322327,0.0,14.605983116249774,5.15571272675054,38.455944068351485,5.733667477162185,11.073990765314376,0.0,0.0,11.050456081168516,5.131558479839333,0.0,11.336785877934735,68.54635098380861,29.525365011975733,0.0,26.46513959392033,10.535775497216456,0.0,0.0,0.0,201.58,51.4842470947288,22.801408536544404,0.0,15.130702465984026,0.0,11.336785877934735,26.151274369537788,0.0,0.0,15.456479851704078,20.23053332942989,31.44978820569469,0.9796905422586336,44.39737831563419,16.334751159546904,3.256457088644816,-3.375611656986792,-2.3123389733980013,0.0,3.692820624691566,-4.756268639419342,0.4615384615384615,28,5,13,0,1,1,0,1,1,10,4,15,7,0,1,1,2,-1.172499999999998,95.65050000000004,1,0,0,1,0,1,0,0,1,1,3,2,0,0,0,3,1,1,0,0,0,0,0,0,0,0,0,2,0,1,0,0,0,0,0,0,0,0,0,0,0,0,0,0,0,0,0,0,0,0,0,0,0,1,0,0,0,0,0,0,0,0,0,1,0,0,0,0,0,0,0,0,0,0,0,0,0,0,0,0,1,0,0,0,0,471.0,Acinetobacter calcoaceticus,Bacteria
116626,,18659955,CHEMBL4231963,Antibacterial activity against carbapenem-resistant Klebsiella pneumoniae 12-12 after 18 hrs by CLSI broth microdilution method,F,BAO_0002146,BAO_0000218,organism-based format,C[C@H]1[C@H](NC(=O)/C(=N\OC(C)(C)C(=O)O)c2csc(N)n2)C(=O)N1S(=O)(=O)O,CHEMBL4229379,Eur J Med Chem,2018.0,CHEMBL158,AZTREONAM,CHEMBL158,0,http://www.openphacts.org/units/MicrogramPerMilliliter,3099160,=,1,1,=,MIC,ug.mL-1,128.0,CHEMBL350,Klebsiella pneumoniae,Klebsiella pneumoniae,573.0,,MIC,ug ml-1,UO_0000274,128.0,CHEMBL158,C[C@H]1[C@H](NC(=O)/C(=N\OC(C)(C)C(=O)O)c2csc(N)n2)C(=O)N1S(=O)(=O)O,12.562141912320484,12.562141912320484,0.0349535856009066,-4.756268639419342,0.174788224513646,20.5,435.44000000000017,418.30400000000014,435.051854504,154,0,0.3620751467724121,-0.4782270320177159,0.4782270320177159,0.3620751467724121,1.4642857142857142,2.071428571428572,2.5,32.24529764273617,10.00401161573638,2.513331128805475,-2.416338874010568,2.230948535260857,-2.707807208919476,7.836563836647012,-0.1608446168429468,2.971847309732629,2.2592762983237704,953.8851353067348,21.43879310982592,14.8114553779692,16.444448539824652,12.752743308167698,7.578995896792942,9.855612118054724,6.221230582074894,8.399971119282888,3.730567932227123,5.414072402778615,2.1128455580549623,3.54351374163482,-2.78,690205.5939907836,21.519292322605008,7.325918985638601,4.204134383579708,162.59031069995737,20.994572059745856,11.735768823996422,10.843243482610037,5.601050810983688,11.814359458703011,16.27347016397548,14.141824241834009,14.083731696315263,8.417796984328938,11.336785877934735,5.15571272675054,20.771211599071872,5.380062770465915,6.041840829147961,37.29827438881211,50.26785898322327,0.0,14.605983116249774,5.15571272675054,38.455944068351485,5.733667477162185,11.073990765314376,0.0,0.0,11.050456081168516,5.131558479839333,0.0,11.336785877934735,68.54635098380861,29.525365011975733,0.0,26.46513959392033,10.535775497216456,0.0,0.0,0.0,201.58,51.4842470947288,22.801408536544404,0.0,15.130702465984026,0.0,11.336785877934735,26.151274369537788,0.0,0.0,15.456479851704078,20.23053332942989,31.44978820569469,0.9796905422586336,44.39737831563419,16.334751159546904,3.256457088644816,-3.375611656986792,-2.3123389733980013,0.0,3.692820624691566,-4.756268639419342,0.4615384615384615,28,5,13,0,1,1,0,1,1,10,4,15,7,0,1,1,2,-1.172499999999998,95.65050000000004,1,0,0,1,0,1,0,0,1,1,3,2,0,0,0,3,1,1,0,0,0,0,0,0,0,0,0,2,0,1,0,0,0,0,0,0,0,0,0,0,0,0,0,0,0,0,0,0,0,0,0,0,0,1,0,0,0,0,0,0,0,0,0,1,0,0,0,0,0,0,0,0,0,0,0,0,0,0,0,0,1,0,0,0,0,573.0,Klebsiella pneumoniae,Bacteria
116626,,18659955,CHEMBL4231963,Antibacterial activity against carbapenem-resistant Klebsiella pneumoniae 12-12 after 18 hrs by CLSI broth microdilution method,F,BAO_0002146,BAO_0000218,organism-based format,C[C@H]1[C@H](NC(=O)/C(=N\OC(C)(C)C(=O)O)c2csc(N)n2)C(=O)N1S(=O)(=O)O,CHEMBL4229379,Eur J Med Chem,2018.0,CHEMBL158,AZTREONAM,CHEMBL158,0,http://www.openphacts.org/units/MicrogramPerMilliliter,3099160,=,1,1,=,MIC,ug.mL-1,128.0,CHEMBL350,Klebsiella pneumoniae,Klebsiella pneumoniae,573.0,,MIC,ug ml-1,UO_0000274,128.0,CHEMBL158,C[C@H]1[C@H](NC(=O)/C(=N\OC(C)(C)C(=O)O)c2csc(N)n2)C(=O)N1S(=O)(=O)O,12.562141912320484,12.562141912320484,0.0349535856009066,-4.756268639419342,0.174788224513646,20.5,435.44000000000017,418.30400000000014,435.051854504,154,0,0.3620751467724121,-0.4782270320177159,0.4782270320177159,0.3620751467724121,1.4642857142857142,2.071428571428572,2.5,32.24529764273617,10.00401161573638,2.513331128805475,-2.416338874010568,2.230948535260857,-2.707807208919476,7.836563836647012,-0.1608446168429468,2.971847309732629,2.2592762983237704,953.8851353067348,21.43879310982592,14.8114553779692,16.444448539824652,12.752743308167698,7.578995896792942,9.855612118054724,6.221230582074894,8.399971119282888,3.730567932227123,5.414072402778615,2.1128455580549623,3.54351374163482,-2.78,690205.5939907836,21.519292322605008,7.325918985638601,4.204134383579708,162.59031069995737,20.994572059745856,11.735768823996422,10.843243482610037,5.601050810983688,11.814359458703011,16.27347016397548,14.141824241834009,14.083731696315263,8.417796984328938,11.336785877934735,5.15571272675054,20.771211599071872,5.380062770465915,6.041840829147961,37.29827438881211,50.26785898322327,0.0,14.605983116249774,5.15571272675054,38.455944068351485,5.733667477162185,11.073990765314376,0.0,0.0,11.050456081168516,5.131558479839333,0.0,11.336785877934735,68.54635098380861,29.525365011975733,0.0,26.46513959392033,10.535775497216456,0.0,0.0,0.0,201.58,51.4842470947288,22.801408536544404,0.0,15.130702465984026,0.0,11.336785877934735,26.151274369537788,0.0,0.0,15.456479851704078,20.23053332942989,31.44978820569469,0.9796905422586336,44.39737831563419,16.334751159546904,3.256457088644816,-3.375611656986792,-2.3123389733980013,0.0,3.692820624691566,-4.756268639419342,0.4615384615384615,28,5,13,0,1,1,0,1,1,10,4,15,7,0,1,1,2,-1.172499999999998,95.65050000000004,1,0,0,1,0,1,0,0,1,1,3,2,0,0,0,3,1,1,0,0,0,0,0,0,0,0,0,2,0,1,0,0,0,0,0,0,0,0,0,0,0,0,0,0,0,0,0,0,0,0,0,0,0,1,0,0,0,0,0,0,0,0,0,1,0,0,0,0,0,0,0,0,0,0,0,0,0,0,0,0,1,0,0,0,0,573.0,Klebsiella pneumoniae,Bacteria
116627,,18659956,CHEMBL4231962,Antibacterial activity against carbapenem-resistant Klebsiella pneumoniae 12-11 after 18 hrs by CLSI broth microdilution method,F,BAO_0002146,BAO_0000218,organism-based format,C[C@H]1[C@H](NC(=O)/C(=N\OC(C)(C)C(=O)O)c2csc(N)n2)C(=O)N1S(=O)(=O)O,CHEMBL4229379,Eur J Med Chem,2018.0,CHEMBL158,AZTREONAM,CHEMBL158,0,http://www.openphacts.org/units/MicrogramPerMilliliter,3099160,>,1,1,>,MIC,ug.mL-1,128.0,CHEMBL350,Klebsiella pneumoniae,Klebsiella pneumoniae,573.0,,MIC,ug ml-1,UO_0000274,128.0,CHEMBL158,C[C@H]1[C@H](NC(=O)/C(=N\OC(C)(C)C(=O)O)c2csc(N)n2)C(=O)N1S(=O)(=O)O,12.562141912320484,12.562141912320484,0.0349535856009066,-4.756268639419342,0.174788224513646,20.5,435.44000000000017,418.30400000000014,435.051854504,154,0,0.3620751467724121,-0.4782270320177159,0.4782270320177159,0.3620751467724121,1.4642857142857142,2.071428571428572,2.5,32.24529764273617,10.00401161573638,2.513331128805475,-2.416338874010568,2.230948535260857,-2.707807208919476,7.836563836647012,-0.1608446168429468,2.971847309732629,2.2592762983237704,953.8851353067348,21.43879310982592,14.8114553779692,16.444448539824652,12.752743308167698,7.578995896792942,9.855612118054724,6.221230582074894,8.399971119282888,3.730567932227123,5.414072402778615,2.1128455580549623,3.54351374163482,-2.78,690205.5939907836,21.519292322605008,7.325918985638601,4.204134383579708,162.59031069995737,20.994572059745856,11.735768823996422,10.843243482610037,5.601050810983688,11.814359458703011,16.27347016397548,14.141824241834009,14.083731696315263,8.417796984328938,11.336785877934735,5.15571272675054,20.771211599071872,5.380062770465915,6.041840829147961,37.29827438881211,50.26785898322327,0.0,14.605983116249774,5.15571272675054,38.455944068351485,5.733667477162185,11.073990765314376,0.0,0.0,11.050456081168516,5.131558479839333,0.0,11.336785877934735,68.54635098380861,29.525365011975733,0.0,26.46513959392033,10.535775497216456,0.0,0.0,0.0,201.58,51.4842470947288,22.801408536544404,0.0,15.130702465984026,0.0,11.336785877934735,26.151274369537788,0.0,0.0,15.456479851704078,20.23053332942989,31.44978820569469,0.9796905422586336,44.39737831563419,16.334751159546904,3.256457088644816,-3.375611656986792,-2.3123389733980013,0.0,3.692820624691566,-4.756268639419342,0.4615384615384615,28,5,13,0,1,1,0,1,1,10,4,15,7,0,1,1,2,-1.172499999999998,95.65050000000004,1,0,0,1,0,1,0,0,1,1,3,2,0,0,0,3,1,1,0,0,0,0,0,0,0,0,0,2,0,1,0,0,0,0,0,0,0,0,0,0,0,0,0,0,0,0,0,0,0,0,0,0,0,1,0,0,0,0,0,0,0,0,0,1,0,0,0,0,0,0,0,0,0,0,0,0,0,0,0,0,1,0,0,0,0,573.0,Klebsiella pneumoniae,Bacteria
116627,,18659956,CHEMBL4231962,Antibacterial activity against carbapenem-resistant Klebsiella pneumoniae 12-11 after 18 hrs by CLSI broth microdilution method,F,BAO_0002146,BAO_0000218,organism-based format,C[C@H]1[C@H](NC(=O)/C(=N\OC(C)(C)C(=O)O)c2csc(N)n2)C(=O)N1S(=O)(=O)O,CHEMBL4229379,Eur J Med Chem,2018.0,CHEMBL158,AZTREONAM,CHEMBL158,0,http://www.openphacts.org/units/MicrogramPerMilliliter,3099160,>,1,1,>,MIC,ug.mL-1,128.0,CHEMBL350,Klebsiella pneumoniae,Klebsiella pneumoniae,573.0,,MIC,ug ml-1,UO_0000274,128.0,CHEMBL158,C[C@H]1[C@H](NC(=O)/C(=N\OC(C)(C)C(=O)O)c2csc(N)n2)C(=O)N1S(=O)(=O)O,12.562141912320484,12.562141912320484,0.0349535856009066,-4.756268639419342,0.174788224513646,20.5,435.44000000000017,418.30400000000014,435.051854504,154,0,0.3620751467724121,-0.4782270320177159,0.4782270320177159,0.3620751467724121,1.4642857142857142,2.071428571428572,2.5,32.24529764273617,10.00401161573638,2.513331128805475,-2.416338874010568,2.230948535260857,-2.707807208919476,7.836563836647012,-0.1608446168429468,2.971847309732629,2.2592762983237704,953.8851353067348,21.43879310982592,14.8114553779692,16.444448539824652,12.752743308167698,7.578995896792942,9.855612118054724,6.221230582074894,8.399971119282888,3.730567932227123,5.414072402778615,2.1128455580549623,3.54351374163482,-2.78,690205.5939907836,21.519292322605008,7.325918985638601,4.204134383579708,162.59031069995737,20.994572059745856,11.735768823996422,10.843243482610037,5.601050810983688,11.814359458703011,16.27347016397548,14.141824241834009,14.083731696315263,8.417796984328938,11.336785877934735,5.15571272675054,20.771211599071872,5.380062770465915,6.041840829147961,37.29827438881211,50.26785898322327,0.0,14.605983116249774,5.15571272675054,38.455944068351485,5.733667477162185,11.073990765314376,0.0,0.0,11.050456081168516,5.131558479839333,0.0,11.336785877934735,68.54635098380861,29.525365011975733,0.0,26.46513959392033,10.535775497216456,0.0,0.0,0.0,201.58,51.4842470947288,22.801408536544404,0.0,15.130702465984026,0.0,11.336785877934735,26.151274369537788,0.0,0.0,15.456479851704078,20.23053332942989,31.44978820569469,0.9796905422586336,44.39737831563419,16.334751159546904,3.256457088644816,-3.375611656986792,-2.3123389733980013,0.0,3.692820624691566,-4.756268639419342,0.4615384615384615,28,5,13,0,1,1,0,1,1,10,4,15,7,0,1,1,2,-1.172499999999998,95.65050000000004,1,0,0,1,0,1,0,0,1,1,3,2,0,0,0,3,1,1,0,0,0,0,0,0,0,0,0,2,0,1,0,0,0,0,0,0,0,0,0,0,0,0,0,0,0,0,0,0,0,0,0,0,0,1,0,0,0,0,0,0,0,0,0,1,0,0,0,0,0,0,0,0,0,0,0,0,0,0,0,0,1,0,0,0,0,573.0,Klebsiella pneumoniae,Bacteria
116628,,18659957,CHEMBL4231961,Antibacterial activity against new delhi metallo-beta-lactamase-1 harboring Klebsiella pneumoniae 13-1 after 18 hrs by CLSI broth microdilution method,F,BAO_0002146,BAO_0000218,organism-based format,C[C@H]1[C@H](NC(=O)/C(=N\OC(C)(C)C(=O)O)c2csc(N)n2)C(=O)N1S(=O)(=O)O,CHEMBL4229379,Eur J Med Chem,2018.0,CHEMBL158,AZTREONAM,CHEMBL158,0,http://www.openphacts.org/units/MicrogramPerMilliliter,3099160,=,1,1,=,MIC,ug.mL-1,0.5,CHEMBL350,Klebsiella pneumoniae,Klebsiella pneumoniae,573.0,,MIC,ug ml-1,UO_0000274,0.5,CHEMBL158,C[C@H]1[C@H](NC(=O)/C(=N\OC(C)(C)C(=O)O)c2csc(N)n2)C(=O)N1S(=O)(=O)O,12.562141912320484,12.562141912320484,0.0349535856009066,-4.756268639419342,0.174788224513646,20.5,435.44000000000017,418.30400000000014,435.051854504,154,0,0.3620751467724121,-0.4782270320177159,0.4782270320177159,0.3620751467724121,1.4642857142857142,2.071428571428572,2.5,32.24529764273617,10.00401161573638,2.513331128805475,-2.416338874010568,2.230948535260857,-2.707807208919476,7.836563836647012,-0.1608446168429468,2.971847309732629,2.2592762983237704,953.8851353067348,21.43879310982592,14.8114553779692,16.444448539824652,12.752743308167698,7.578995896792942,9.855612118054724,6.221230582074894,8.399971119282888,3.730567932227123,5.414072402778615,2.1128455580549623,3.54351374163482,-2.78,690205.5939907836,21.519292322605008,7.325918985638601,4.204134383579708,162.59031069995737,20.994572059745856,11.735768823996422,10.843243482610037,5.601050810983688,11.814359458703011,16.27347016397548,14.141824241834009,14.083731696315263,8.417796984328938,11.336785877934735,5.15571272675054,20.771211599071872,5.380062770465915,6.041840829147961,37.29827438881211,50.26785898322327,0.0,14.605983116249774,5.15571272675054,38.455944068351485,5.733667477162185,11.073990765314376,0.0,0.0,11.050456081168516,5.131558479839333,0.0,11.336785877934735,68.54635098380861,29.525365011975733,0.0,26.46513959392033,10.535775497216456,0.0,0.0,0.0,201.58,51.4842470947288,22.801408536544404,0.0,15.130702465984026,0.0,11.336785877934735,26.151274369537788,0.0,0.0,15.456479851704078,20.23053332942989,31.44978820569469,0.9796905422586336,44.39737831563419,16.334751159546904,3.256457088644816,-3.375611656986792,-2.3123389733980013,0.0,3.692820624691566,-4.756268639419342,0.4615384615384615,28,5,13,0,1,1,0,1,1,10,4,15,7,0,1,1,2,-1.172499999999998,95.65050000000004,1,0,0,1,0,1,0,0,1,1,3,2,0,0,0,3,1,1,0,0,0,0,0,0,0,0,0,2,0,1,0,0,0,0,0,0,0,0,0,0,0,0,0,0,0,0,0,0,0,0,0,0,0,1,0,0,0,0,0,0,0,0,0,1,0,0,0,0,0,0,0,0,0,0,0,0,0,0,0,0,1,0,0,0,0,573.0,Klebsiella pneumoniae,Bacteria
116628,,18659957,CHEMBL4231961,Antibacterial activity against new delhi metallo-beta-lactamase-1 harboring Klebsiella pneumoniae 13-1 after 18 hrs by CLSI broth microdilution method,F,BAO_0002146,BAO_0000218,organism-based format,C[C@H]1[C@H](NC(=O)/C(=N\OC(C)(C)C(=O)O)c2csc(N)n2)C(=O)N1S(=O)(=O)O,CHEMBL4229379,Eur J Med Chem,2018.0,CHEMBL158,AZTREONAM,CHEMBL158,0,http://www.openphacts.org/units/MicrogramPerMilliliter,3099160,=,1,1,=,MIC,ug.mL-1,0.5,CHEMBL350,Klebsiella pneumoniae,Klebsiella pneumoniae,573.0,,MIC,ug ml-1,UO_0000274,0.5,CHEMBL158,C[C@H]1[C@H](NC(=O)/C(=N\OC(C)(C)C(=O)O)c2csc(N)n2)C(=O)N1S(=O)(=O)O,12.562141912320484,12.562141912320484,0.0349535856009066,-4.756268639419342,0.174788224513646,20.5,435.44000000000017,418.30400000000014,435.051854504,154,0,0.3620751467724121,-0.4782270320177159,0.4782270320177159,0.3620751467724121,1.4642857142857142,2.071428571428572,2.5,32.24529764273617,10.00401161573638,2.513331128805475,-2.416338874010568,2.230948535260857,-2.707807208919476,7.836563836647012,-0.1608446168429468,2.971847309732629,2.2592762983237704,953.8851353067348,21.43879310982592,14.8114553779692,16.444448539824652,12.752743308167698,7.578995896792942,9.855612118054724,6.221230582074894,8.399971119282888,3.730567932227123,5.414072402778615,2.1128455580549623,3.54351374163482,-2.78,690205.5939907836,21.519292322605008,7.325918985638601,4.204134383579708,162.59031069995737,20.994572059745856,11.735768823996422,10.843243482610037,5.601050810983688,11.814359458703011,16.27347016397548,14.141824241834009,14.083731696315263,8.417796984328938,11.336785877934735,5.15571272675054,20.771211599071872,5.380062770465915,6.041840829147961,37.29827438881211,50.26785898322327,0.0,14.605983116249774,5.15571272675054,38.455944068351485,5.733667477162185,11.073990765314376,0.0,0.0,11.050456081168516,5.131558479839333,0.0,11.336785877934735,68.54635098380861,29.525365011975733,0.0,26.46513959392033,10.535775497216456,0.0,0.0,0.0,201.58,51.4842470947288,22.801408536544404,0.0,15.130702465984026,0.0,11.336785877934735,26.151274369537788,0.0,0.0,15.456479851704078,20.23053332942989,31.44978820569469,0.9796905422586336,44.39737831563419,16.334751159546904,3.256457088644816,-3.375611656986792,-2.3123389733980013,0.0,3.692820624691566,-4.756268639419342,0.4615384615384615,28,5,13,0,1,1,0,1,1,10,4,15,7,0,1,1,2,-1.172499999999998,95.65050000000004,1,0,0,1,0,1,0,0,1,1,3,2,0,0,0,3,1,1,0,0,0,0,0,0,0,0,0,2,0,1,0,0,0,0,0,0,0,0,0,0,0,0,0,0,0,0,0,0,0,0,0,0,0,1,0,0,0,0,0,0,0,0,0,1,0,0,0,0,0,0,0,0,0,0,0,0,0,0,0,0,1,0,0,0,0,573.0,Klebsiella pneumoniae,Bacteria
116629,,18659958,CHEMBL4231959,Antibacterial activity against extended-spectrum beta-lactamase harboring Escherichia coli 13-1 after 18 hrs by CLSI broth microdilution method,F,BAO_0002146,BAO_0000218,organism-based format,C[C@H]1[C@H](NC(=O)/C(=N\OC(C)(C)C(=O)O)c2csc(N)n2)C(=O)N1S(=O)(=O)O,CHEMBL4229379,Eur J Med Chem,2018.0,CHEMBL158,AZTREONAM,CHEMBL158,0,http://www.openphacts.org/units/MicrogramPerMilliliter,3099160,>,1,1,>,MIC,ug.mL-1,128.0,CHEMBL354,Escherichia coli,Escherichia coli,562.0,,MIC,ug ml-1,UO_0000274,128.0,CHEMBL158,C[C@H]1[C@H](NC(=O)/C(=N\OC(C)(C)C(=O)O)c2csc(N)n2)C(=O)N1S(=O)(=O)O,12.562141912320484,12.562141912320484,0.0349535856009066,-4.756268639419342,0.174788224513646,20.5,435.44000000000017,418.30400000000014,435.051854504,154,0,0.3620751467724121,-0.4782270320177159,0.4782270320177159,0.3620751467724121,1.4642857142857142,2.071428571428572,2.5,32.24529764273617,10.00401161573638,2.513331128805475,-2.416338874010568,2.230948535260857,-2.707807208919476,7.836563836647012,-0.1608446168429468,2.971847309732629,2.2592762983237704,953.8851353067348,21.43879310982592,14.8114553779692,16.444448539824652,12.752743308167698,7.578995896792942,9.855612118054724,6.221230582074894,8.399971119282888,3.730567932227123,5.414072402778615,2.1128455580549623,3.54351374163482,-2.78,690205.5939907836,21.519292322605008,7.325918985638601,4.204134383579708,162.59031069995737,20.994572059745856,11.735768823996422,10.843243482610037,5.601050810983688,11.814359458703011,16.27347016397548,14.141824241834009,14.083731696315263,8.417796984328938,11.336785877934735,5.15571272675054,20.771211599071872,5.380062770465915,6.041840829147961,37.29827438881211,50.26785898322327,0.0,14.605983116249774,5.15571272675054,38.455944068351485,5.733667477162185,11.073990765314376,0.0,0.0,11.050456081168516,5.131558479839333,0.0,11.336785877934735,68.54635098380861,29.525365011975733,0.0,26.46513959392033,10.535775497216456,0.0,0.0,0.0,201.58,51.4842470947288,22.801408536544404,0.0,15.130702465984026,0.0,11.336785877934735,26.151274369537788,0.0,0.0,15.456479851704078,20.23053332942989,31.44978820569469,0.9796905422586336,44.39737831563419,16.334751159546904,3.256457088644816,-3.375611656986792,-2.3123389733980013,0.0,3.692820624691566,-4.756268639419342,0.4615384615384615,28,5,13,0,1,1,0,1,1,10,4,15,7,0,1,1,2,-1.172499999999998,95.65050000000004,1,0,0,1,0,1,0,0,1,1,3,2,0,0,0,3,1,1,0,0,0,0,0,0,0,0,0,2,0,1,0,0,0,0,0,0,0,0,0,0,0,0,0,0,0,0,0,0,0,0,0,0,0,1,0,0,0,0,0,0,0,0,0,1,0,0,0,0,0,0,0,0,0,0,0,0,0,0,0,0,1,0,0,0,0,562.0,Escherichia coli,Bacteria
116629,,18659958,CHEMBL4231959,Antibacterial activity against extended-spectrum beta-lactamase harboring Escherichia coli 13-1 after 18 hrs by CLSI broth microdilution method,F,BAO_0002146,BAO_0000218,organism-based format,C[C@H]1[C@H](NC(=O)/C(=N\OC(C)(C)C(=O)O)c2csc(N)n2)C(=O)N1S(=O)(=O)O,CHEMBL4229379,Eur J Med Chem,2018.0,CHEMBL158,AZTREONAM,CHEMBL158,0,http://www.openphacts.org/units/MicrogramPerMilliliter,3099160,>,1,1,>,MIC,ug.mL-1,128.0,CHEMBL354,Escherichia coli,Escherichia coli,562.0,,MIC,ug ml-1,UO_0000274,128.0,CHEMBL158,C[C@H]1[C@H](NC(=O)/C(=N\OC(C)(C)C(=O)O)c2csc(N)n2)C(=O)N1S(=O)(=O)O,12.562141912320484,12.562141912320484,0.0349535856009066,-4.756268639419342,0.174788224513646,20.5,435.44000000000017,418.30400000000014,435.051854504,154,0,0.3620751467724121,-0.4782270320177159,0.4782270320177159,0.3620751467724121,1.4642857142857142,2.071428571428572,2.5,32.24529764273617,10.00401161573638,2.513331128805475,-2.416338874010568,2.230948535260857,-2.707807208919476,7.836563836647012,-0.1608446168429468,2.971847309732629,2.2592762983237704,953.8851353067348,21.43879310982592,14.8114553779692,16.444448539824652,12.752743308167698,7.578995896792942,9.855612118054724,6.221230582074894,8.399971119282888,3.730567932227123,5.414072402778615,2.1128455580549623,3.54351374163482,-2.78,690205.5939907836,21.519292322605008,7.325918985638601,4.204134383579708,162.59031069995737,20.994572059745856,11.735768823996422,10.843243482610037,5.601050810983688,11.814359458703011,16.27347016397548,14.141824241834009,14.083731696315263,8.417796984328938,11.336785877934735,5.15571272675054,20.771211599071872,5.380062770465915,6.041840829147961,37.29827438881211,50.26785898322327,0.0,14.605983116249774,5.15571272675054,38.455944068351485,5.733667477162185,11.073990765314376,0.0,0.0,11.050456081168516,5.131558479839333,0.0,11.336785877934735,68.54635098380861,29.525365011975733,0.0,26.46513959392033,10.535775497216456,0.0,0.0,0.0,201.58,51.4842470947288,22.801408536544404,0.0,15.130702465984026,0.0,11.336785877934735,26.151274369537788,0.0,0.0,15.456479851704078,20.23053332942989,31.44978820569469,0.9796905422586336,44.39737831563419,16.334751159546904,3.256457088644816,-3.375611656986792,-2.3123389733980013,0.0,3.692820624691566,-4.756268639419342,0.4615384615384615,28,5,13,0,1,1,0,1,1,10,4,15,7,0,1,1,2,-1.172499999999998,95.65050000000004,1,0,0,1,0,1,0,0,1,1,3,2,0,0,0,3,1,1,0,0,0,0,0,0,0,0,0,2,0,1,0,0,0,0,0,0,0,0,0,0,0,0,0,0,0,0,0,0,0,0,0,0,0,1,0,0,0,0,0,0,0,0,0,1,0,0,0,0,0,0,0,0,0,0,0,0,0,0,0,0,1,0,0,0,0,562.0,Escherichia coli,Bacteria
116629,,18659958,CHEMBL4231959,Antibacterial activity against extended-spectrum beta-lactamase harboring Escherichia coli 13-1 after 18 hrs by CLSI broth microdilution method,F,BAO_0002146,BAO_0000218,organism-based format,C[C@H]1[C@H](NC(=O)/C(=N\OC(C)(C)C(=O)O)c2csc(N)n2)C(=O)N1S(=O)(=O)O,CHEMBL4229379,Eur J Med Chem,2018.0,CHEMBL158,AZTREONAM,CHEMBL158,0,http://www.openphacts.org/units/MicrogramPerMilliliter,3099160,>,1,1,>,MIC,ug.mL-1,128.0,CHEMBL354,Escherichia coli,Escherichia coli,562.0,,MIC,ug ml-1,UO_0000274,128.0,CHEMBL158,C[C@H]1[C@H](NC(=O)/C(=N\OC(C)(C)C(=O)O)c2csc(N)n2)C(=O)N1S(=O)(=O)O,12.562141912320484,12.562141912320484,0.0349535856009066,-4.756268639419342,0.174788224513646,20.5,435.44000000000017,418.30400000000014,435.051854504,154,0,0.3620751467724121,-0.4782270320177159,0.4782270320177159,0.3620751467724121,1.4642857142857142,2.071428571428572,2.5,32.24529764273617,10.00401161573638,2.513331128805475,-2.416338874010568,2.230948535260857,-2.707807208919476,7.836563836647012,-0.1608446168429468,2.971847309732629,2.2592762983237704,953.8851353067348,21.43879310982592,14.8114553779692,16.444448539824652,12.752743308167698,7.578995896792942,9.855612118054724,6.221230582074894,8.399971119282888,3.730567932227123,5.414072402778615,2.1128455580549623,3.54351374163482,-2.78,690205.5939907836,21.519292322605008,7.325918985638601,4.204134383579708,162.59031069995737,20.994572059745856,11.735768823996422,10.843243482610037,5.601050810983688,11.814359458703011,16.27347016397548,14.141824241834009,14.083731696315263,8.417796984328938,11.336785877934735,5.15571272675054,20.771211599071872,5.380062770465915,6.041840829147961,37.29827438881211,50.26785898322327,0.0,14.605983116249774,5.15571272675054,38.455944068351485,5.733667477162185,11.073990765314376,0.0,0.0,11.050456081168516,5.131558479839333,0.0,11.336785877934735,68.54635098380861,29.525365011975733,0.0,26.46513959392033,10.535775497216456,0.0,0.0,0.0,201.58,51.4842470947288,22.801408536544404,0.0,15.130702465984026,0.0,11.336785877934735,26.151274369537788,0.0,0.0,15.456479851704078,20.23053332942989,31.44978820569469,0.9796905422586336,44.39737831563419,16.334751159546904,3.256457088644816,-3.375611656986792,-2.3123389733980013,0.0,3.692820624691566,-4.756268639419342,0.4615384615384615,28,5,13,0,1,1,0,1,1,10,4,15,7,0,1,1,2,-1.172499999999998,95.65050000000004,1,0,0,1,0,1,0,0,1,1,3,2,0,0,0,3,1,1,0,0,0,0,0,0,0,0,0,2,0,1,0,0,0,0,0,0,0,0,0,0,0,0,0,0,0,0,0,0,0,0,0,0,0,1,0,0,0,0,0,0,0,0,0,1,0,0,0,0,0,0,0,0,0,0,0,0,0,0,0,0,1,0,0,0,0,562.0,Escherichia coli,Bacteria
116629,,18659958,CHEMBL4231959,Antibacterial activity against extended-spectrum beta-lactamase harboring Escherichia coli 13-1 after 18 hrs by CLSI broth microdilution method,F,BAO_0002146,BAO_0000218,organism-based format,C[C@H]1[C@H](NC(=O)/C(=N\OC(C)(C)C(=O)O)c2csc(N)n2)C(=O)N1S(=O)(=O)O,CHEMBL4229379,Eur J Med Chem,2018.0,CHEMBL158,AZTREONAM,CHEMBL158,0,http://www.openphacts.org/units/MicrogramPerMilliliter,3099160,>,1,1,>,MIC,ug.mL-1,128.0,CHEMBL354,Escherichia coli,Escherichia coli,562.0,,MIC,ug ml-1,UO_0000274,128.0,CHEMBL158,C[C@H]1[C@H](NC(=O)/C(=N\OC(C)(C)C(=O)O)c2csc(N)n2)C(=O)N1S(=O)(=O)O,12.562141912320484,12.562141912320484,0.0349535856009066,-4.756268639419342,0.174788224513646,20.5,435.44000000000017,418.30400000000014,435.051854504,154,0,0.3620751467724121,-0.4782270320177159,0.4782270320177159,0.3620751467724121,1.4642857142857142,2.071428571428572,2.5,32.24529764273617,10.00401161573638,2.513331128805475,-2.416338874010568,2.230948535260857,-2.707807208919476,7.836563836647012,-0.1608446168429468,2.971847309732629,2.2592762983237704,953.8851353067348,21.43879310982592,14.8114553779692,16.444448539824652,12.752743308167698,7.578995896792942,9.855612118054724,6.221230582074894,8.399971119282888,3.730567932227123,5.414072402778615,2.1128455580549623,3.54351374163482,-2.78,690205.5939907836,21.519292322605008,7.325918985638601,4.204134383579708,162.59031069995737,20.994572059745856,11.735768823996422,10.843243482610037,5.601050810983688,11.814359458703011,16.27347016397548,14.141824241834009,14.083731696315263,8.417796984328938,11.336785877934735,5.15571272675054,20.771211599071872,5.380062770465915,6.041840829147961,37.29827438881211,50.26785898322327,0.0,14.605983116249774,5.15571272675054,38.455944068351485,5.733667477162185,11.073990765314376,0.0,0.0,11.050456081168516,5.131558479839333,0.0,11.336785877934735,68.54635098380861,29.525365011975733,0.0,26.46513959392033,10.535775497216456,0.0,0.0,0.0,201.58,51.4842470947288,22.801408536544404,0.0,15.130702465984026,0.0,11.336785877934735,26.151274369537788,0.0,0.0,15.456479851704078,20.23053332942989,31.44978820569469,0.9796905422586336,44.39737831563419,16.334751159546904,3.256457088644816,-3.375611656986792,-2.3123389733980013,0.0,3.692820624691566,-4.756268639419342,0.4615384615384615,28,5,13,0,1,1,0,1,1,10,4,15,7,0,1,1,2,-1.172499999999998,95.65050000000004,1,0,0,1,0,1,0,0,1,1,3,2,0,0,0,3,1,1,0,0,0,0,0,0,0,0,0,2,0,1,0,0,0,0,0,0,0,0,0,0,0,0,0,0,0,0,0,0,0,0,0,0,0,1,0,0,0,0,0,0,0,0,0,1,0,0,0,0,0,0,0,0,0,0,0,0,0,0,0,0,1,0,0,0,0,562.0,Escherichia coli,Bacteria
116630,,18659959,CHEMBL4231960,Antibacterial activity against extended-spectrum beta-lactamase harboring Escherichia coli CDC1001728 after 18 hrs by CLSI broth microdilution method,F,BAO_0002146,BAO_0000218,organism-based format,C[C@H]1[C@H](NC(=O)/C(=N\OC(C)(C)C(=O)O)c2csc(N)n2)C(=O)N1S(=O)(=O)O,CHEMBL4229379,Eur J Med Chem,2018.0,CHEMBL158,AZTREONAM,CHEMBL158,0,http://www.openphacts.org/units/MicrogramPerMilliliter,3099160,=,1,1,=,MIC,ug.mL-1,16.0,CHEMBL354,Escherichia coli,Escherichia coli,562.0,,MIC,ug ml-1,UO_0000274,16.0,CHEMBL158,C[C@H]1[C@H](NC(=O)/C(=N\OC(C)(C)C(=O)O)c2csc(N)n2)C(=O)N1S(=O)(=O)O,12.562141912320484,12.562141912320484,0.0349535856009066,-4.756268639419342,0.174788224513646,20.5,435.44000000000017,418.30400000000014,435.051854504,154,0,0.3620751467724121,-0.4782270320177159,0.4782270320177159,0.3620751467724121,1.4642857142857142,2.071428571428572,2.5,32.24529764273617,10.00401161573638,2.513331128805475,-2.416338874010568,2.230948535260857,-2.707807208919476,7.836563836647012,-0.1608446168429468,2.971847309732629,2.2592762983237704,953.8851353067348,21.43879310982592,14.8114553779692,16.444448539824652,12.752743308167698,7.578995896792942,9.855612118054724,6.221230582074894,8.399971119282888,3.730567932227123,5.414072402778615,2.1128455580549623,3.54351374163482,-2.78,690205.5939907836,21.519292322605008,7.325918985638601,4.204134383579708,162.59031069995737,20.994572059745856,11.735768823996422,10.843243482610037,5.601050810983688,11.814359458703011,16.27347016397548,14.141824241834009,14.083731696315263,8.417796984328938,11.336785877934735,5.15571272675054,20.771211599071872,5.380062770465915,6.041840829147961,37.29827438881211,50.26785898322327,0.0,14.605983116249774,5.15571272675054,38.455944068351485,5.733667477162185,11.073990765314376,0.0,0.0,11.050456081168516,5.131558479839333,0.0,11.336785877934735,68.54635098380861,29.525365011975733,0.0,26.46513959392033,10.535775497216456,0.0,0.0,0.0,201.58,51.4842470947288,22.801408536544404,0.0,15.130702465984026,0.0,11.336785877934735,26.151274369537788,0.0,0.0,15.456479851704078,20.23053332942989,31.44978820569469,0.9796905422586336,44.39737831563419,16.334751159546904,3.256457088644816,-3.375611656986792,-2.3123389733980013,0.0,3.692820624691566,-4.756268639419342,0.4615384615384615,28,5,13,0,1,1,0,1,1,10,4,15,7,0,1,1,2,-1.172499999999998,95.65050000000004,1,0,0,1,0,1,0,0,1,1,3,2,0,0,0,3,1,1,0,0,0,0,0,0,0,0,0,2,0,1,0,0,0,0,0,0,0,0,0,0,0,0,0,0,0,0,0,0,0,0,0,0,0,1,0,0,0,0,0,0,0,0,0,1,0,0,0,0,0,0,0,0,0,0,0,0,0,0,0,0,1,0,0,0,0,562.0,Escherichia coli,Bacteria
116630,,18659959,CHEMBL4231960,Antibacterial activity against extended-spectrum beta-lactamase harboring Escherichia coli CDC1001728 after 18 hrs by CLSI broth microdilution method,F,BAO_0002146,BAO_0000218,organism-based format,C[C@H]1[C@H](NC(=O)/C(=N\OC(C)(C)C(=O)O)c2csc(N)n2)C(=O)N1S(=O)(=O)O,CHEMBL4229379,Eur J Med Chem,2018.0,CHEMBL158,AZTREONAM,CHEMBL158,0,http://www.openphacts.org/units/MicrogramPerMilliliter,3099160,=,1,1,=,MIC,ug.mL-1,16.0,CHEMBL354,Escherichia coli,Escherichia coli,562.0,,MIC,ug ml-1,UO_0000274,16.0,CHEMBL158,C[C@H]1[C@H](NC(=O)/C(=N\OC(C)(C)C(=O)O)c2csc(N)n2)C(=O)N1S(=O)(=O)O,12.562141912320484,12.562141912320484,0.0349535856009066,-4.756268639419342,0.174788224513646,20.5,435.44000000000017,418.30400000000014,435.051854504,154,0,0.3620751467724121,-0.4782270320177159,0.4782270320177159,0.3620751467724121,1.4642857142857142,2.071428571428572,2.5,32.24529764273617,10.00401161573638,2.513331128805475,-2.416338874010568,2.230948535260857,-2.707807208919476,7.836563836647012,-0.1608446168429468,2.971847309732629,2.2592762983237704,953.8851353067348,21.43879310982592,14.8114553779692,16.444448539824652,12.752743308167698,7.578995896792942,9.855612118054724,6.221230582074894,8.399971119282888,3.730567932227123,5.414072402778615,2.1128455580549623,3.54351374163482,-2.78,690205.5939907836,21.519292322605008,7.325918985638601,4.204134383579708,162.59031069995737,20.994572059745856,11.735768823996422,10.843243482610037,5.601050810983688,11.814359458703011,16.27347016397548,14.141824241834009,14.083731696315263,8.417796984328938,11.336785877934735,5.15571272675054,20.771211599071872,5.380062770465915,6.041840829147961,37.29827438881211,50.26785898322327,0.0,14.605983116249774,5.15571272675054,38.455944068351485,5.733667477162185,11.073990765314376,0.0,0.0,11.050456081168516,5.131558479839333,0.0,11.336785877934735,68.54635098380861,29.525365011975733,0.0,26.46513959392033,10.535775497216456,0.0,0.0,0.0,201.58,51.4842470947288,22.801408536544404,0.0,15.130702465984026,0.0,11.336785877934735,26.151274369537788,0.0,0.0,15.456479851704078,20.23053332942989,31.44978820569469,0.9796905422586336,44.39737831563419,16.334751159546904,3.256457088644816,-3.375611656986792,-2.3123389733980013,0.0,3.692820624691566,-4.756268639419342,0.4615384615384615,28,5,13,0,1,1,0,1,1,10,4,15,7,0,1,1,2,-1.172499999999998,95.65050000000004,1,0,0,1,0,1,0,0,1,1,3,2,0,0,0,3,1,1,0,0,0,0,0,0,0,0,0,2,0,1,0,0,0,0,0,0,0,0,0,0,0,0,0,0,0,0,0,0,0,0,0,0,0,1,0,0,0,0,0,0,0,0,0,1,0,0,0,0,0,0,0,0,0,0,0,0,0,0,0,0,1,0,0,0,0,562.0,Escherichia coli,Bacteria
116630,,18659959,CHEMBL4231960,Antibacterial activity against extended-spectrum beta-lactamase harboring Escherichia coli CDC1001728 after 18 hrs by CLSI broth microdilution method,F,BAO_0002146,BAO_0000218,organism-based format,C[C@H]1[C@H](NC(=O)/C(=N\OC(C)(C)C(=O)O)c2csc(N)n2)C(=O)N1S(=O)(=O)O,CHEMBL4229379,Eur J Med Chem,2018.0,CHEMBL158,AZTREONAM,CHEMBL158,0,http://www.openphacts.org/units/MicrogramPerMilliliter,3099160,=,1,1,=,MIC,ug.mL-1,16.0,CHEMBL354,Escherichia coli,Escherichia coli,562.0,,MIC,ug ml-1,UO_0000274,16.0,CHEMBL158,C[C@H]1[C@H](NC(=O)/C(=N\OC(C)(C)C(=O)O)c2csc(N)n2)C(=O)N1S(=O)(=O)O,12.562141912320484,12.562141912320484,0.0349535856009066,-4.756268639419342,0.174788224513646,20.5,435.44000000000017,418.30400000000014,435.051854504,154,0,0.3620751467724121,-0.4782270320177159,0.4782270320177159,0.3620751467724121,1.4642857142857142,2.071428571428572,2.5,32.24529764273617,10.00401161573638,2.513331128805475,-2.416338874010568,2.230948535260857,-2.707807208919476,7.836563836647012,-0.1608446168429468,2.971847309732629,2.2592762983237704,953.8851353067348,21.43879310982592,14.8114553779692,16.444448539824652,12.752743308167698,7.578995896792942,9.855612118054724,6.221230582074894,8.399971119282888,3.730567932227123,5.414072402778615,2.1128455580549623,3.54351374163482,-2.78,690205.5939907836,21.519292322605008,7.325918985638601,4.204134383579708,162.59031069995737,20.994572059745856,11.735768823996422,10.843243482610037,5.601050810983688,11.814359458703011,16.27347016397548,14.141824241834009,14.083731696315263,8.417796984328938,11.336785877934735,5.15571272675054,20.771211599071872,5.380062770465915,6.041840829147961,37.29827438881211,50.26785898322327,0.0,14.605983116249774,5.15571272675054,38.455944068351485,5.733667477162185,11.073990765314376,0.0,0.0,11.050456081168516,5.131558479839333,0.0,11.336785877934735,68.54635098380861,29.525365011975733,0.0,26.46513959392033,10.535775497216456,0.0,0.0,0.0,201.58,51.4842470947288,22.801408536544404,0.0,15.130702465984026,0.0,11.336785877934735,26.151274369537788,0.0,0.0,15.456479851704078,20.23053332942989,31.44978820569469,0.9796905422586336,44.39737831563419,16.334751159546904,3.256457088644816,-3.375611656986792,-2.3123389733980013,0.0,3.692820624691566,-4.756268639419342,0.4615384615384615,28,5,13,0,1,1,0,1,1,10,4,15,7,0,1,1,2,-1.172499999999998,95.65050000000004,1,0,0,1,0,1,0,0,1,1,3,2,0,0,0,3,1,1,0,0,0,0,0,0,0,0,0,2,0,1,0,0,0,0,0,0,0,0,0,0,0,0,0,0,0,0,0,0,0,0,0,0,0,1,0,0,0,0,0,0,0,0,0,1,0,0,0,0,0,0,0,0,0,0,0,0,0,0,0,0,1,0,0,0,0,562.0,Escherichia coli,Bacteria
116630,,18659959,CHEMBL4231960,Antibacterial activity against extended-spectrum beta-lactamase harboring Escherichia coli CDC1001728 after 18 hrs by CLSI broth microdilution method,F,BAO_0002146,BAO_0000218,organism-based format,C[C@H]1[C@H](NC(=O)/C(=N\OC(C)(C)C(=O)O)c2csc(N)n2)C(=O)N1S(=O)(=O)O,CHEMBL4229379,Eur J Med Chem,2018.0,CHEMBL158,AZTREONAM,CHEMBL158,0,http://www.openphacts.org/units/MicrogramPerMilliliter,3099160,=,1,1,=,MIC,ug.mL-1,16.0,CHEMBL354,Escherichia coli,Escherichia coli,562.0,,MIC,ug ml-1,UO_0000274,16.0,CHEMBL158,C[C@H]1[C@H](NC(=O)/C(=N\OC(C)(C)C(=O)O)c2csc(N)n2)C(=O)N1S(=O)(=O)O,12.562141912320484,12.562141912320484,0.0349535856009066,-4.756268639419342,0.174788224513646,20.5,435.44000000000017,418.30400000000014,435.051854504,154,0,0.3620751467724121,-0.4782270320177159,0.4782270320177159,0.3620751467724121,1.4642857142857142,2.071428571428572,2.5,32.24529764273617,10.00401161573638,2.513331128805475,-2.416338874010568,2.230948535260857,-2.707807208919476,7.836563836647012,-0.1608446168429468,2.971847309732629,2.2592762983237704,953.8851353067348,21.43879310982592,14.8114553779692,16.444448539824652,12.752743308167698,7.578995896792942,9.855612118054724,6.221230582074894,8.399971119282888,3.730567932227123,5.414072402778615,2.1128455580549623,3.54351374163482,-2.78,690205.5939907836,21.519292322605008,7.325918985638601,4.204134383579708,162.59031069995737,20.994572059745856,11.735768823996422,10.843243482610037,5.601050810983688,11.814359458703011,16.27347016397548,14.141824241834009,14.083731696315263,8.417796984328938,11.336785877934735,5.15571272675054,20.771211599071872,5.380062770465915,6.041840829147961,37.29827438881211,50.26785898322327,0.0,14.605983116249774,5.15571272675054,38.455944068351485,5.733667477162185,11.073990765314376,0.0,0.0,11.050456081168516,5.131558479839333,0.0,11.336785877934735,68.54635098380861,29.525365011975733,0.0,26.46513959392033,10.535775497216456,0.0,0.0,0.0,201.58,51.4842470947288,22.801408536544404,0.0,15.130702465984026,0.0,11.336785877934735,26.151274369537788,0.0,0.0,15.456479851704078,20.23053332942989,31.44978820569469,0.9796905422586336,44.39737831563419,16.334751159546904,3.256457088644816,-3.375611656986792,-2.3123389733980013,0.0,3.692820624691566,-4.756268639419342,0.4615384615384615,28,5,13,0,1,1,0,1,1,10,4,15,7,0,1,1,2,-1.172499999999998,95.65050000000004,1,0,0,1,0,1,0,0,1,1,3,2,0,0,0,3,1,1,0,0,0,0,0,0,0,0,0,2,0,1,0,0,0,0,0,0,0,0,0,0,0,0,0,0,0,0,0,0,0,0,0,0,0,1,0,0,0,0,0,0,0,0,0,1,0,0,0,0,0,0,0,0,0,0,0,0,0,0,0,0,1,0,0,0,0,562.0,Escherichia coli,Bacteria
116631,,18659960,CHEMBL4231952,Antibacterial activity against new delhi metallo-beta-lactamase-1 harboring Klebsiella pneumoniae ATCC BAA-2146 after 18 hrs by CLSI broth microdilution method,F,BAO_0002146,BAO_0000218,organism-based format,C[C@H]1[C@H](NC(=O)/C(=N\OC(C)(C)C(=O)O)c2csc(N)n2)C(=O)N1S(=O)(=O)O,CHEMBL4229379,Eur J Med Chem,2018.0,CHEMBL158,AZTREONAM,CHEMBL158,0,http://www.openphacts.org/units/MicrogramPerMilliliter,3099160,>,1,1,>,MIC,ug.mL-1,128.0,CHEMBL350,Klebsiella pneumoniae,Klebsiella pneumoniae,573.0,,MIC,ug ml-1,UO_0000274,128.0,CHEMBL158,C[C@H]1[C@H](NC(=O)/C(=N\OC(C)(C)C(=O)O)c2csc(N)n2)C(=O)N1S(=O)(=O)O,12.562141912320484,12.562141912320484,0.0349535856009066,-4.756268639419342,0.174788224513646,20.5,435.44000000000017,418.30400000000014,435.051854504,154,0,0.3620751467724121,-0.4782270320177159,0.4782270320177159,0.3620751467724121,1.4642857142857142,2.071428571428572,2.5,32.24529764273617,10.00401161573638,2.513331128805475,-2.416338874010568,2.230948535260857,-2.707807208919476,7.836563836647012,-0.1608446168429468,2.971847309732629,2.2592762983237704,953.8851353067348,21.43879310982592,14.8114553779692,16.444448539824652,12.752743308167698,7.578995896792942,9.855612118054724,6.221230582074894,8.399971119282888,3.730567932227123,5.414072402778615,2.1128455580549623,3.54351374163482,-2.78,690205.5939907836,21.519292322605008,7.325918985638601,4.204134383579708,162.59031069995737,20.994572059745856,11.735768823996422,10.843243482610037,5.601050810983688,11.814359458703011,16.27347016397548,14.141824241834009,14.083731696315263,8.417796984328938,11.336785877934735,5.15571272675054,20.771211599071872,5.380062770465915,6.041840829147961,37.29827438881211,50.26785898322327,0.0,14.605983116249774,5.15571272675054,38.455944068351485,5.733667477162185,11.073990765314376,0.0,0.0,11.050456081168516,5.131558479839333,0.0,11.336785877934735,68.54635098380861,29.525365011975733,0.0,26.46513959392033,10.535775497216456,0.0,0.0,0.0,201.58,51.4842470947288,22.801408536544404,0.0,15.130702465984026,0.0,11.336785877934735,26.151274369537788,0.0,0.0,15.456479851704078,20.23053332942989,31.44978820569469,0.9796905422586336,44.39737831563419,16.334751159546904,3.256457088644816,-3.375611656986792,-2.3123389733980013,0.0,3.692820624691566,-4.756268639419342,0.4615384615384615,28,5,13,0,1,1,0,1,1,10,4,15,7,0,1,1,2,-1.172499999999998,95.65050000000004,1,0,0,1,0,1,0,0,1,1,3,2,0,0,0,3,1,1,0,0,0,0,0,0,0,0,0,2,0,1,0,0,0,0,0,0,0,0,0,0,0,0,0,0,0,0,0,0,0,0,0,0,0,1,0,0,0,0,0,0,0,0,0,1,0,0,0,0,0,0,0,0,0,0,0,0,0,0,0,0,1,0,0,0,0,573.0,Klebsiella pneumoniae,Bacteria
116631,,18659960,CHEMBL4231952,Antibacterial activity against new delhi metallo-beta-lactamase-1 harboring Klebsiella pneumoniae ATCC BAA-2146 after 18 hrs by CLSI broth microdilution method,F,BAO_0002146,BAO_0000218,organism-based format,C[C@H]1[C@H](NC(=O)/C(=N\OC(C)(C)C(=O)O)c2csc(N)n2)C(=O)N1S(=O)(=O)O,CHEMBL4229379,Eur J Med Chem,2018.0,CHEMBL158,AZTREONAM,CHEMBL158,0,http://www.openphacts.org/units/MicrogramPerMilliliter,3099160,>,1,1,>,MIC,ug.mL-1,128.0,CHEMBL350,Klebsiella pneumoniae,Klebsiella pneumoniae,573.0,,MIC,ug ml-1,UO_0000274,128.0,CHEMBL158,C[C@H]1[C@H](NC(=O)/C(=N\OC(C)(C)C(=O)O)c2csc(N)n2)C(=O)N1S(=O)(=O)O,12.562141912320484,12.562141912320484,0.0349535856009066,-4.756268639419342,0.174788224513646,20.5,435.44000000000017,418.30400000000014,435.051854504,154,0,0.3620751467724121,-0.4782270320177159,0.4782270320177159,0.3620751467724121,1.4642857142857142,2.071428571428572,2.5,32.24529764273617,10.00401161573638,2.513331128805475,-2.416338874010568,2.230948535260857,-2.707807208919476,7.836563836647012,-0.1608446168429468,2.971847309732629,2.2592762983237704,953.8851353067348,21.43879310982592,14.8114553779692,16.444448539824652,12.752743308167698,7.578995896792942,9.855612118054724,6.221230582074894,8.399971119282888,3.730567932227123,5.414072402778615,2.1128455580549623,3.54351374163482,-2.78,690205.5939907836,21.519292322605008,7.325918985638601,4.204134383579708,162.59031069995737,20.994572059745856,11.735768823996422,10.843243482610037,5.601050810983688,11.814359458703011,16.27347016397548,14.141824241834009,14.083731696315263,8.417796984328938,11.336785877934735,5.15571272675054,20.771211599071872,5.380062770465915,6.041840829147961,37.29827438881211,50.26785898322327,0.0,14.605983116249774,5.15571272675054,38.455944068351485,5.733667477162185,11.073990765314376,0.0,0.0,11.050456081168516,5.131558479839333,0.0,11.336785877934735,68.54635098380861,29.525365011975733,0.0,26.46513959392033,10.535775497216456,0.0,0.0,0.0,201.58,51.4842470947288,22.801408536544404,0.0,15.130702465984026,0.0,11.336785877934735,26.151274369537788,0.0,0.0,15.456479851704078,20.23053332942989,31.44978820569469,0.9796905422586336,44.39737831563419,16.334751159546904,3.256457088644816,-3.375611656986792,-2.3123389733980013,0.0,3.692820624691566,-4.756268639419342,0.4615384615384615,28,5,13,0,1,1,0,1,1,10,4,15,7,0,1,1,2,-1.172499999999998,95.65050000000004,1,0,0,1,0,1,0,0,1,1,3,2,0,0,0,3,1,1,0,0,0,0,0,0,0,0,0,2,0,1,0,0,0,0,0,0,0,0,0,0,0,0,0,0,0,0,0,0,0,0,0,0,0,1,0,0,0,0,0,0,0,0,0,1,0,0,0,0,0,0,0,0,0,0,0,0,0,0,0,0,1,0,0,0,0,573.0,Klebsiella pneumoniae,Bacteria
116632,,19200862,CHEMBL4391674,Antibacterial activity against multi-drug resistant Escherichia coli NMI 3548/14 assessed as reduction in microbial growth incubated for 20 hrs,F,BAO_0002146,BAO_0000218,organism-based format,C[C@H]1[C@H](NC(=O)/C(=N\OC(C)(C)C(=O)O)c2csc(N)n2)C(=O)N1S(=O)(=O)O,CHEMBL4390654,Eur J Med Chem,2019.0,CHEMBL158,AZTREONAM,CHEMBL158,0,http://www.openphacts.org/units/MicrogramPerMilliliter,3204799,>,1,1,>,MIC,ug.mL-1,16.0,CHEMBL354,Escherichia coli,Escherichia coli,562.0,,MIC,ug ml-1,UO_0000274,16.0,CHEMBL158,C[C@H]1[C@H](NC(=O)/C(=N\OC(C)(C)C(=O)O)c2csc(N)n2)C(=O)N1S(=O)(=O)O,12.562141912320484,12.562141912320484,0.0349535856009066,-4.756268639419342,0.174788224513646,20.5,435.44000000000017,418.30400000000014,435.051854504,154,0,0.3620751467724121,-0.4782270320177159,0.4782270320177159,0.3620751467724121,1.4642857142857142,2.071428571428572,2.5,32.24529764273617,10.00401161573638,2.513331128805475,-2.416338874010568,2.230948535260857,-2.707807208919476,7.836563836647012,-0.1608446168429468,2.971847309732629,2.2592762983237704,953.8851353067348,21.43879310982592,14.8114553779692,16.444448539824652,12.752743308167698,7.578995896792942,9.855612118054724,6.221230582074894,8.399971119282888,3.730567932227123,5.414072402778615,2.1128455580549623,3.54351374163482,-2.78,690205.5939907836,21.519292322605008,7.325918985638601,4.204134383579708,162.59031069995737,20.994572059745856,11.735768823996422,10.843243482610037,5.601050810983688,11.814359458703011,16.27347016397548,14.141824241834009,14.083731696315263,8.417796984328938,11.336785877934735,5.15571272675054,20.771211599071872,5.380062770465915,6.041840829147961,37.29827438881211,50.26785898322327,0.0,14.605983116249774,5.15571272675054,38.455944068351485,5.733667477162185,11.073990765314376,0.0,0.0,11.050456081168516,5.131558479839333,0.0,11.336785877934735,68.54635098380861,29.525365011975733,0.0,26.46513959392033,10.535775497216456,0.0,0.0,0.0,201.58,51.4842470947288,22.801408536544404,0.0,15.130702465984026,0.0,11.336785877934735,26.151274369537788,0.0,0.0,15.456479851704078,20.23053332942989,31.44978820569469,0.9796905422586336,44.39737831563419,16.334751159546904,3.256457088644816,-3.375611656986792,-2.3123389733980013,0.0,3.692820624691566,-4.756268639419342,0.4615384615384615,28,5,13,0,1,1,0,1,1,10,4,15,7,0,1,1,2,-1.172499999999998,95.65050000000004,1,0,0,1,0,1,0,0,1,1,3,2,0,0,0,3,1,1,0,0,0,0,0,0,0,0,0,2,0,1,0,0,0,0,0,0,0,0,0,0,0,0,0,0,0,0,0,0,0,0,0,0,0,1,0,0,0,0,0,0,0,0,0,1,0,0,0,0,0,0,0,0,0,0,0,0,0,0,0,0,1,0,0,0,0,562.0,Escherichia coli,Bacteria
116632,,19200862,CHEMBL4391674,Antibacterial activity against multi-drug resistant Escherichia coli NMI 3548/14 assessed as reduction in microbial growth incubated for 20 hrs,F,BAO_0002146,BAO_0000218,organism-based format,C[C@H]1[C@H](NC(=O)/C(=N\OC(C)(C)C(=O)O)c2csc(N)n2)C(=O)N1S(=O)(=O)O,CHEMBL4390654,Eur J Med Chem,2019.0,CHEMBL158,AZTREONAM,CHEMBL158,0,http://www.openphacts.org/units/MicrogramPerMilliliter,3204799,>,1,1,>,MIC,ug.mL-1,16.0,CHEMBL354,Escherichia coli,Escherichia coli,562.0,,MIC,ug ml-1,UO_0000274,16.0,CHEMBL158,C[C@H]1[C@H](NC(=O)/C(=N\OC(C)(C)C(=O)O)c2csc(N)n2)C(=O)N1S(=O)(=O)O,12.562141912320484,12.562141912320484,0.0349535856009066,-4.756268639419342,0.174788224513646,20.5,435.44000000000017,418.30400000000014,435.051854504,154,0,0.3620751467724121,-0.4782270320177159,0.4782270320177159,0.3620751467724121,1.4642857142857142,2.071428571428572,2.5,32.24529764273617,10.00401161573638,2.513331128805475,-2.416338874010568,2.230948535260857,-2.707807208919476,7.836563836647012,-0.1608446168429468,2.971847309732629,2.2592762983237704,953.8851353067348,21.43879310982592,14.8114553779692,16.444448539824652,12.752743308167698,7.578995896792942,9.855612118054724,6.221230582074894,8.399971119282888,3.730567932227123,5.414072402778615,2.1128455580549623,3.54351374163482,-2.78,690205.5939907836,21.519292322605008,7.325918985638601,4.204134383579708,162.59031069995737,20.994572059745856,11.735768823996422,10.843243482610037,5.601050810983688,11.814359458703011,16.27347016397548,14.141824241834009,14.083731696315263,8.417796984328938,11.336785877934735,5.15571272675054,20.771211599071872,5.380062770465915,6.041840829147961,37.29827438881211,50.26785898322327,0.0,14.605983116249774,5.15571272675054,38.455944068351485,5.733667477162185,11.073990765314376,0.0,0.0,11.050456081168516,5.131558479839333,0.0,11.336785877934735,68.54635098380861,29.525365011975733,0.0,26.46513959392033,10.535775497216456,0.0,0.0,0.0,201.58,51.4842470947288,22.801408536544404,0.0,15.130702465984026,0.0,11.336785877934735,26.151274369537788,0.0,0.0,15.456479851704078,20.23053332942989,31.44978820569469,0.9796905422586336,44.39737831563419,16.334751159546904,3.256457088644816,-3.375611656986792,-2.3123389733980013,0.0,3.692820624691566,-4.756268639419342,0.4615384615384615,28,5,13,0,1,1,0,1,1,10,4,15,7,0,1,1,2,-1.172499999999998,95.65050000000004,1,0,0,1,0,1,0,0,1,1,3,2,0,0,0,3,1,1,0,0,0,0,0,0,0,0,0,2,0,1,0,0,0,0,0,0,0,0,0,0,0,0,0,0,0,0,0,0,0,0,0,0,0,1,0,0,0,0,0,0,0,0,0,1,0,0,0,0,0,0,0,0,0,0,0,0,0,0,0,0,1,0,0,0,0,562.0,Escherichia coli,Bacteria
116632,,19200862,CHEMBL4391674,Antibacterial activity against multi-drug resistant Escherichia coli NMI 3548/14 assessed as reduction in microbial growth incubated for 20 hrs,F,BAO_0002146,BAO_0000218,organism-based format,C[C@H]1[C@H](NC(=O)/C(=N\OC(C)(C)C(=O)O)c2csc(N)n2)C(=O)N1S(=O)(=O)O,CHEMBL4390654,Eur J Med Chem,2019.0,CHEMBL158,AZTREONAM,CHEMBL158,0,http://www.openphacts.org/units/MicrogramPerMilliliter,3204799,>,1,1,>,MIC,ug.mL-1,16.0,CHEMBL354,Escherichia coli,Escherichia coli,562.0,,MIC,ug ml-1,UO_0000274,16.0,CHEMBL158,C[C@H]1[C@H](NC(=O)/C(=N\OC(C)(C)C(=O)O)c2csc(N)n2)C(=O)N1S(=O)(=O)O,12.562141912320484,12.562141912320484,0.0349535856009066,-4.756268639419342,0.174788224513646,20.5,435.44000000000017,418.30400000000014,435.051854504,154,0,0.3620751467724121,-0.4782270320177159,0.4782270320177159,0.3620751467724121,1.4642857142857142,2.071428571428572,2.5,32.24529764273617,10.00401161573638,2.513331128805475,-2.416338874010568,2.230948535260857,-2.707807208919476,7.836563836647012,-0.1608446168429468,2.971847309732629,2.2592762983237704,953.8851353067348,21.43879310982592,14.8114553779692,16.444448539824652,12.752743308167698,7.578995896792942,9.855612118054724,6.221230582074894,8.399971119282888,3.730567932227123,5.414072402778615,2.1128455580549623,3.54351374163482,-2.78,690205.5939907836,21.519292322605008,7.325918985638601,4.204134383579708,162.59031069995737,20.994572059745856,11.735768823996422,10.843243482610037,5.601050810983688,11.814359458703011,16.27347016397548,14.141824241834009,14.083731696315263,8.417796984328938,11.336785877934735,5.15571272675054,20.771211599071872,5.380062770465915,6.041840829147961,37.29827438881211,50.26785898322327,0.0,14.605983116249774,5.15571272675054,38.455944068351485,5.733667477162185,11.073990765314376,0.0,0.0,11.050456081168516,5.131558479839333,0.0,11.336785877934735,68.54635098380861,29.525365011975733,0.0,26.46513959392033,10.535775497216456,0.0,0.0,0.0,201.58,51.4842470947288,22.801408536544404,0.0,15.130702465984026,0.0,11.336785877934735,26.151274369537788,0.0,0.0,15.456479851704078,20.23053332942989,31.44978820569469,0.9796905422586336,44.39737831563419,16.334751159546904,3.256457088644816,-3.375611656986792,-2.3123389733980013,0.0,3.692820624691566,-4.756268639419342,0.4615384615384615,28,5,13,0,1,1,0,1,1,10,4,15,7,0,1,1,2,-1.172499999999998,95.65050000000004,1,0,0,1,0,1,0,0,1,1,3,2,0,0,0,3,1,1,0,0,0,0,0,0,0,0,0,2,0,1,0,0,0,0,0,0,0,0,0,0,0,0,0,0,0,0,0,0,0,0,0,0,0,1,0,0,0,0,0,0,0,0,0,1,0,0,0,0,0,0,0,0,0,0,0,0,0,0,0,0,1,0,0,0,0,562.0,Escherichia coli,Bacteria
116632,,19200862,CHEMBL4391674,Antibacterial activity against multi-drug resistant Escherichia coli NMI 3548/14 assessed as reduction in microbial growth incubated for 20 hrs,F,BAO_0002146,BAO_0000218,organism-based format,C[C@H]1[C@H](NC(=O)/C(=N\OC(C)(C)C(=O)O)c2csc(N)n2)C(=O)N1S(=O)(=O)O,CHEMBL4390654,Eur J Med Chem,2019.0,CHEMBL158,AZTREONAM,CHEMBL158,0,http://www.openphacts.org/units/MicrogramPerMilliliter,3204799,>,1,1,>,MIC,ug.mL-1,16.0,CHEMBL354,Escherichia coli,Escherichia coli,562.0,,MIC,ug ml-1,UO_0000274,16.0,CHEMBL158,C[C@H]1[C@H](NC(=O)/C(=N\OC(C)(C)C(=O)O)c2csc(N)n2)C(=O)N1S(=O)(=O)O,12.562141912320484,12.562141912320484,0.0349535856009066,-4.756268639419342,0.174788224513646,20.5,435.44000000000017,418.30400000000014,435.051854504,154,0,0.3620751467724121,-0.4782270320177159,0.4782270320177159,0.3620751467724121,1.4642857142857142,2.071428571428572,2.5,32.24529764273617,10.00401161573638,2.513331128805475,-2.416338874010568,2.230948535260857,-2.707807208919476,7.836563836647012,-0.1608446168429468,2.971847309732629,2.2592762983237704,953.8851353067348,21.43879310982592,14.8114553779692,16.444448539824652,12.752743308167698,7.578995896792942,9.855612118054724,6.221230582074894,8.399971119282888,3.730567932227123,5.414072402778615,2.1128455580549623,3.54351374163482,-2.78,690205.5939907836,21.519292322605008,7.325918985638601,4.204134383579708,162.59031069995737,20.994572059745856,11.735768823996422,10.843243482610037,5.601050810983688,11.814359458703011,16.27347016397548,14.141824241834009,14.083731696315263,8.417796984328938,11.336785877934735,5.15571272675054,20.771211599071872,5.380062770465915,6.041840829147961,37.29827438881211,50.26785898322327,0.0,14.605983116249774,5.15571272675054,38.455944068351485,5.733667477162185,11.073990765314376,0.0,0.0,11.050456081168516,5.131558479839333,0.0,11.336785877934735,68.54635098380861,29.525365011975733,0.0,26.46513959392033,10.535775497216456,0.0,0.0,0.0,201.58,51.4842470947288,22.801408536544404,0.0,15.130702465984026,0.0,11.336785877934735,26.151274369537788,0.0,0.0,15.456479851704078,20.23053332942989,31.44978820569469,0.9796905422586336,44.39737831563419,16.334751159546904,3.256457088644816,-3.375611656986792,-2.3123389733980013,0.0,3.692820624691566,-4.756268639419342,0.4615384615384615,28,5,13,0,1,1,0,1,1,10,4,15,7,0,1,1,2,-1.172499999999998,95.65050000000004,1,0,0,1,0,1,0,0,1,1,3,2,0,0,0,3,1,1,0,0,0,0,0,0,0,0,0,2,0,1,0,0,0,0,0,0,0,0,0,0,0,0,0,0,0,0,0,0,0,0,0,0,0,1,0,0,0,0,0,0,0,0,0,1,0,0,0,0,0,0,0,0,0,0,0,0,0,0,0,0,1,0,0,0,0,562.0,Escherichia coli,Bacteria
116633,,19200894,CHEMBL4391675,Antibacterial activity against multi-drug resistant Escherichia coli NMI 3898/15 assessed as reduction in microbial growth incubated for 20 hrs,F,BAO_0002146,BAO_0000218,organism-based format,C[C@H]1[C@H](NC(=O)/C(=N\OC(C)(C)C(=O)O)c2csc(N)n2)C(=O)N1S(=O)(=O)O,CHEMBL4390654,Eur J Med Chem,2019.0,CHEMBL158,AZTREONAM,CHEMBL158,0,http://www.openphacts.org/units/MicrogramPerMilliliter,3204799,=,1,1,=,MIC,ug.mL-1,8.0,CHEMBL354,Escherichia coli,Escherichia coli,562.0,,MIC,ug ml-1,UO_0000274,8.0,CHEMBL158,C[C@H]1[C@H](NC(=O)/C(=N\OC(C)(C)C(=O)O)c2csc(N)n2)C(=O)N1S(=O)(=O)O,12.562141912320484,12.562141912320484,0.0349535856009066,-4.756268639419342,0.174788224513646,20.5,435.44000000000017,418.30400000000014,435.051854504,154,0,0.3620751467724121,-0.4782270320177159,0.4782270320177159,0.3620751467724121,1.4642857142857142,2.071428571428572,2.5,32.24529764273617,10.00401161573638,2.513331128805475,-2.416338874010568,2.230948535260857,-2.707807208919476,7.836563836647012,-0.1608446168429468,2.971847309732629,2.2592762983237704,953.8851353067348,21.43879310982592,14.8114553779692,16.444448539824652,12.752743308167698,7.578995896792942,9.855612118054724,6.221230582074894,8.399971119282888,3.730567932227123,5.414072402778615,2.1128455580549623,3.54351374163482,-2.78,690205.5939907836,21.519292322605008,7.325918985638601,4.204134383579708,162.59031069995737,20.994572059745856,11.735768823996422,10.843243482610037,5.601050810983688,11.814359458703011,16.27347016397548,14.141824241834009,14.083731696315263,8.417796984328938,11.336785877934735,5.15571272675054,20.771211599071872,5.380062770465915,6.041840829147961,37.29827438881211,50.26785898322327,0.0,14.605983116249774,5.15571272675054,38.455944068351485,5.733667477162185,11.073990765314376,0.0,0.0,11.050456081168516,5.131558479839333,0.0,11.336785877934735,68.54635098380861,29.525365011975733,0.0,26.46513959392033,10.535775497216456,0.0,0.0,0.0,201.58,51.4842470947288,22.801408536544404,0.0,15.130702465984026,0.0,11.336785877934735,26.151274369537788,0.0,0.0,15.456479851704078,20.23053332942989,31.44978820569469,0.9796905422586336,44.39737831563419,16.334751159546904,3.256457088644816,-3.375611656986792,-2.3123389733980013,0.0,3.692820624691566,-4.756268639419342,0.4615384615384615,28,5,13,0,1,1,0,1,1,10,4,15,7,0,1,1,2,-1.172499999999998,95.65050000000004,1,0,0,1,0,1,0,0,1,1,3,2,0,0,0,3,1,1,0,0,0,0,0,0,0,0,0,2,0,1,0,0,0,0,0,0,0,0,0,0,0,0,0,0,0,0,0,0,0,0,0,0,0,1,0,0,0,0,0,0,0,0,0,1,0,0,0,0,0,0,0,0,0,0,0,0,0,0,0,0,1,0,0,0,0,562.0,Escherichia coli,Bacteria
116633,,19200894,CHEMBL4391675,Antibacterial activity against multi-drug resistant Escherichia coli NMI 3898/15 assessed as reduction in microbial growth incubated for 20 hrs,F,BAO_0002146,BAO_0000218,organism-based format,C[C@H]1[C@H](NC(=O)/C(=N\OC(C)(C)C(=O)O)c2csc(N)n2)C(=O)N1S(=O)(=O)O,CHEMBL4390654,Eur J Med Chem,2019.0,CHEMBL158,AZTREONAM,CHEMBL158,0,http://www.openphacts.org/units/MicrogramPerMilliliter,3204799,=,1,1,=,MIC,ug.mL-1,8.0,CHEMBL354,Escherichia coli,Escherichia coli,562.0,,MIC,ug ml-1,UO_0000274,8.0,CHEMBL158,C[C@H]1[C@H](NC(=O)/C(=N\OC(C)(C)C(=O)O)c2csc(N)n2)C(=O)N1S(=O)(=O)O,12.562141912320484,12.562141912320484,0.0349535856009066,-4.756268639419342,0.174788224513646,20.5,435.44000000000017,418.30400000000014,435.051854504,154,0,0.3620751467724121,-0.4782270320177159,0.4782270320177159,0.3620751467724121,1.4642857142857142,2.071428571428572,2.5,32.24529764273617,10.00401161573638,2.513331128805475,-2.416338874010568,2.230948535260857,-2.707807208919476,7.836563836647012,-0.1608446168429468,2.971847309732629,2.2592762983237704,953.8851353067348,21.43879310982592,14.8114553779692,16.444448539824652,12.752743308167698,7.578995896792942,9.855612118054724,6.221230582074894,8.399971119282888,3.730567932227123,5.414072402778615,2.1128455580549623,3.54351374163482,-2.78,690205.5939907836,21.519292322605008,7.325918985638601,4.204134383579708,162.59031069995737,20.994572059745856,11.735768823996422,10.843243482610037,5.601050810983688,11.814359458703011,16.27347016397548,14.141824241834009,14.083731696315263,8.417796984328938,11.336785877934735,5.15571272675054,20.771211599071872,5.380062770465915,6.041840829147961,37.29827438881211,50.26785898322327,0.0,14.605983116249774,5.15571272675054,38.455944068351485,5.733667477162185,11.073990765314376,0.0,0.0,11.050456081168516,5.131558479839333,0.0,11.336785877934735,68.54635098380861,29.525365011975733,0.0,26.46513959392033,10.535775497216456,0.0,0.0,0.0,201.58,51.4842470947288,22.801408536544404,0.0,15.130702465984026,0.0,11.336785877934735,26.151274369537788,0.0,0.0,15.456479851704078,20.23053332942989,31.44978820569469,0.9796905422586336,44.39737831563419,16.334751159546904,3.256457088644816,-3.375611656986792,-2.3123389733980013,0.0,3.692820624691566,-4.756268639419342,0.4615384615384615,28,5,13,0,1,1,0,1,1,10,4,15,7,0,1,1,2,-1.172499999999998,95.65050000000004,1,0,0,1,0,1,0,0,1,1,3,2,0,0,0,3,1,1,0,0,0,0,0,0,0,0,0,2,0,1,0,0,0,0,0,0,0,0,0,0,0,0,0,0,0,0,0,0,0,0,0,0,0,1,0,0,0,0,0,0,0,0,0,1,0,0,0,0,0,0,0,0,0,0,0,0,0,0,0,0,1,0,0,0,0,562.0,Escherichia coli,Bacteria
116633,,19200894,CHEMBL4391675,Antibacterial activity against multi-drug resistant Escherichia coli NMI 3898/15 assessed as reduction in microbial growth incubated for 20 hrs,F,BAO_0002146,BAO_0000218,organism-based format,C[C@H]1[C@H](NC(=O)/C(=N\OC(C)(C)C(=O)O)c2csc(N)n2)C(=O)N1S(=O)(=O)O,CHEMBL4390654,Eur J Med Chem,2019.0,CHEMBL158,AZTREONAM,CHEMBL158,0,http://www.openphacts.org/units/MicrogramPerMilliliter,3204799,=,1,1,=,MIC,ug.mL-1,8.0,CHEMBL354,Escherichia coli,Escherichia coli,562.0,,MIC,ug ml-1,UO_0000274,8.0,CHEMBL158,C[C@H]1[C@H](NC(=O)/C(=N\OC(C)(C)C(=O)O)c2csc(N)n2)C(=O)N1S(=O)(=O)O,12.562141912320484,12.562141912320484,0.0349535856009066,-4.756268639419342,0.174788224513646,20.5,435.44000000000017,418.30400000000014,435.051854504,154,0,0.3620751467724121,-0.4782270320177159,0.4782270320177159,0.3620751467724121,1.4642857142857142,2.071428571428572,2.5,32.24529764273617,10.00401161573638,2.513331128805475,-2.416338874010568,2.230948535260857,-2.707807208919476,7.836563836647012,-0.1608446168429468,2.971847309732629,2.2592762983237704,953.8851353067348,21.43879310982592,14.8114553779692,16.444448539824652,12.752743308167698,7.578995896792942,9.855612118054724,6.221230582074894,8.399971119282888,3.730567932227123,5.414072402778615,2.1128455580549623,3.54351374163482,-2.78,690205.5939907836,21.519292322605008,7.325918985638601,4.204134383579708,162.59031069995737,20.994572059745856,11.735768823996422,10.843243482610037,5.601050810983688,11.814359458703011,16.27347016397548,14.141824241834009,14.083731696315263,8.417796984328938,11.336785877934735,5.15571272675054,20.771211599071872,5.380062770465915,6.041840829147961,37.29827438881211,50.26785898322327,0.0,14.605983116249774,5.15571272675054,38.455944068351485,5.733667477162185,11.073990765314376,0.0,0.0,11.050456081168516,5.131558479839333,0.0,11.336785877934735,68.54635098380861,29.525365011975733,0.0,26.46513959392033,10.535775497216456,0.0,0.0,0.0,201.58,51.4842470947288,22.801408536544404,0.0,15.130702465984026,0.0,11.336785877934735,26.151274369537788,0.0,0.0,15.456479851704078,20.23053332942989,31.44978820569469,0.9796905422586336,44.39737831563419,16.334751159546904,3.256457088644816,-3.375611656986792,-2.3123389733980013,0.0,3.692820624691566,-4.756268639419342,0.4615384615384615,28,5,13,0,1,1,0,1,1,10,4,15,7,0,1,1,2,-1.172499999999998,95.65050000000004,1,0,0,1,0,1,0,0,1,1,3,2,0,0,0,3,1,1,0,0,0,0,0,0,0,0,0,2,0,1,0,0,0,0,0,0,0,0,0,0,0,0,0,0,0,0,0,0,0,0,0,0,0,1,0,0,0,0,0,0,0,0,0,1,0,0,0,0,0,0,0,0,0,0,0,0,0,0,0,0,1,0,0,0,0,562.0,Escherichia coli,Bacteria
116633,,19200894,CHEMBL4391675,Antibacterial activity against multi-drug resistant Escherichia coli NMI 3898/15 assessed as reduction in microbial growth incubated for 20 hrs,F,BAO_0002146,BAO_0000218,organism-based format,C[C@H]1[C@H](NC(=O)/C(=N\OC(C)(C)C(=O)O)c2csc(N)n2)C(=O)N1S(=O)(=O)O,CHEMBL4390654,Eur J Med Chem,2019.0,CHEMBL158,AZTREONAM,CHEMBL158,0,http://www.openphacts.org/units/MicrogramPerMilliliter,3204799,=,1,1,=,MIC,ug.mL-1,8.0,CHEMBL354,Escherichia coli,Escherichia coli,562.0,,MIC,ug ml-1,UO_0000274,8.0,CHEMBL158,C[C@H]1[C@H](NC(=O)/C(=N\OC(C)(C)C(=O)O)c2csc(N)n2)C(=O)N1S(=O)(=O)O,12.562141912320484,12.562141912320484,0.0349535856009066,-4.756268639419342,0.174788224513646,20.5,435.44000000000017,418.30400000000014,435.051854504,154,0,0.3620751467724121,-0.4782270320177159,0.4782270320177159,0.3620751467724121,1.4642857142857142,2.071428571428572,2.5,32.24529764273617,10.00401161573638,2.513331128805475,-2.416338874010568,2.230948535260857,-2.707807208919476,7.836563836647012,-0.1608446168429468,2.971847309732629,2.2592762983237704,953.8851353067348,21.43879310982592,14.8114553779692,16.444448539824652,12.752743308167698,7.578995896792942,9.855612118054724,6.221230582074894,8.399971119282888,3.730567932227123,5.414072402778615,2.1128455580549623,3.54351374163482,-2.78,690205.5939907836,21.519292322605008,7.325918985638601,4.204134383579708,162.59031069995737,20.994572059745856,11.735768823996422,10.843243482610037,5.601050810983688,11.814359458703011,16.27347016397548,14.141824241834009,14.083731696315263,8.417796984328938,11.336785877934735,5.15571272675054,20.771211599071872,5.380062770465915,6.041840829147961,37.29827438881211,50.26785898322327,0.0,14.605983116249774,5.15571272675054,38.455944068351485,5.733667477162185,11.073990765314376,0.0,0.0,11.050456081168516,5.131558479839333,0.0,11.336785877934735,68.54635098380861,29.525365011975733,0.0,26.46513959392033,10.535775497216456,0.0,0.0,0.0,201.58,51.4842470947288,22.801408536544404,0.0,15.130702465984026,0.0,11.336785877934735,26.151274369537788,0.0,0.0,15.456479851704078,20.23053332942989,31.44978820569469,0.9796905422586336,44.39737831563419,16.334751159546904,3.256457088644816,-3.375611656986792,-2.3123389733980013,0.0,3.692820624691566,-4.756268639419342,0.4615384615384615,28,5,13,0,1,1,0,1,1,10,4,15,7,0,1,1,2,-1.172499999999998,95.65050000000004,1,0,0,1,0,1,0,0,1,1,3,2,0,0,0,3,1,1,0,0,0,0,0,0,0,0,0,2,0,1,0,0,0,0,0,0,0,0,0,0,0,0,0,0,0,0,0,0,0,0,0,0,0,1,0,0,0,0,0,0,0,0,0,1,0,0,0,0,0,0,0,0,0,0,0,0,0,0,0,0,1,0,0,0,0,562.0,Escherichia coli,Bacteria
116634,,19200926,CHEMBL4391676,Antibacterial activity against multi-drug resistant Klebsiella pneumoniae NMI 2697/14 assessed as reduction in microbial growth incubated for 20 hrs,F,BAO_0002146,BAO_0000218,organism-based format,C[C@H]1[C@H](NC(=O)/C(=N\OC(C)(C)C(=O)O)c2csc(N)n2)C(=O)N1S(=O)(=O)O,CHEMBL4390654,Eur J Med Chem,2019.0,CHEMBL158,AZTREONAM,CHEMBL158,0,http://www.openphacts.org/units/MicrogramPerMilliliter,3204799,=,1,1,=,MIC,ug.mL-1,16.0,CHEMBL350,Klebsiella pneumoniae,Klebsiella pneumoniae,573.0,,MIC,ug ml-1,UO_0000274,16.0,CHEMBL158,C[C@H]1[C@H](NC(=O)/C(=N\OC(C)(C)C(=O)O)c2csc(N)n2)C(=O)N1S(=O)(=O)O,12.562141912320484,12.562141912320484,0.0349535856009066,-4.756268639419342,0.174788224513646,20.5,435.44000000000017,418.30400000000014,435.051854504,154,0,0.3620751467724121,-0.4782270320177159,0.4782270320177159,0.3620751467724121,1.4642857142857142,2.071428571428572,2.5,32.24529764273617,10.00401161573638,2.513331128805475,-2.416338874010568,2.230948535260857,-2.707807208919476,7.836563836647012,-0.1608446168429468,2.971847309732629,2.2592762983237704,953.8851353067348,21.43879310982592,14.8114553779692,16.444448539824652,12.752743308167698,7.578995896792942,9.855612118054724,6.221230582074894,8.399971119282888,3.730567932227123,5.414072402778615,2.1128455580549623,3.54351374163482,-2.78,690205.5939907836,21.519292322605008,7.325918985638601,4.204134383579708,162.59031069995737,20.994572059745856,11.735768823996422,10.843243482610037,5.601050810983688,11.814359458703011,16.27347016397548,14.141824241834009,14.083731696315263,8.417796984328938,11.336785877934735,5.15571272675054,20.771211599071872,5.380062770465915,6.041840829147961,37.29827438881211,50.26785898322327,0.0,14.605983116249774,5.15571272675054,38.455944068351485,5.733667477162185,11.073990765314376,0.0,0.0,11.050456081168516,5.131558479839333,0.0,11.336785877934735,68.54635098380861,29.525365011975733,0.0,26.46513959392033,10.535775497216456,0.0,0.0,0.0,201.58,51.4842470947288,22.801408536544404,0.0,15.130702465984026,0.0,11.336785877934735,26.151274369537788,0.0,0.0,15.456479851704078,20.23053332942989,31.44978820569469,0.9796905422586336,44.39737831563419,16.334751159546904,3.256457088644816,-3.375611656986792,-2.3123389733980013,0.0,3.692820624691566,-4.756268639419342,0.4615384615384615,28,5,13,0,1,1,0,1,1,10,4,15,7,0,1,1,2,-1.172499999999998,95.65050000000004,1,0,0,1,0,1,0,0,1,1,3,2,0,0,0,3,1,1,0,0,0,0,0,0,0,0,0,2,0,1,0,0,0,0,0,0,0,0,0,0,0,0,0,0,0,0,0,0,0,0,0,0,0,1,0,0,0,0,0,0,0,0,0,1,0,0,0,0,0,0,0,0,0,0,0,0,0,0,0,0,1,0,0,0,0,573.0,Klebsiella pneumoniae,Bacteria
116634,,19200926,CHEMBL4391676,Antibacterial activity against multi-drug resistant Klebsiella pneumoniae NMI 2697/14 assessed as reduction in microbial growth incubated for 20 hrs,F,BAO_0002146,BAO_0000218,organism-based format,C[C@H]1[C@H](NC(=O)/C(=N\OC(C)(C)C(=O)O)c2csc(N)n2)C(=O)N1S(=O)(=O)O,CHEMBL4390654,Eur J Med Chem,2019.0,CHEMBL158,AZTREONAM,CHEMBL158,0,http://www.openphacts.org/units/MicrogramPerMilliliter,3204799,=,1,1,=,MIC,ug.mL-1,16.0,CHEMBL350,Klebsiella pneumoniae,Klebsiella pneumoniae,573.0,,MIC,ug ml-1,UO_0000274,16.0,CHEMBL158,C[C@H]1[C@H](NC(=O)/C(=N\OC(C)(C)C(=O)O)c2csc(N)n2)C(=O)N1S(=O)(=O)O,12.562141912320484,12.562141912320484,0.0349535856009066,-4.756268639419342,0.174788224513646,20.5,435.44000000000017,418.30400000000014,435.051854504,154,0,0.3620751467724121,-0.4782270320177159,0.4782270320177159,0.3620751467724121,1.4642857142857142,2.071428571428572,2.5,32.24529764273617,10.00401161573638,2.513331128805475,-2.416338874010568,2.230948535260857,-2.707807208919476,7.836563836647012,-0.1608446168429468,2.971847309732629,2.2592762983237704,953.8851353067348,21.43879310982592,14.8114553779692,16.444448539824652,12.752743308167698,7.578995896792942,9.855612118054724,6.221230582074894,8.399971119282888,3.730567932227123,5.414072402778615,2.1128455580549623,3.54351374163482,-2.78,690205.5939907836,21.519292322605008,7.325918985638601,4.204134383579708,162.59031069995737,20.994572059745856,11.735768823996422,10.843243482610037,5.601050810983688,11.814359458703011,16.27347016397548,14.141824241834009,14.083731696315263,8.417796984328938,11.336785877934735,5.15571272675054,20.771211599071872,5.380062770465915,6.041840829147961,37.29827438881211,50.26785898322327,0.0,14.605983116249774,5.15571272675054,38.455944068351485,5.733667477162185,11.073990765314376,0.0,0.0,11.050456081168516,5.131558479839333,0.0,11.336785877934735,68.54635098380861,29.525365011975733,0.0,26.46513959392033,10.535775497216456,0.0,0.0,0.0,201.58,51.4842470947288,22.801408536544404,0.0,15.130702465984026,0.0,11.336785877934735,26.151274369537788,0.0,0.0,15.456479851704078,20.23053332942989,31.44978820569469,0.9796905422586336,44.39737831563419,16.334751159546904,3.256457088644816,-3.375611656986792,-2.3123389733980013,0.0,3.692820624691566,-4.756268639419342,0.4615384615384615,28,5,13,0,1,1,0,1,1,10,4,15,7,0,1,1,2,-1.172499999999998,95.65050000000004,1,0,0,1,0,1,0,0,1,1,3,2,0,0,0,3,1,1,0,0,0,0,0,0,0,0,0,2,0,1,0,0,0,0,0,0,0,0,0,0,0,0,0,0,0,0,0,0,0,0,0,0,0,1,0,0,0,0,0,0,0,0,0,1,0,0,0,0,0,0,0,0,0,0,0,0,0,0,0,0,1,0,0,0,0,573.0,Klebsiella pneumoniae,Bacteria
116635,,19200958,CHEMBL4391677,Antibacterial activity against multi-drug resistant Klebsiella pneumoniae NMI 3081/09 assessed as reduction in microbial growth incubated for 20 hrs,F,BAO_0002146,BAO_0000218,organism-based format,C[C@H]1[C@H](NC(=O)/C(=N\OC(C)(C)C(=O)O)c2csc(N)n2)C(=O)N1S(=O)(=O)O,CHEMBL4390654,Eur J Med Chem,2019.0,CHEMBL158,AZTREONAM,CHEMBL158,0,http://www.openphacts.org/units/MicrogramPerMilliliter,3204799,>,1,1,>,MIC,ug.mL-1,256.0,CHEMBL350,Klebsiella pneumoniae,Klebsiella pneumoniae,573.0,,MIC,ug ml-1,UO_0000274,256.0,CHEMBL158,C[C@H]1[C@H](NC(=O)/C(=N\OC(C)(C)C(=O)O)c2csc(N)n2)C(=O)N1S(=O)(=O)O,12.562141912320484,12.562141912320484,0.0349535856009066,-4.756268639419342,0.174788224513646,20.5,435.44000000000017,418.30400000000014,435.051854504,154,0,0.3620751467724121,-0.4782270320177159,0.4782270320177159,0.3620751467724121,1.4642857142857142,2.071428571428572,2.5,32.24529764273617,10.00401161573638,2.513331128805475,-2.416338874010568,2.230948535260857,-2.707807208919476,7.836563836647012,-0.1608446168429468,2.971847309732629,2.2592762983237704,953.8851353067348,21.43879310982592,14.8114553779692,16.444448539824652,12.752743308167698,7.578995896792942,9.855612118054724,6.221230582074894,8.399971119282888,3.730567932227123,5.414072402778615,2.1128455580549623,3.54351374163482,-2.78,690205.5939907836,21.519292322605008,7.325918985638601,4.204134383579708,162.59031069995737,20.994572059745856,11.735768823996422,10.843243482610037,5.601050810983688,11.814359458703011,16.27347016397548,14.141824241834009,14.083731696315263,8.417796984328938,11.336785877934735,5.15571272675054,20.771211599071872,5.380062770465915,6.041840829147961,37.29827438881211,50.26785898322327,0.0,14.605983116249774,5.15571272675054,38.455944068351485,5.733667477162185,11.073990765314376,0.0,0.0,11.050456081168516,5.131558479839333,0.0,11.336785877934735,68.54635098380861,29.525365011975733,0.0,26.46513959392033,10.535775497216456,0.0,0.0,0.0,201.58,51.4842470947288,22.801408536544404,0.0,15.130702465984026,0.0,11.336785877934735,26.151274369537788,0.0,0.0,15.456479851704078,20.23053332942989,31.44978820569469,0.9796905422586336,44.39737831563419,16.334751159546904,3.256457088644816,-3.375611656986792,-2.3123389733980013,0.0,3.692820624691566,-4.756268639419342,0.4615384615384615,28,5,13,0,1,1,0,1,1,10,4,15,7,0,1,1,2,-1.172499999999998,95.65050000000004,1,0,0,1,0,1,0,0,1,1,3,2,0,0,0,3,1,1,0,0,0,0,0,0,0,0,0,2,0,1,0,0,0,0,0,0,0,0,0,0,0,0,0,0,0,0,0,0,0,0,0,0,0,1,0,0,0,0,0,0,0,0,0,1,0,0,0,0,0,0,0,0,0,0,0,0,0,0,0,0,1,0,0,0,0,573.0,Klebsiella pneumoniae,Bacteria
116635,,19200958,CHEMBL4391677,Antibacterial activity against multi-drug resistant Klebsiella pneumoniae NMI 3081/09 assessed as reduction in microbial growth incubated for 20 hrs,F,BAO_0002146,BAO_0000218,organism-based format,C[C@H]1[C@H](NC(=O)/C(=N\OC(C)(C)C(=O)O)c2csc(N)n2)C(=O)N1S(=O)(=O)O,CHEMBL4390654,Eur J Med Chem,2019.0,CHEMBL158,AZTREONAM,CHEMBL158,0,http://www.openphacts.org/units/MicrogramPerMilliliter,3204799,>,1,1,>,MIC,ug.mL-1,256.0,CHEMBL350,Klebsiella pneumoniae,Klebsiella pneumoniae,573.0,,MIC,ug ml-1,UO_0000274,256.0,CHEMBL158,C[C@H]1[C@H](NC(=O)/C(=N\OC(C)(C)C(=O)O)c2csc(N)n2)C(=O)N1S(=O)(=O)O,12.562141912320484,12.562141912320484,0.0349535856009066,-4.756268639419342,0.174788224513646,20.5,435.44000000000017,418.30400000000014,435.051854504,154,0,0.3620751467724121,-0.4782270320177159,0.4782270320177159,0.3620751467724121,1.4642857142857142,2.071428571428572,2.5,32.24529764273617,10.00401161573638,2.513331128805475,-2.416338874010568,2.230948535260857,-2.707807208919476,7.836563836647012,-0.1608446168429468,2.971847309732629,2.2592762983237704,953.8851353067348,21.43879310982592,14.8114553779692,16.444448539824652,12.752743308167698,7.578995896792942,9.855612118054724,6.221230582074894,8.399971119282888,3.730567932227123,5.414072402778615,2.1128455580549623,3.54351374163482,-2.78,690205.5939907836,21.519292322605008,7.325918985638601,4.204134383579708,162.59031069995737,20.994572059745856,11.735768823996422,10.843243482610037,5.601050810983688,11.814359458703011,16.27347016397548,14.141824241834009,14.083731696315263,8.417796984328938,11.336785877934735,5.15571272675054,20.771211599071872,5.380062770465915,6.041840829147961,37.29827438881211,50.26785898322327,0.0,14.605983116249774,5.15571272675054,38.455944068351485,5.733667477162185,11.073990765314376,0.0,0.0,11.050456081168516,5.131558479839333,0.0,11.336785877934735,68.54635098380861,29.525365011975733,0.0,26.46513959392033,10.535775497216456,0.0,0.0,0.0,201.58,51.4842470947288,22.801408536544404,0.0,15.130702465984026,0.0,11.336785877934735,26.151274369537788,0.0,0.0,15.456479851704078,20.23053332942989,31.44978820569469,0.9796905422586336,44.39737831563419,16.334751159546904,3.256457088644816,-3.375611656986792,-2.3123389733980013,0.0,3.692820624691566,-4.756268639419342,0.4615384615384615,28,5,13,0,1,1,0,1,1,10,4,15,7,0,1,1,2,-1.172499999999998,95.65050000000004,1,0,0,1,0,1,0,0,1,1,3,2,0,0,0,3,1,1,0,0,0,0,0,0,0,0,0,2,0,1,0,0,0,0,0,0,0,0,0,0,0,0,0,0,0,0,0,0,0,0,0,0,0,1,0,0,0,0,0,0,0,0,0,1,0,0,0,0,0,0,0,0,0,0,0,0,0,0,0,0,1,0,0,0,0,573.0,Klebsiella pneumoniae,Bacteria
116636,,20612424,CHEMBL4606432,Antimicrobial activity against Pseudomonas aeruginosa clinical isolates by standard broth microdilution method,F,BAO_0003035,BAO_0000218,organism-based format,C[C@H]1[C@H](NC(=O)/C(=N\OC(C)(C)C(=O)O)c2csc(N)n2)C(=O)N1S(=O)(=O)O,CHEMBL4602731,J Med Chem,2020.0,CHEMBL158,AZTREONAM,CHEMBL158,0,http://www.openphacts.org/units/MicrogramPerMilliliter,3467608,=,1,1,=,MIC50,ug.mL-1,8.0,CHEMBL348,Pseudomonas aeruginosa,Pseudomonas aeruginosa,287.0,,MIC50,ug ml-1,UO_0000274,8.0,CHEMBL158,C[C@H]1[C@H](NC(=O)/C(=N\OC(C)(C)C(=O)O)c2csc(N)n2)C(=O)N1S(=O)(=O)O,12.562141912320484,12.562141912320484,0.0349535856009066,-4.756268639419342,0.174788224513646,20.5,435.44000000000017,418.30400000000014,435.051854504,154,0,0.3620751467724121,-0.4782270320177159,0.4782270320177159,0.3620751467724121,1.4642857142857142,2.071428571428572,2.5,32.24529764273617,10.00401161573638,2.513331128805475,-2.416338874010568,2.230948535260857,-2.707807208919476,7.836563836647012,-0.1608446168429468,2.971847309732629,2.2592762983237704,953.8851353067348,21.43879310982592,14.8114553779692,16.444448539824652,12.752743308167698,7.578995896792942,9.855612118054724,6.221230582074894,8.399971119282888,3.730567932227123,5.414072402778615,2.1128455580549623,3.54351374163482,-2.78,690205.5939907836,21.519292322605008,7.325918985638601,4.204134383579708,162.59031069995737,20.994572059745856,11.735768823996422,10.843243482610037,5.601050810983688,11.814359458703011,16.27347016397548,14.141824241834009,14.083731696315263,8.417796984328938,11.336785877934735,5.15571272675054,20.771211599071872,5.380062770465915,6.041840829147961,37.29827438881211,50.26785898322327,0.0,14.605983116249774,5.15571272675054,38.455944068351485,5.733667477162185,11.073990765314376,0.0,0.0,11.050456081168516,5.131558479839333,0.0,11.336785877934735,68.54635098380861,29.525365011975733,0.0,26.46513959392033,10.535775497216456,0.0,0.0,0.0,201.58,51.4842470947288,22.801408536544404,0.0,15.130702465984026,0.0,11.336785877934735,26.151274369537788,0.0,0.0,15.456479851704078,20.23053332942989,31.44978820569469,0.9796905422586336,44.39737831563419,16.334751159546904,3.256457088644816,-3.375611656986792,-2.3123389733980013,0.0,3.692820624691566,-4.756268639419342,0.4615384615384615,28,5,13,0,1,1,0,1,1,10,4,15,7,0,1,1,2,-1.172499999999998,95.65050000000004,1,0,0,1,0,1,0,0,1,1,3,2,0,0,0,3,1,1,0,0,0,0,0,0,0,0,0,2,0,1,0,0,0,0,0,0,0,0,0,0,0,0,0,0,0,0,0,0,0,0,0,0,0,1,0,0,0,0,0,0,0,0,0,1,0,0,0,0,0,0,0,0,0,0,0,0,0,0,0,0,1,0,0,0,0,287.0,Pseudomonas aeruginosa,Bacteria
116636,,20612424,CHEMBL4606432,Antimicrobial activity against Pseudomonas aeruginosa clinical isolates by standard broth microdilution method,F,BAO_0003035,BAO_0000218,organism-based format,C[C@H]1[C@H](NC(=O)/C(=N\OC(C)(C)C(=O)O)c2csc(N)n2)C(=O)N1S(=O)(=O)O,CHEMBL4602731,J Med Chem,2020.0,CHEMBL158,AZTREONAM,CHEMBL158,0,http://www.openphacts.org/units/MicrogramPerMilliliter,3467608,=,1,1,=,MIC50,ug.mL-1,8.0,CHEMBL348,Pseudomonas aeruginosa,Pseudomonas aeruginosa,287.0,,MIC50,ug ml-1,UO_0000274,8.0,CHEMBL158,C[C@H]1[C@H](NC(=O)/C(=N\OC(C)(C)C(=O)O)c2csc(N)n2)C(=O)N1S(=O)(=O)O,12.562141912320484,12.562141912320484,0.0349535856009066,-4.756268639419342,0.174788224513646,20.5,435.44000000000017,418.30400000000014,435.051854504,154,0,0.3620751467724121,-0.4782270320177159,0.4782270320177159,0.3620751467724121,1.4642857142857142,2.071428571428572,2.5,32.24529764273617,10.00401161573638,2.513331128805475,-2.416338874010568,2.230948535260857,-2.707807208919476,7.836563836647012,-0.1608446168429468,2.971847309732629,2.2592762983237704,953.8851353067348,21.43879310982592,14.8114553779692,16.444448539824652,12.752743308167698,7.578995896792942,9.855612118054724,6.221230582074894,8.399971119282888,3.730567932227123,5.414072402778615,2.1128455580549623,3.54351374163482,-2.78,690205.5939907836,21.519292322605008,7.325918985638601,4.204134383579708,162.59031069995737,20.994572059745856,11.735768823996422,10.843243482610037,5.601050810983688,11.814359458703011,16.27347016397548,14.141824241834009,14.083731696315263,8.417796984328938,11.336785877934735,5.15571272675054,20.771211599071872,5.380062770465915,6.041840829147961,37.29827438881211,50.26785898322327,0.0,14.605983116249774,5.15571272675054,38.455944068351485,5.733667477162185,11.073990765314376,0.0,0.0,11.050456081168516,5.131558479839333,0.0,11.336785877934735,68.54635098380861,29.525365011975733,0.0,26.46513959392033,10.535775497216456,0.0,0.0,0.0,201.58,51.4842470947288,22.801408536544404,0.0,15.130702465984026,0.0,11.336785877934735,26.151274369537788,0.0,0.0,15.456479851704078,20.23053332942989,31.44978820569469,0.9796905422586336,44.39737831563419,16.334751159546904,3.256457088644816,-3.375611656986792,-2.3123389733980013,0.0,3.692820624691566,-4.756268639419342,0.4615384615384615,28,5,13,0,1,1,0,1,1,10,4,15,7,0,1,1,2,-1.172499999999998,95.65050000000004,1,0,0,1,0,1,0,0,1,1,3,2,0,0,0,3,1,1,0,0,0,0,0,0,0,0,0,2,0,1,0,0,0,0,0,0,0,0,0,0,0,0,0,0,0,0,0,0,0,0,0,0,0,1,0,0,0,0,0,0,0,0,0,1,0,0,0,0,0,0,0,0,0,0,0,0,0,0,0,0,1,0,0,0,0,287.0,Pseudomonas aeruginosa,Bacteria
116636,,20612424,CHEMBL4606432,Antimicrobial activity against Pseudomonas aeruginosa clinical isolates by standard broth microdilution method,F,BAO_0003035,BAO_0000218,organism-based format,C[C@H]1[C@H](NC(=O)/C(=N\OC(C)(C)C(=O)O)c2csc(N)n2)C(=O)N1S(=O)(=O)O,CHEMBL4602731,J Med Chem,2020.0,CHEMBL158,AZTREONAM,CHEMBL158,0,http://www.openphacts.org/units/MicrogramPerMilliliter,3467608,=,1,1,=,MIC50,ug.mL-1,8.0,CHEMBL348,Pseudomonas aeruginosa,Pseudomonas aeruginosa,287.0,,MIC50,ug ml-1,UO_0000274,8.0,CHEMBL158,C[C@H]1[C@H](NC(=O)/C(=N\OC(C)(C)C(=O)O)c2csc(N)n2)C(=O)N1S(=O)(=O)O,12.562141912320484,12.562141912320484,0.0349535856009066,-4.756268639419342,0.174788224513646,20.5,435.44000000000017,418.30400000000014,435.051854504,154,0,0.3620751467724121,-0.4782270320177159,0.4782270320177159,0.3620751467724121,1.4642857142857142,2.071428571428572,2.5,32.24529764273617,10.00401161573638,2.513331128805475,-2.416338874010568,2.230948535260857,-2.707807208919476,7.836563836647012,-0.1608446168429468,2.971847309732629,2.2592762983237704,953.8851353067348,21.43879310982592,14.8114553779692,16.444448539824652,12.752743308167698,7.578995896792942,9.855612118054724,6.221230582074894,8.399971119282888,3.730567932227123,5.414072402778615,2.1128455580549623,3.54351374163482,-2.78,690205.5939907836,21.519292322605008,7.325918985638601,4.204134383579708,162.59031069995737,20.994572059745856,11.735768823996422,10.843243482610037,5.601050810983688,11.814359458703011,16.27347016397548,14.141824241834009,14.083731696315263,8.417796984328938,11.336785877934735,5.15571272675054,20.771211599071872,5.380062770465915,6.041840829147961,37.29827438881211,50.26785898322327,0.0,14.605983116249774,5.15571272675054,38.455944068351485,5.733667477162185,11.073990765314376,0.0,0.0,11.050456081168516,5.131558479839333,0.0,11.336785877934735,68.54635098380861,29.525365011975733,0.0,26.46513959392033,10.535775497216456,0.0,0.0,0.0,201.58,51.4842470947288,22.801408536544404,0.0,15.130702465984026,0.0,11.336785877934735,26.151274369537788,0.0,0.0,15.456479851704078,20.23053332942989,31.44978820569469,0.9796905422586336,44.39737831563419,16.334751159546904,3.256457088644816,-3.375611656986792,-2.3123389733980013,0.0,3.692820624691566,-4.756268639419342,0.4615384615384615,28,5,13,0,1,1,0,1,1,10,4,15,7,0,1,1,2,-1.172499999999998,95.65050000000004,1,0,0,1,0,1,0,0,1,1,3,2,0,0,0,3,1,1,0,0,0,0,0,0,0,0,0,2,0,1,0,0,0,0,0,0,0,0,0,0,0,0,0,0,0,0,0,0,0,0,0,0,0,1,0,0,0,0,0,0,0,0,0,1,0,0,0,0,0,0,0,0,0,0,0,0,0,0,0,0,1,0,0,0,0,287.0,Pseudomonas aeruginosa,Bacteria
116637,,20612429,CHEMBL4606432,Antimicrobial activity against Pseudomonas aeruginosa clinical isolates by standard broth microdilution method,F,BAO_0000179,BAO_0000218,organism-based format,C[C@H]1[C@H](NC(=O)/C(=N\OC(C)(C)C(=O)O)c2csc(N)n2)C(=O)N1S(=O)(=O)O,CHEMBL4602731,J Med Chem,2020.0,CHEMBL158,AZTREONAM,CHEMBL158,0,http://www.openphacts.org/units/MicrogramPerMilliliter,3467608,>,1,1,>,MIC90,ug.mL-1,16.0,CHEMBL348,Pseudomonas aeruginosa,Pseudomonas aeruginosa,287.0,,MIC90,ug ml-1,UO_0000274,16.0,CHEMBL158,C[C@H]1[C@H](NC(=O)/C(=N\OC(C)(C)C(=O)O)c2csc(N)n2)C(=O)N1S(=O)(=O)O,12.562141912320484,12.562141912320484,0.0349535856009066,-4.756268639419342,0.174788224513646,20.5,435.44000000000017,418.30400000000014,435.051854504,154,0,0.3620751467724121,-0.4782270320177159,0.4782270320177159,0.3620751467724121,1.4642857142857142,2.071428571428572,2.5,32.24529764273617,10.00401161573638,2.513331128805475,-2.416338874010568,2.230948535260857,-2.707807208919476,7.836563836647012,-0.1608446168429468,2.971847309732629,2.2592762983237704,953.8851353067348,21.43879310982592,14.8114553779692,16.444448539824652,12.752743308167698,7.578995896792942,9.855612118054724,6.221230582074894,8.399971119282888,3.730567932227123,5.414072402778615,2.1128455580549623,3.54351374163482,-2.78,690205.5939907836,21.519292322605008,7.325918985638601,4.204134383579708,162.59031069995737,20.994572059745856,11.735768823996422,10.843243482610037,5.601050810983688,11.814359458703011,16.27347016397548,14.141824241834009,14.083731696315263,8.417796984328938,11.336785877934735,5.15571272675054,20.771211599071872,5.380062770465915,6.041840829147961,37.29827438881211,50.26785898322327,0.0,14.605983116249774,5.15571272675054,38.455944068351485,5.733667477162185,11.073990765314376,0.0,0.0,11.050456081168516,5.131558479839333,0.0,11.336785877934735,68.54635098380861,29.525365011975733,0.0,26.46513959392033,10.535775497216456,0.0,0.0,0.0,201.58,51.4842470947288,22.801408536544404,0.0,15.130702465984026,0.0,11.336785877934735,26.151274369537788,0.0,0.0,15.456479851704078,20.23053332942989,31.44978820569469,0.9796905422586336,44.39737831563419,16.334751159546904,3.256457088644816,-3.375611656986792,-2.3123389733980013,0.0,3.692820624691566,-4.756268639419342,0.4615384615384615,28,5,13,0,1,1,0,1,1,10,4,15,7,0,1,1,2,-1.172499999999998,95.65050000000004,1,0,0,1,0,1,0,0,1,1,3,2,0,0,0,3,1,1,0,0,0,0,0,0,0,0,0,2,0,1,0,0,0,0,0,0,0,0,0,0,0,0,0,0,0,0,0,0,0,0,0,0,0,1,0,0,0,0,0,0,0,0,0,1,0,0,0,0,0,0,0,0,0,0,0,0,0,0,0,0,1,0,0,0,0,287.0,Pseudomonas aeruginosa,Bacteria
116637,,20612429,CHEMBL4606432,Antimicrobial activity against Pseudomonas aeruginosa clinical isolates by standard broth microdilution method,F,BAO_0000179,BAO_0000218,organism-based format,C[C@H]1[C@H](NC(=O)/C(=N\OC(C)(C)C(=O)O)c2csc(N)n2)C(=O)N1S(=O)(=O)O,CHEMBL4602731,J Med Chem,2020.0,CHEMBL158,AZTREONAM,CHEMBL158,0,http://www.openphacts.org/units/MicrogramPerMilliliter,3467608,>,1,1,>,MIC90,ug.mL-1,16.0,CHEMBL348,Pseudomonas aeruginosa,Pseudomonas aeruginosa,287.0,,MIC90,ug ml-1,UO_0000274,16.0,CHEMBL158,C[C@H]1[C@H](NC(=O)/C(=N\OC(C)(C)C(=O)O)c2csc(N)n2)C(=O)N1S(=O)(=O)O,12.562141912320484,12.562141912320484,0.0349535856009066,-4.756268639419342,0.174788224513646,20.5,435.44000000000017,418.30400000000014,435.051854504,154,0,0.3620751467724121,-0.4782270320177159,0.4782270320177159,0.3620751467724121,1.4642857142857142,2.071428571428572,2.5,32.24529764273617,10.00401161573638,2.513331128805475,-2.416338874010568,2.230948535260857,-2.707807208919476,7.836563836647012,-0.1608446168429468,2.971847309732629,2.2592762983237704,953.8851353067348,21.43879310982592,14.8114553779692,16.444448539824652,12.752743308167698,7.578995896792942,9.855612118054724,6.221230582074894,8.399971119282888,3.730567932227123,5.414072402778615,2.1128455580549623,3.54351374163482,-2.78,690205.5939907836,21.519292322605008,7.325918985638601,4.204134383579708,162.59031069995737,20.994572059745856,11.735768823996422,10.843243482610037,5.601050810983688,11.814359458703011,16.27347016397548,14.141824241834009,14.083731696315263,8.417796984328938,11.336785877934735,5.15571272675054,20.771211599071872,5.380062770465915,6.041840829147961,37.29827438881211,50.26785898322327,0.0,14.605983116249774,5.15571272675054,38.455944068351485,5.733667477162185,11.073990765314376,0.0,0.0,11.050456081168516,5.131558479839333,0.0,11.336785877934735,68.54635098380861,29.525365011975733,0.0,26.46513959392033,10.535775497216456,0.0,0.0,0.0,201.58,51.4842470947288,22.801408536544404,0.0,15.130702465984026,0.0,11.336785877934735,26.151274369537788,0.0,0.0,15.456479851704078,20.23053332942989,31.44978820569469,0.9796905422586336,44.39737831563419,16.334751159546904,3.256457088644816,-3.375611656986792,-2.3123389733980013,0.0,3.692820624691566,-4.756268639419342,0.4615384615384615,28,5,13,0,1,1,0,1,1,10,4,15,7,0,1,1,2,-1.172499999999998,95.65050000000004,1,0,0,1,0,1,0,0,1,1,3,2,0,0,0,3,1,1,0,0,0,0,0,0,0,0,0,2,0,1,0,0,0,0,0,0,0,0,0,0,0,0,0,0,0,0,0,0,0,0,0,0,0,1,0,0,0,0,0,0,0,0,0,1,0,0,0,0,0,0,0,0,0,0,0,0,0,0,0,0,1,0,0,0,0,287.0,Pseudomonas aeruginosa,Bacteria
116637,,20612429,CHEMBL4606432,Antimicrobial activity against Pseudomonas aeruginosa clinical isolates by standard broth microdilution method,F,BAO_0000179,BAO_0000218,organism-based format,C[C@H]1[C@H](NC(=O)/C(=N\OC(C)(C)C(=O)O)c2csc(N)n2)C(=O)N1S(=O)(=O)O,CHEMBL4602731,J Med Chem,2020.0,CHEMBL158,AZTREONAM,CHEMBL158,0,http://www.openphacts.org/units/MicrogramPerMilliliter,3467608,>,1,1,>,MIC90,ug.mL-1,16.0,CHEMBL348,Pseudomonas aeruginosa,Pseudomonas aeruginosa,287.0,,MIC90,ug ml-1,UO_0000274,16.0,CHEMBL158,C[C@H]1[C@H](NC(=O)/C(=N\OC(C)(C)C(=O)O)c2csc(N)n2)C(=O)N1S(=O)(=O)O,12.562141912320484,12.562141912320484,0.0349535856009066,-4.756268639419342,0.174788224513646,20.5,435.44000000000017,418.30400000000014,435.051854504,154,0,0.3620751467724121,-0.4782270320177159,0.4782270320177159,0.3620751467724121,1.4642857142857142,2.071428571428572,2.5,32.24529764273617,10.00401161573638,2.513331128805475,-2.416338874010568,2.230948535260857,-2.707807208919476,7.836563836647012,-0.1608446168429468,2.971847309732629,2.2592762983237704,953.8851353067348,21.43879310982592,14.8114553779692,16.444448539824652,12.752743308167698,7.578995896792942,9.855612118054724,6.221230582074894,8.399971119282888,3.730567932227123,5.414072402778615,2.1128455580549623,3.54351374163482,-2.78,690205.5939907836,21.519292322605008,7.325918985638601,4.204134383579708,162.59031069995737,20.994572059745856,11.735768823996422,10.843243482610037,5.601050810983688,11.814359458703011,16.27347016397548,14.141824241834009,14.083731696315263,8.417796984328938,11.336785877934735,5.15571272675054,20.771211599071872,5.380062770465915,6.041840829147961,37.29827438881211,50.26785898322327,0.0,14.605983116249774,5.15571272675054,38.455944068351485,5.733667477162185,11.073990765314376,0.0,0.0,11.050456081168516,5.131558479839333,0.0,11.336785877934735,68.54635098380861,29.525365011975733,0.0,26.46513959392033,10.535775497216456,0.0,0.0,0.0,201.58,51.4842470947288,22.801408536544404,0.0,15.130702465984026,0.0,11.336785877934735,26.151274369537788,0.0,0.0,15.456479851704078,20.23053332942989,31.44978820569469,0.9796905422586336,44.39737831563419,16.334751159546904,3.256457088644816,-3.375611656986792,-2.3123389733980013,0.0,3.692820624691566,-4.756268639419342,0.4615384615384615,28,5,13,0,1,1,0,1,1,10,4,15,7,0,1,1,2,-1.172499999999998,95.65050000000004,1,0,0,1,0,1,0,0,1,1,3,2,0,0,0,3,1,1,0,0,0,0,0,0,0,0,0,2,0,1,0,0,0,0,0,0,0,0,0,0,0,0,0,0,0,0,0,0,0,0,0,0,0,1,0,0,0,0,0,0,0,0,0,1,0,0,0,0,0,0,0,0,0,0,0,0,0,0,0,0,1,0,0,0,0,287.0,Pseudomonas aeruginosa,Bacteria
116638,,20612434,CHEMBL4606433,Antimicrobial activity against Klebsiella pneumoniae clinical isolates by standard broth microdilution method,F,BAO_0003035,BAO_0000218,organism-based format,C[C@H]1[C@H](NC(=O)/C(=N\OC(C)(C)C(=O)O)c2csc(N)n2)C(=O)N1S(=O)(=O)O,CHEMBL4602731,J Med Chem,2020.0,CHEMBL158,AZTREONAM,CHEMBL158,0,http://www.openphacts.org/units/MicrogramPerMilliliter,3467608,>,1,1,>,MIC50,ug.mL-1,32.0,CHEMBL350,Klebsiella pneumoniae,Klebsiella pneumoniae,573.0,,MIC50,ug ml-1,UO_0000274,32.0,CHEMBL158,C[C@H]1[C@H](NC(=O)/C(=N\OC(C)(C)C(=O)O)c2csc(N)n2)C(=O)N1S(=O)(=O)O,12.562141912320484,12.562141912320484,0.0349535856009066,-4.756268639419342,0.174788224513646,20.5,435.44000000000017,418.30400000000014,435.051854504,154,0,0.3620751467724121,-0.4782270320177159,0.4782270320177159,0.3620751467724121,1.4642857142857142,2.071428571428572,2.5,32.24529764273617,10.00401161573638,2.513331128805475,-2.416338874010568,2.230948535260857,-2.707807208919476,7.836563836647012,-0.1608446168429468,2.971847309732629,2.2592762983237704,953.8851353067348,21.43879310982592,14.8114553779692,16.444448539824652,12.752743308167698,7.578995896792942,9.855612118054724,6.221230582074894,8.399971119282888,3.730567932227123,5.414072402778615,2.1128455580549623,3.54351374163482,-2.78,690205.5939907836,21.519292322605008,7.325918985638601,4.204134383579708,162.59031069995737,20.994572059745856,11.735768823996422,10.843243482610037,5.601050810983688,11.814359458703011,16.27347016397548,14.141824241834009,14.083731696315263,8.417796984328938,11.336785877934735,5.15571272675054,20.771211599071872,5.380062770465915,6.041840829147961,37.29827438881211,50.26785898322327,0.0,14.605983116249774,5.15571272675054,38.455944068351485,5.733667477162185,11.073990765314376,0.0,0.0,11.050456081168516,5.131558479839333,0.0,11.336785877934735,68.54635098380861,29.525365011975733,0.0,26.46513959392033,10.535775497216456,0.0,0.0,0.0,201.58,51.4842470947288,22.801408536544404,0.0,15.130702465984026,0.0,11.336785877934735,26.151274369537788,0.0,0.0,15.456479851704078,20.23053332942989,31.44978820569469,0.9796905422586336,44.39737831563419,16.334751159546904,3.256457088644816,-3.375611656986792,-2.3123389733980013,0.0,3.692820624691566,-4.756268639419342,0.4615384615384615,28,5,13,0,1,1,0,1,1,10,4,15,7,0,1,1,2,-1.172499999999998,95.65050000000004,1,0,0,1,0,1,0,0,1,1,3,2,0,0,0,3,1,1,0,0,0,0,0,0,0,0,0,2,0,1,0,0,0,0,0,0,0,0,0,0,0,0,0,0,0,0,0,0,0,0,0,0,0,1,0,0,0,0,0,0,0,0,0,1,0,0,0,0,0,0,0,0,0,0,0,0,0,0,0,0,1,0,0,0,0,573.0,Klebsiella pneumoniae,Bacteria
116638,,20612434,CHEMBL4606433,Antimicrobial activity against Klebsiella pneumoniae clinical isolates by standard broth microdilution method,F,BAO_0003035,BAO_0000218,organism-based format,C[C@H]1[C@H](NC(=O)/C(=N\OC(C)(C)C(=O)O)c2csc(N)n2)C(=O)N1S(=O)(=O)O,CHEMBL4602731,J Med Chem,2020.0,CHEMBL158,AZTREONAM,CHEMBL158,0,http://www.openphacts.org/units/MicrogramPerMilliliter,3467608,>,1,1,>,MIC50,ug.mL-1,32.0,CHEMBL350,Klebsiella pneumoniae,Klebsiella pneumoniae,573.0,,MIC50,ug ml-1,UO_0000274,32.0,CHEMBL158,C[C@H]1[C@H](NC(=O)/C(=N\OC(C)(C)C(=O)O)c2csc(N)n2)C(=O)N1S(=O)(=O)O,12.562141912320484,12.562141912320484,0.0349535856009066,-4.756268639419342,0.174788224513646,20.5,435.44000000000017,418.30400000000014,435.051854504,154,0,0.3620751467724121,-0.4782270320177159,0.4782270320177159,0.3620751467724121,1.4642857142857142,2.071428571428572,2.5,32.24529764273617,10.00401161573638,2.513331128805475,-2.416338874010568,2.230948535260857,-2.707807208919476,7.836563836647012,-0.1608446168429468,2.971847309732629,2.2592762983237704,953.8851353067348,21.43879310982592,14.8114553779692,16.444448539824652,12.752743308167698,7.578995896792942,9.855612118054724,6.221230582074894,8.399971119282888,3.730567932227123,5.414072402778615,2.1128455580549623,3.54351374163482,-2.78,690205.5939907836,21.519292322605008,7.325918985638601,4.204134383579708,162.59031069995737,20.994572059745856,11.735768823996422,10.843243482610037,5.601050810983688,11.814359458703011,16.27347016397548,14.141824241834009,14.083731696315263,8.417796984328938,11.336785877934735,5.15571272675054,20.771211599071872,5.380062770465915,6.041840829147961,37.29827438881211,50.26785898322327,0.0,14.605983116249774,5.15571272675054,38.455944068351485,5.733667477162185,11.073990765314376,0.0,0.0,11.050456081168516,5.131558479839333,0.0,11.336785877934735,68.54635098380861,29.525365011975733,0.0,26.46513959392033,10.535775497216456,0.0,0.0,0.0,201.58,51.4842470947288,22.801408536544404,0.0,15.130702465984026,0.0,11.336785877934735,26.151274369537788,0.0,0.0,15.456479851704078,20.23053332942989,31.44978820569469,0.9796905422586336,44.39737831563419,16.334751159546904,3.256457088644816,-3.375611656986792,-2.3123389733980013,0.0,3.692820624691566,-4.756268639419342,0.4615384615384615,28,5,13,0,1,1,0,1,1,10,4,15,7,0,1,1,2,-1.172499999999998,95.65050000000004,1,0,0,1,0,1,0,0,1,1,3,2,0,0,0,3,1,1,0,0,0,0,0,0,0,0,0,2,0,1,0,0,0,0,0,0,0,0,0,0,0,0,0,0,0,0,0,0,0,0,0,0,0,1,0,0,0,0,0,0,0,0,0,1,0,0,0,0,0,0,0,0,0,0,0,0,0,0,0,0,1,0,0,0,0,573.0,Klebsiella pneumoniae,Bacteria
116639,,20612439,CHEMBL4606433,Antimicrobial activity against Klebsiella pneumoniae clinical isolates by standard broth microdilution method,F,BAO_0000179,BAO_0000218,organism-based format,C[C@H]1[C@H](NC(=O)/C(=N\OC(C)(C)C(=O)O)c2csc(N)n2)C(=O)N1S(=O)(=O)O,CHEMBL4602731,J Med Chem,2020.0,CHEMBL158,AZTREONAM,CHEMBL158,0,http://www.openphacts.org/units/MicrogramPerMilliliter,3467608,>,1,1,>,MIC90,ug.mL-1,32.0,CHEMBL350,Klebsiella pneumoniae,Klebsiella pneumoniae,573.0,,MIC90,ug ml-1,UO_0000274,32.0,CHEMBL158,C[C@H]1[C@H](NC(=O)/C(=N\OC(C)(C)C(=O)O)c2csc(N)n2)C(=O)N1S(=O)(=O)O,12.562141912320484,12.562141912320484,0.0349535856009066,-4.756268639419342,0.174788224513646,20.5,435.44000000000017,418.30400000000014,435.051854504,154,0,0.3620751467724121,-0.4782270320177159,0.4782270320177159,0.3620751467724121,1.4642857142857142,2.071428571428572,2.5,32.24529764273617,10.00401161573638,2.513331128805475,-2.416338874010568,2.230948535260857,-2.707807208919476,7.836563836647012,-0.1608446168429468,2.971847309732629,2.2592762983237704,953.8851353067348,21.43879310982592,14.8114553779692,16.444448539824652,12.752743308167698,7.578995896792942,9.855612118054724,6.221230582074894,8.399971119282888,3.730567932227123,5.414072402778615,2.1128455580549623,3.54351374163482,-2.78,690205.5939907836,21.519292322605008,7.325918985638601,4.204134383579708,162.59031069995737,20.994572059745856,11.735768823996422,10.843243482610037,5.601050810983688,11.814359458703011,16.27347016397548,14.141824241834009,14.083731696315263,8.417796984328938,11.336785877934735,5.15571272675054,20.771211599071872,5.380062770465915,6.041840829147961,37.29827438881211,50.26785898322327,0.0,14.605983116249774,5.15571272675054,38.455944068351485,5.733667477162185,11.073990765314376,0.0,0.0,11.050456081168516,5.131558479839333,0.0,11.336785877934735,68.54635098380861,29.525365011975733,0.0,26.46513959392033,10.535775497216456,0.0,0.0,0.0,201.58,51.4842470947288,22.801408536544404,0.0,15.130702465984026,0.0,11.336785877934735,26.151274369537788,0.0,0.0,15.456479851704078,20.23053332942989,31.44978820569469,0.9796905422586336,44.39737831563419,16.334751159546904,3.256457088644816,-3.375611656986792,-2.3123389733980013,0.0,3.692820624691566,-4.756268639419342,0.4615384615384615,28,5,13,0,1,1,0,1,1,10,4,15,7,0,1,1,2,-1.172499999999998,95.65050000000004,1,0,0,1,0,1,0,0,1,1,3,2,0,0,0,3,1,1,0,0,0,0,0,0,0,0,0,2,0,1,0,0,0,0,0,0,0,0,0,0,0,0,0,0,0,0,0,0,0,0,0,0,0,1,0,0,0,0,0,0,0,0,0,1,0,0,0,0,0,0,0,0,0,0,0,0,0,0,0,0,1,0,0,0,0,573.0,Klebsiella pneumoniae,Bacteria
116639,,20612439,CHEMBL4606433,Antimicrobial activity against Klebsiella pneumoniae clinical isolates by standard broth microdilution method,F,BAO_0000179,BAO_0000218,organism-based format,C[C@H]1[C@H](NC(=O)/C(=N\OC(C)(C)C(=O)O)c2csc(N)n2)C(=O)N1S(=O)(=O)O,CHEMBL4602731,J Med Chem,2020.0,CHEMBL158,AZTREONAM,CHEMBL158,0,http://www.openphacts.org/units/MicrogramPerMilliliter,3467608,>,1,1,>,MIC90,ug.mL-1,32.0,CHEMBL350,Klebsiella pneumoniae,Klebsiella pneumoniae,573.0,,MIC90,ug ml-1,UO_0000274,32.0,CHEMBL158,C[C@H]1[C@H](NC(=O)/C(=N\OC(C)(C)C(=O)O)c2csc(N)n2)C(=O)N1S(=O)(=O)O,12.562141912320484,12.562141912320484,0.0349535856009066,-4.756268639419342,0.174788224513646,20.5,435.44000000000017,418.30400000000014,435.051854504,154,0,0.3620751467724121,-0.4782270320177159,0.4782270320177159,0.3620751467724121,1.4642857142857142,2.071428571428572,2.5,32.24529764273617,10.00401161573638,2.513331128805475,-2.416338874010568,2.230948535260857,-2.707807208919476,7.836563836647012,-0.1608446168429468,2.971847309732629,2.2592762983237704,953.8851353067348,21.43879310982592,14.8114553779692,16.444448539824652,12.752743308167698,7.578995896792942,9.855612118054724,6.221230582074894,8.399971119282888,3.730567932227123,5.414072402778615,2.1128455580549623,3.54351374163482,-2.78,690205.5939907836,21.519292322605008,7.325918985638601,4.204134383579708,162.59031069995737,20.994572059745856,11.735768823996422,10.843243482610037,5.601050810983688,11.814359458703011,16.27347016397548,14.141824241834009,14.083731696315263,8.417796984328938,11.336785877934735,5.15571272675054,20.771211599071872,5.380062770465915,6.041840829147961,37.29827438881211,50.26785898322327,0.0,14.605983116249774,5.15571272675054,38.455944068351485,5.733667477162185,11.073990765314376,0.0,0.0,11.050456081168516,5.131558479839333,0.0,11.336785877934735,68.54635098380861,29.525365011975733,0.0,26.46513959392033,10.535775497216456,0.0,0.0,0.0,201.58,51.4842470947288,22.801408536544404,0.0,15.130702465984026,0.0,11.336785877934735,26.151274369537788,0.0,0.0,15.456479851704078,20.23053332942989,31.44978820569469,0.9796905422586336,44.39737831563419,16.334751159546904,3.256457088644816,-3.375611656986792,-2.3123389733980013,0.0,3.692820624691566,-4.756268639419342,0.4615384615384615,28,5,13,0,1,1,0,1,1,10,4,15,7,0,1,1,2,-1.172499999999998,95.65050000000004,1,0,0,1,0,1,0,0,1,1,3,2,0,0,0,3,1,1,0,0,0,0,0,0,0,0,0,2,0,1,0,0,0,0,0,0,0,0,0,0,0,0,0,0,0,0,0,0,0,0,0,0,0,1,0,0,0,0,0,0,0,0,0,1,0,0,0,0,0,0,0,0,0,0,0,0,0,0,0,0,1,0,0,0,0,573.0,Klebsiella pneumoniae,Bacteria
116640,,20612444,CHEMBL4606434,Antimicrobial activity against Escherichia coli clinical isolates by standard broth microdilution method,F,BAO_0003035,BAO_0000218,organism-based format,C[C@H]1[C@H](NC(=O)/C(=N\OC(C)(C)C(=O)O)c2csc(N)n2)C(=O)N1S(=O)(=O)O,CHEMBL4602731,J Med Chem,2020.0,CHEMBL158,AZTREONAM,CHEMBL158,0,http://www.openphacts.org/units/MicrogramPerMilliliter,3467608,<=,1,1,<=,MIC50,ug.mL-1,2.0,CHEMBL354,Escherichia coli,Escherichia coli,562.0,,MIC50,ug ml-1,UO_0000274,2.0,CHEMBL158,C[C@H]1[C@H](NC(=O)/C(=N\OC(C)(C)C(=O)O)c2csc(N)n2)C(=O)N1S(=O)(=O)O,12.562141912320484,12.562141912320484,0.0349535856009066,-4.756268639419342,0.174788224513646,20.5,435.44000000000017,418.30400000000014,435.051854504,154,0,0.3620751467724121,-0.4782270320177159,0.4782270320177159,0.3620751467724121,1.4642857142857142,2.071428571428572,2.5,32.24529764273617,10.00401161573638,2.513331128805475,-2.416338874010568,2.230948535260857,-2.707807208919476,7.836563836647012,-0.1608446168429468,2.971847309732629,2.2592762983237704,953.8851353067348,21.43879310982592,14.8114553779692,16.444448539824652,12.752743308167698,7.578995896792942,9.855612118054724,6.221230582074894,8.399971119282888,3.730567932227123,5.414072402778615,2.1128455580549623,3.54351374163482,-2.78,690205.5939907836,21.519292322605008,7.325918985638601,4.204134383579708,162.59031069995737,20.994572059745856,11.735768823996422,10.843243482610037,5.601050810983688,11.814359458703011,16.27347016397548,14.141824241834009,14.083731696315263,8.417796984328938,11.336785877934735,5.15571272675054,20.771211599071872,5.380062770465915,6.041840829147961,37.29827438881211,50.26785898322327,0.0,14.605983116249774,5.15571272675054,38.455944068351485,5.733667477162185,11.073990765314376,0.0,0.0,11.050456081168516,5.131558479839333,0.0,11.336785877934735,68.54635098380861,29.525365011975733,0.0,26.46513959392033,10.535775497216456,0.0,0.0,0.0,201.58,51.4842470947288,22.801408536544404,0.0,15.130702465984026,0.0,11.336785877934735,26.151274369537788,0.0,0.0,15.456479851704078,20.23053332942989,31.44978820569469,0.9796905422586336,44.39737831563419,16.334751159546904,3.256457088644816,-3.375611656986792,-2.3123389733980013,0.0,3.692820624691566,-4.756268639419342,0.4615384615384615,28,5,13,0,1,1,0,1,1,10,4,15,7,0,1,1,2,-1.172499999999998,95.65050000000004,1,0,0,1,0,1,0,0,1,1,3,2,0,0,0,3,1,1,0,0,0,0,0,0,0,0,0,2,0,1,0,0,0,0,0,0,0,0,0,0,0,0,0,0,0,0,0,0,0,0,0,0,0,1,0,0,0,0,0,0,0,0,0,1,0,0,0,0,0,0,0,0,0,0,0,0,0,0,0,0,1,0,0,0,0,562.0,Escherichia coli,Bacteria
116640,,20612444,CHEMBL4606434,Antimicrobial activity against Escherichia coli clinical isolates by standard broth microdilution method,F,BAO_0003035,BAO_0000218,organism-based format,C[C@H]1[C@H](NC(=O)/C(=N\OC(C)(C)C(=O)O)c2csc(N)n2)C(=O)N1S(=O)(=O)O,CHEMBL4602731,J Med Chem,2020.0,CHEMBL158,AZTREONAM,CHEMBL158,0,http://www.openphacts.org/units/MicrogramPerMilliliter,3467608,<=,1,1,<=,MIC50,ug.mL-1,2.0,CHEMBL354,Escherichia coli,Escherichia coli,562.0,,MIC50,ug ml-1,UO_0000274,2.0,CHEMBL158,C[C@H]1[C@H](NC(=O)/C(=N\OC(C)(C)C(=O)O)c2csc(N)n2)C(=O)N1S(=O)(=O)O,12.562141912320484,12.562141912320484,0.0349535856009066,-4.756268639419342,0.174788224513646,20.5,435.44000000000017,418.30400000000014,435.051854504,154,0,0.3620751467724121,-0.4782270320177159,0.4782270320177159,0.3620751467724121,1.4642857142857142,2.071428571428572,2.5,32.24529764273617,10.00401161573638,2.513331128805475,-2.416338874010568,2.230948535260857,-2.707807208919476,7.836563836647012,-0.1608446168429468,2.971847309732629,2.2592762983237704,953.8851353067348,21.43879310982592,14.8114553779692,16.444448539824652,12.752743308167698,7.578995896792942,9.855612118054724,6.221230582074894,8.399971119282888,3.730567932227123,5.414072402778615,2.1128455580549623,3.54351374163482,-2.78,690205.5939907836,21.519292322605008,7.325918985638601,4.204134383579708,162.59031069995737,20.994572059745856,11.735768823996422,10.843243482610037,5.601050810983688,11.814359458703011,16.27347016397548,14.141824241834009,14.083731696315263,8.417796984328938,11.336785877934735,5.15571272675054,20.771211599071872,5.380062770465915,6.041840829147961,37.29827438881211,50.26785898322327,0.0,14.605983116249774,5.15571272675054,38.455944068351485,5.733667477162185,11.073990765314376,0.0,0.0,11.050456081168516,5.131558479839333,0.0,11.336785877934735,68.54635098380861,29.525365011975733,0.0,26.46513959392033,10.535775497216456,0.0,0.0,0.0,201.58,51.4842470947288,22.801408536544404,0.0,15.130702465984026,0.0,11.336785877934735,26.151274369537788,0.0,0.0,15.456479851704078,20.23053332942989,31.44978820569469,0.9796905422586336,44.39737831563419,16.334751159546904,3.256457088644816,-3.375611656986792,-2.3123389733980013,0.0,3.692820624691566,-4.756268639419342,0.4615384615384615,28,5,13,0,1,1,0,1,1,10,4,15,7,0,1,1,2,-1.172499999999998,95.65050000000004,1,0,0,1,0,1,0,0,1,1,3,2,0,0,0,3,1,1,0,0,0,0,0,0,0,0,0,2,0,1,0,0,0,0,0,0,0,0,0,0,0,0,0,0,0,0,0,0,0,0,0,0,0,1,0,0,0,0,0,0,0,0,0,1,0,0,0,0,0,0,0,0,0,0,0,0,0,0,0,0,1,0,0,0,0,562.0,Escherichia coli,Bacteria
116640,,20612444,CHEMBL4606434,Antimicrobial activity against Escherichia coli clinical isolates by standard broth microdilution method,F,BAO_0003035,BAO_0000218,organism-based format,C[C@H]1[C@H](NC(=O)/C(=N\OC(C)(C)C(=O)O)c2csc(N)n2)C(=O)N1S(=O)(=O)O,CHEMBL4602731,J Med Chem,2020.0,CHEMBL158,AZTREONAM,CHEMBL158,0,http://www.openphacts.org/units/MicrogramPerMilliliter,3467608,<=,1,1,<=,MIC50,ug.mL-1,2.0,CHEMBL354,Escherichia coli,Escherichia coli,562.0,,MIC50,ug ml-1,UO_0000274,2.0,CHEMBL158,C[C@H]1[C@H](NC(=O)/C(=N\OC(C)(C)C(=O)O)c2csc(N)n2)C(=O)N1S(=O)(=O)O,12.562141912320484,12.562141912320484,0.0349535856009066,-4.756268639419342,0.174788224513646,20.5,435.44000000000017,418.30400000000014,435.051854504,154,0,0.3620751467724121,-0.4782270320177159,0.4782270320177159,0.3620751467724121,1.4642857142857142,2.071428571428572,2.5,32.24529764273617,10.00401161573638,2.513331128805475,-2.416338874010568,2.230948535260857,-2.707807208919476,7.836563836647012,-0.1608446168429468,2.971847309732629,2.2592762983237704,953.8851353067348,21.43879310982592,14.8114553779692,16.444448539824652,12.752743308167698,7.578995896792942,9.855612118054724,6.221230582074894,8.399971119282888,3.730567932227123,5.414072402778615,2.1128455580549623,3.54351374163482,-2.78,690205.5939907836,21.519292322605008,7.325918985638601,4.204134383579708,162.59031069995737,20.994572059745856,11.735768823996422,10.843243482610037,5.601050810983688,11.814359458703011,16.27347016397548,14.141824241834009,14.083731696315263,8.417796984328938,11.336785877934735,5.15571272675054,20.771211599071872,5.380062770465915,6.041840829147961,37.29827438881211,50.26785898322327,0.0,14.605983116249774,5.15571272675054,38.455944068351485,5.733667477162185,11.073990765314376,0.0,0.0,11.050456081168516,5.131558479839333,0.0,11.336785877934735,68.54635098380861,29.525365011975733,0.0,26.46513959392033,10.535775497216456,0.0,0.0,0.0,201.58,51.4842470947288,22.801408536544404,0.0,15.130702465984026,0.0,11.336785877934735,26.151274369537788,0.0,0.0,15.456479851704078,20.23053332942989,31.44978820569469,0.9796905422586336,44.39737831563419,16.334751159546904,3.256457088644816,-3.375611656986792,-2.3123389733980013,0.0,3.692820624691566,-4.756268639419342,0.4615384615384615,28,5,13,0,1,1,0,1,1,10,4,15,7,0,1,1,2,-1.172499999999998,95.65050000000004,1,0,0,1,0,1,0,0,1,1,3,2,0,0,0,3,1,1,0,0,0,0,0,0,0,0,0,2,0,1,0,0,0,0,0,0,0,0,0,0,0,0,0,0,0,0,0,0,0,0,0,0,0,1,0,0,0,0,0,0,0,0,0,1,0,0,0,0,0,0,0,0,0,0,0,0,0,0,0,0,1,0,0,0,0,562.0,Escherichia coli,Bacteria
116640,,20612444,CHEMBL4606434,Antimicrobial activity against Escherichia coli clinical isolates by standard broth microdilution method,F,BAO_0003035,BAO_0000218,organism-based format,C[C@H]1[C@H](NC(=O)/C(=N\OC(C)(C)C(=O)O)c2csc(N)n2)C(=O)N1S(=O)(=O)O,CHEMBL4602731,J Med Chem,2020.0,CHEMBL158,AZTREONAM,CHEMBL158,0,http://www.openphacts.org/units/MicrogramPerMilliliter,3467608,<=,1,1,<=,MIC50,ug.mL-1,2.0,CHEMBL354,Escherichia coli,Escherichia coli,562.0,,MIC50,ug ml-1,UO_0000274,2.0,CHEMBL158,C[C@H]1[C@H](NC(=O)/C(=N\OC(C)(C)C(=O)O)c2csc(N)n2)C(=O)N1S(=O)(=O)O,12.562141912320484,12.562141912320484,0.0349535856009066,-4.756268639419342,0.174788224513646,20.5,435.44000000000017,418.30400000000014,435.051854504,154,0,0.3620751467724121,-0.4782270320177159,0.4782270320177159,0.3620751467724121,1.4642857142857142,2.071428571428572,2.5,32.24529764273617,10.00401161573638,2.513331128805475,-2.416338874010568,2.230948535260857,-2.707807208919476,7.836563836647012,-0.1608446168429468,2.971847309732629,2.2592762983237704,953.8851353067348,21.43879310982592,14.8114553779692,16.444448539824652,12.752743308167698,7.578995896792942,9.855612118054724,6.221230582074894,8.399971119282888,3.730567932227123,5.414072402778615,2.1128455580549623,3.54351374163482,-2.78,690205.5939907836,21.519292322605008,7.325918985638601,4.204134383579708,162.59031069995737,20.994572059745856,11.735768823996422,10.843243482610037,5.601050810983688,11.814359458703011,16.27347016397548,14.141824241834009,14.083731696315263,8.417796984328938,11.336785877934735,5.15571272675054,20.771211599071872,5.380062770465915,6.041840829147961,37.29827438881211,50.26785898322327,0.0,14.605983116249774,5.15571272675054,38.455944068351485,5.733667477162185,11.073990765314376,0.0,0.0,11.050456081168516,5.131558479839333,0.0,11.336785877934735,68.54635098380861,29.525365011975733,0.0,26.46513959392033,10.535775497216456,0.0,0.0,0.0,201.58,51.4842470947288,22.801408536544404,0.0,15.130702465984026,0.0,11.336785877934735,26.151274369537788,0.0,0.0,15.456479851704078,20.23053332942989,31.44978820569469,0.9796905422586336,44.39737831563419,16.334751159546904,3.256457088644816,-3.375611656986792,-2.3123389733980013,0.0,3.692820624691566,-4.756268639419342,0.4615384615384615,28,5,13,0,1,1,0,1,1,10,4,15,7,0,1,1,2,-1.172499999999998,95.65050000000004,1,0,0,1,0,1,0,0,1,1,3,2,0,0,0,3,1,1,0,0,0,0,0,0,0,0,0,2,0,1,0,0,0,0,0,0,0,0,0,0,0,0,0,0,0,0,0,0,0,0,0,0,0,1,0,0,0,0,0,0,0,0,0,1,0,0,0,0,0,0,0,0,0,0,0,0,0,0,0,0,1,0,0,0,0,562.0,Escherichia coli,Bacteria
116641,,20612448,CHEMBL4606434,Antimicrobial activity against Escherichia coli clinical isolates by standard broth microdilution method,F,BAO_0000179,BAO_0000218,organism-based format,C[C@H]1[C@H](NC(=O)/C(=N\OC(C)(C)C(=O)O)c2csc(N)n2)C(=O)N1S(=O)(=O)O,CHEMBL4602731,J Med Chem,2020.0,CHEMBL158,AZTREONAM,CHEMBL158,0,http://www.openphacts.org/units/MicrogramPerMilliliter,3467608,>,1,1,>,MIC90,ug.mL-1,16.0,CHEMBL354,Escherichia coli,Escherichia coli,562.0,,MIC90,ug ml-1,UO_0000274,16.0,CHEMBL158,C[C@H]1[C@H](NC(=O)/C(=N\OC(C)(C)C(=O)O)c2csc(N)n2)C(=O)N1S(=O)(=O)O,12.562141912320484,12.562141912320484,0.0349535856009066,-4.756268639419342,0.174788224513646,20.5,435.44000000000017,418.30400000000014,435.051854504,154,0,0.3620751467724121,-0.4782270320177159,0.4782270320177159,0.3620751467724121,1.4642857142857142,2.071428571428572,2.5,32.24529764273617,10.00401161573638,2.513331128805475,-2.416338874010568,2.230948535260857,-2.707807208919476,7.836563836647012,-0.1608446168429468,2.971847309732629,2.2592762983237704,953.8851353067348,21.43879310982592,14.8114553779692,16.444448539824652,12.752743308167698,7.578995896792942,9.855612118054724,6.221230582074894,8.399971119282888,3.730567932227123,5.414072402778615,2.1128455580549623,3.54351374163482,-2.78,690205.5939907836,21.519292322605008,7.325918985638601,4.204134383579708,162.59031069995737,20.994572059745856,11.735768823996422,10.843243482610037,5.601050810983688,11.814359458703011,16.27347016397548,14.141824241834009,14.083731696315263,8.417796984328938,11.336785877934735,5.15571272675054,20.771211599071872,5.380062770465915,6.041840829147961,37.29827438881211,50.26785898322327,0.0,14.605983116249774,5.15571272675054,38.455944068351485,5.733667477162185,11.073990765314376,0.0,0.0,11.050456081168516,5.131558479839333,0.0,11.336785877934735,68.54635098380861,29.525365011975733,0.0,26.46513959392033,10.535775497216456,0.0,0.0,0.0,201.58,51.4842470947288,22.801408536544404,0.0,15.130702465984026,0.0,11.336785877934735,26.151274369537788,0.0,0.0,15.456479851704078,20.23053332942989,31.44978820569469,0.9796905422586336,44.39737831563419,16.334751159546904,3.256457088644816,-3.375611656986792,-2.3123389733980013,0.0,3.692820624691566,-4.756268639419342,0.4615384615384615,28,5,13,0,1,1,0,1,1,10,4,15,7,0,1,1,2,-1.172499999999998,95.65050000000004,1,0,0,1,0,1,0,0,1,1,3,2,0,0,0,3,1,1,0,0,0,0,0,0,0,0,0,2,0,1,0,0,0,0,0,0,0,0,0,0,0,0,0,0,0,0,0,0,0,0,0,0,0,1,0,0,0,0,0,0,0,0,0,1,0,0,0,0,0,0,0,0,0,0,0,0,0,0,0,0,1,0,0,0,0,562.0,Escherichia coli,Bacteria
116641,,20612448,CHEMBL4606434,Antimicrobial activity against Escherichia coli clinical isolates by standard broth microdilution method,F,BAO_0000179,BAO_0000218,organism-based format,C[C@H]1[C@H](NC(=O)/C(=N\OC(C)(C)C(=O)O)c2csc(N)n2)C(=O)N1S(=O)(=O)O,CHEMBL4602731,J Med Chem,2020.0,CHEMBL158,AZTREONAM,CHEMBL158,0,http://www.openphacts.org/units/MicrogramPerMilliliter,3467608,>,1,1,>,MIC90,ug.mL-1,16.0,CHEMBL354,Escherichia coli,Escherichia coli,562.0,,MIC90,ug ml-1,UO_0000274,16.0,CHEMBL158,C[C@H]1[C@H](NC(=O)/C(=N\OC(C)(C)C(=O)O)c2csc(N)n2)C(=O)N1S(=O)(=O)O,12.562141912320484,12.562141912320484,0.0349535856009066,-4.756268639419342,0.174788224513646,20.5,435.44000000000017,418.30400000000014,435.051854504,154,0,0.3620751467724121,-0.4782270320177159,0.4782270320177159,0.3620751467724121,1.4642857142857142,2.071428571428572,2.5,32.24529764273617,10.00401161573638,2.513331128805475,-2.416338874010568,2.230948535260857,-2.707807208919476,7.836563836647012,-0.1608446168429468,2.971847309732629,2.2592762983237704,953.8851353067348,21.43879310982592,14.8114553779692,16.444448539824652,12.752743308167698,7.578995896792942,9.855612118054724,6.221230582074894,8.399971119282888,3.730567932227123,5.414072402778615,2.1128455580549623,3.54351374163482,-2.78,690205.5939907836,21.519292322605008,7.325918985638601,4.204134383579708,162.59031069995737,20.994572059745856,11.735768823996422,10.843243482610037,5.601050810983688,11.814359458703011,16.27347016397548,14.141824241834009,14.083731696315263,8.417796984328938,11.336785877934735,5.15571272675054,20.771211599071872,5.380062770465915,6.041840829147961,37.29827438881211,50.26785898322327,0.0,14.605983116249774,5.15571272675054,38.455944068351485,5.733667477162185,11.073990765314376,0.0,0.0,11.050456081168516,5.131558479839333,0.0,11.336785877934735,68.54635098380861,29.525365011975733,0.0,26.46513959392033,10.535775497216456,0.0,0.0,0.0,201.58,51.4842470947288,22.801408536544404,0.0,15.130702465984026,0.0,11.336785877934735,26.151274369537788,0.0,0.0,15.456479851704078,20.23053332942989,31.44978820569469,0.9796905422586336,44.39737831563419,16.334751159546904,3.256457088644816,-3.375611656986792,-2.3123389733980013,0.0,3.692820624691566,-4.756268639419342,0.4615384615384615,28,5,13,0,1,1,0,1,1,10,4,15,7,0,1,1,2,-1.172499999999998,95.65050000000004,1,0,0,1,0,1,0,0,1,1,3,2,0,0,0,3,1,1,0,0,0,0,0,0,0,0,0,2,0,1,0,0,0,0,0,0,0,0,0,0,0,0,0,0,0,0,0,0,0,0,0,0,0,1,0,0,0,0,0,0,0,0,0,1,0,0,0,0,0,0,0,0,0,0,0,0,0,0,0,0,1,0,0,0,0,562.0,Escherichia coli,Bacteria
116641,,20612448,CHEMBL4606434,Antimicrobial activity against Escherichia coli clinical isolates by standard broth microdilution method,F,BAO_0000179,BAO_0000218,organism-based format,C[C@H]1[C@H](NC(=O)/C(=N\OC(C)(C)C(=O)O)c2csc(N)n2)C(=O)N1S(=O)(=O)O,CHEMBL4602731,J Med Chem,2020.0,CHEMBL158,AZTREONAM,CHEMBL158,0,http://www.openphacts.org/units/MicrogramPerMilliliter,3467608,>,1,1,>,MIC90,ug.mL-1,16.0,CHEMBL354,Escherichia coli,Escherichia coli,562.0,,MIC90,ug ml-1,UO_0000274,16.0,CHEMBL158,C[C@H]1[C@H](NC(=O)/C(=N\OC(C)(C)C(=O)O)c2csc(N)n2)C(=O)N1S(=O)(=O)O,12.562141912320484,12.562141912320484,0.0349535856009066,-4.756268639419342,0.174788224513646,20.5,435.44000000000017,418.30400000000014,435.051854504,154,0,0.3620751467724121,-0.4782270320177159,0.4782270320177159,0.3620751467724121,1.4642857142857142,2.071428571428572,2.5,32.24529764273617,10.00401161573638,2.513331128805475,-2.416338874010568,2.230948535260857,-2.707807208919476,7.836563836647012,-0.1608446168429468,2.971847309732629,2.2592762983237704,953.8851353067348,21.43879310982592,14.8114553779692,16.444448539824652,12.752743308167698,7.578995896792942,9.855612118054724,6.221230582074894,8.399971119282888,3.730567932227123,5.414072402778615,2.1128455580549623,3.54351374163482,-2.78,690205.5939907836,21.519292322605008,7.325918985638601,4.204134383579708,162.59031069995737,20.994572059745856,11.735768823996422,10.843243482610037,5.601050810983688,11.814359458703011,16.27347016397548,14.141824241834009,14.083731696315263,8.417796984328938,11.336785877934735,5.15571272675054,20.771211599071872,5.380062770465915,6.041840829147961,37.29827438881211,50.26785898322327,0.0,14.605983116249774,5.15571272675054,38.455944068351485,5.733667477162185,11.073990765314376,0.0,0.0,11.050456081168516,5.131558479839333,0.0,11.336785877934735,68.54635098380861,29.525365011975733,0.0,26.46513959392033,10.535775497216456,0.0,0.0,0.0,201.58,51.4842470947288,22.801408536544404,0.0,15.130702465984026,0.0,11.336785877934735,26.151274369537788,0.0,0.0,15.456479851704078,20.23053332942989,31.44978820569469,0.9796905422586336,44.39737831563419,16.334751159546904,3.256457088644816,-3.375611656986792,-2.3123389733980013,0.0,3.692820624691566,-4.756268639419342,0.4615384615384615,28,5,13,0,1,1,0,1,1,10,4,15,7,0,1,1,2,-1.172499999999998,95.65050000000004,1,0,0,1,0,1,0,0,1,1,3,2,0,0,0,3,1,1,0,0,0,0,0,0,0,0,0,2,0,1,0,0,0,0,0,0,0,0,0,0,0,0,0,0,0,0,0,0,0,0,0,0,0,1,0,0,0,0,0,0,0,0,0,1,0,0,0,0,0,0,0,0,0,0,0,0,0,0,0,0,1,0,0,0,0,562.0,Escherichia coli,Bacteria
116641,,20612448,CHEMBL4606434,Antimicrobial activity against Escherichia coli clinical isolates by standard broth microdilution method,F,BAO_0000179,BAO_0000218,organism-based format,C[C@H]1[C@H](NC(=O)/C(=N\OC(C)(C)C(=O)O)c2csc(N)n2)C(=O)N1S(=O)(=O)O,CHEMBL4602731,J Med Chem,2020.0,CHEMBL158,AZTREONAM,CHEMBL158,0,http://www.openphacts.org/units/MicrogramPerMilliliter,3467608,>,1,1,>,MIC90,ug.mL-1,16.0,CHEMBL354,Escherichia coli,Escherichia coli,562.0,,MIC90,ug ml-1,UO_0000274,16.0,CHEMBL158,C[C@H]1[C@H](NC(=O)/C(=N\OC(C)(C)C(=O)O)c2csc(N)n2)C(=O)N1S(=O)(=O)O,12.562141912320484,12.562141912320484,0.0349535856009066,-4.756268639419342,0.174788224513646,20.5,435.44000000000017,418.30400000000014,435.051854504,154,0,0.3620751467724121,-0.4782270320177159,0.4782270320177159,0.3620751467724121,1.4642857142857142,2.071428571428572,2.5,32.24529764273617,10.00401161573638,2.513331128805475,-2.416338874010568,2.230948535260857,-2.707807208919476,7.836563836647012,-0.1608446168429468,2.971847309732629,2.2592762983237704,953.8851353067348,21.43879310982592,14.8114553779692,16.444448539824652,12.752743308167698,7.578995896792942,9.855612118054724,6.221230582074894,8.399971119282888,3.730567932227123,5.414072402778615,2.1128455580549623,3.54351374163482,-2.78,690205.5939907836,21.519292322605008,7.325918985638601,4.204134383579708,162.59031069995737,20.994572059745856,11.735768823996422,10.843243482610037,5.601050810983688,11.814359458703011,16.27347016397548,14.141824241834009,14.083731696315263,8.417796984328938,11.336785877934735,5.15571272675054,20.771211599071872,5.380062770465915,6.041840829147961,37.29827438881211,50.26785898322327,0.0,14.605983116249774,5.15571272675054,38.455944068351485,5.733667477162185,11.073990765314376,0.0,0.0,11.050456081168516,5.131558479839333,0.0,11.336785877934735,68.54635098380861,29.525365011975733,0.0,26.46513959392033,10.535775497216456,0.0,0.0,0.0,201.58,51.4842470947288,22.801408536544404,0.0,15.130702465984026,0.0,11.336785877934735,26.151274369537788,0.0,0.0,15.456479851704078,20.23053332942989,31.44978820569469,0.9796905422586336,44.39737831563419,16.334751159546904,3.256457088644816,-3.375611656986792,-2.3123389733980013,0.0,3.692820624691566,-4.756268639419342,0.4615384615384615,28,5,13,0,1,1,0,1,1,10,4,15,7,0,1,1,2,-1.172499999999998,95.65050000000004,1,0,0,1,0,1,0,0,1,1,3,2,0,0,0,3,1,1,0,0,0,0,0,0,0,0,0,2,0,1,0,0,0,0,0,0,0,0,0,0,0,0,0,0,0,0,0,0,0,0,0,0,0,1,0,0,0,0,0,0,0,0,0,1,0,0,0,0,0,0,0,0,0,0,0,0,0,0,0,0,1,0,0,0,0,562.0,Escherichia coli,Bacteria
116642,No. Measurements = 1,22085162,CHEMBL4651403,Antiviral activity determined as inhibition of SARS-CoV-2 induced cytotoxicity of VERO-6 cells at 10 uM after 48 hours exposure to 0.01 MOI SARS CoV-2 virus by high content imaging,F,BAO_0000190,BAO_0000218,organism-based format,C[C@H]1[C@H](NC(=O)/C(=N\OC(C)(C)C(=O)O)c2csc(N)n2)C(=O)N1S(=O)(=O)O,CHEMBL4651402,,2021.0,CHEMBL158,AZTREONAM,CHEMBL158,0,http://www.openphacts.org/units/Nanomolar,3493097,>,57,1,>,IC50,nM,20000.0,CHEMBL4303835,Severe acute,SARS-CoV-2,2697049.0,,IC50,M,UO_0000065,2e-05,CHEMBL158,C[C@H]1[C@H](NC(=O)/C(=N\OC(C)(C)C(=O)O)c2csc(N)n2)C(=O)N1S(=O)(=O)O,12.562141912320484,12.562141912320484,0.0349535856009066,-4.756268639419342,0.174788224513646,20.5,435.44000000000017,418.30400000000014,435.051854504,154,0,0.3620751467724121,-0.4782270320177159,0.4782270320177159,0.3620751467724121,1.4642857142857142,2.071428571428572,2.5,32.24529764273617,10.00401161573638,2.513331128805475,-2.416338874010568,2.230948535260857,-2.707807208919476,7.836563836647012,-0.1608446168429468,2.971847309732629,2.2592762983237704,953.8851353067348,21.43879310982592,14.8114553779692,16.444448539824652,12.752743308167698,7.578995896792942,9.855612118054724,6.221230582074894,8.399971119282888,3.730567932227123,5.414072402778615,2.1128455580549623,3.54351374163482,-2.78,690205.5939907836,21.519292322605008,7.325918985638601,4.204134383579708,162.59031069995737,20.994572059745856,11.735768823996422,10.843243482610037,5.601050810983688,11.814359458703011,16.27347016397548,14.141824241834009,14.083731696315263,8.417796984328938,11.336785877934735,5.15571272675054,20.771211599071872,5.380062770465915,6.041840829147961,37.29827438881211,50.26785898322327,0.0,14.605983116249774,5.15571272675054,38.455944068351485,5.733667477162185,11.073990765314376,0.0,0.0,11.050456081168516,5.131558479839333,0.0,11.336785877934735,68.54635098380861,29.525365011975733,0.0,26.46513959392033,10.535775497216456,0.0,0.0,0.0,201.58,51.4842470947288,22.801408536544404,0.0,15.130702465984026,0.0,11.336785877934735,26.151274369537788,0.0,0.0,15.456479851704078,20.23053332942989,31.44978820569469,0.9796905422586336,44.39737831563419,16.334751159546904,3.256457088644816,-3.375611656986792,-2.3123389733980013,0.0,3.692820624691566,-4.756268639419342,0.4615384615384615,28,5,13,0,1,1,0,1,1,10,4,15,7,0,1,1,2,-1.172499999999998,95.65050000000004,1,0,0,1,0,1,0,0,1,1,3,2,0,0,0,3,1,1,0,0,0,0,0,0,0,0,0,2,0,1,0,0,0,0,0,0,0,0,0,0,0,0,0,0,0,0,0,0,0,0,0,0,0,1,0,0,0,0,0,0,0,0,0,1,0,0,0,0,0,0,0,0,0,0,0,0,0,0,0,0,1,0,0,0,0,,,
116643,No. Measurements = 1,22085163,CHEMBL4651403,Antiviral activity determined as inhibition of SARS-CoV-2 induced cytotoxicity of VERO-6 cells at 10 uM after 48 hours exposure to 0.01 MOI SARS CoV-2 virus by high content imaging,F,BAO_0000190,BAO_0000218,organism-based format,C[C@H]1[C@H](NC(=O)/C(=N\OC(C)(C)C(=O)O)c2csc(N)n2)C(=O)N1S(=O)(=O)O,CHEMBL4651402,,2021.0,CHEMBL158,AZTREONAM,CHEMBL158,0,http://www.openphacts.org/units/Nanomolar,3493097,<,57,1,>,IC50,nM,19952.62,CHEMBL4303835,Severe acute,SARS-CoV-2,2697049.0,,pIC50,,UO_0000065,4.7,CHEMBL158,C[C@H]1[C@H](NC(=O)/C(=N\OC(C)(C)C(=O)O)c2csc(N)n2)C(=O)N1S(=O)(=O)O,12.562141912320484,12.562141912320484,0.0349535856009066,-4.756268639419342,0.174788224513646,20.5,435.44000000000017,418.30400000000014,435.051854504,154,0,0.3620751467724121,-0.4782270320177159,0.4782270320177159,0.3620751467724121,1.4642857142857142,2.071428571428572,2.5,32.24529764273617,10.00401161573638,2.513331128805475,-2.416338874010568,2.230948535260857,-2.707807208919476,7.836563836647012,-0.1608446168429468,2.971847309732629,2.2592762983237704,953.8851353067348,21.43879310982592,14.8114553779692,16.444448539824652,12.752743308167698,7.578995896792942,9.855612118054724,6.221230582074894,8.399971119282888,3.730567932227123,5.414072402778615,2.1128455580549623,3.54351374163482,-2.78,690205.5939907836,21.519292322605008,7.325918985638601,4.204134383579708,162.59031069995737,20.994572059745856,11.735768823996422,10.843243482610037,5.601050810983688,11.814359458703011,16.27347016397548,14.141824241834009,14.083731696315263,8.417796984328938,11.336785877934735,5.15571272675054,20.771211599071872,5.380062770465915,6.041840829147961,37.29827438881211,50.26785898322327,0.0,14.605983116249774,5.15571272675054,38.455944068351485,5.733667477162185,11.073990765314376,0.0,0.0,11.050456081168516,5.131558479839333,0.0,11.336785877934735,68.54635098380861,29.525365011975733,0.0,26.46513959392033,10.535775497216456,0.0,0.0,0.0,201.58,51.4842470947288,22.801408536544404,0.0,15.130702465984026,0.0,11.336785877934735,26.151274369537788,0.0,0.0,15.456479851704078,20.23053332942989,31.44978820569469,0.9796905422586336,44.39737831563419,16.334751159546904,3.256457088644816,-3.375611656986792,-2.3123389733980013,0.0,3.692820624691566,-4.756268639419342,0.4615384615384615,28,5,13,0,1,1,0,1,1,10,4,15,7,0,1,1,2,-1.172499999999998,95.65050000000004,1,0,0,1,0,1,0,0,1,1,3,2,0,0,0,3,1,1,0,0,0,0,0,0,0,0,0,2,0,1,0,0,0,0,0,0,0,0,0,0,0,0,0,0,0,0,0,0,0,0,0,0,0,1,0,0,0,0,0,0,0,0,0,1,0,0,0,0,0,0,0,0,0,0,0,0,0,0,0,0,1,0,0,0,0,,,
116644,,22932806,CHEMBL4738979,Antibacterial activity against Escherichia coli clinical isolate assessed as reduction in bacterial growth by CLSI based broth microdilution method,F,BAO_0002146,BAO_0000218,organism-based format,C[C@H]1[C@H](NC(=O)/C(=N\OC(C)(C)C(=O)O)c2csc(N)n2)C(=O)N1S(=O)(=O)O,CHEMBL4732240,Bioorg Med Chem Lett,2021.0,CHEMBL158,AZTREONAM,CHEMBL158,0,http://www.openphacts.org/units/MicrogramPerMilliliter,3560775,=,1,1,=,MIC,ug.mL-1,4.0,CHEMBL354,Escherichia coli,Escherichia coli,562.0,,MIC,ug ml-1,UO_0000274,4.0,CHEMBL158,C[C@H]1[C@H](NC(=O)/C(=N\OC(C)(C)C(=O)O)c2csc(N)n2)C(=O)N1S(=O)(=O)O,12.562141912320484,12.562141912320484,0.0349535856009066,-4.756268639419342,0.174788224513646,20.5,435.44000000000017,418.30400000000014,435.051854504,154,0,0.3620751467724121,-0.4782270320177159,0.4782270320177159,0.3620751467724121,1.4642857142857142,2.071428571428572,2.5,32.24529764273617,10.00401161573638,2.513331128805475,-2.416338874010568,2.230948535260857,-2.707807208919476,7.836563836647012,-0.1608446168429468,2.971847309732629,2.2592762983237704,953.8851353067348,21.43879310982592,14.8114553779692,16.444448539824652,12.752743308167698,7.578995896792942,9.855612118054724,6.221230582074894,8.399971119282888,3.730567932227123,5.414072402778615,2.1128455580549623,3.54351374163482,-2.78,690205.5939907836,21.519292322605008,7.325918985638601,4.204134383579708,162.59031069995737,20.994572059745856,11.735768823996422,10.843243482610037,5.601050810983688,11.814359458703011,16.27347016397548,14.141824241834009,14.083731696315263,8.417796984328938,11.336785877934735,5.15571272675054,20.771211599071872,5.380062770465915,6.041840829147961,37.29827438881211,50.26785898322327,0.0,14.605983116249774,5.15571272675054,38.455944068351485,5.733667477162185,11.073990765314376,0.0,0.0,11.050456081168516,5.131558479839333,0.0,11.336785877934735,68.54635098380861,29.525365011975733,0.0,26.46513959392033,10.535775497216456,0.0,0.0,0.0,201.58,51.4842470947288,22.801408536544404,0.0,15.130702465984026,0.0,11.336785877934735,26.151274369537788,0.0,0.0,15.456479851704078,20.23053332942989,31.44978820569469,0.9796905422586336,44.39737831563419,16.334751159546904,3.256457088644816,-3.375611656986792,-2.3123389733980013,0.0,3.692820624691566,-4.756268639419342,0.4615384615384615,28,5,13,0,1,1,0,1,1,10,4,15,7,0,1,1,2,-1.172499999999998,95.65050000000004,1,0,0,1,0,1,0,0,1,1,3,2,0,0,0,3,1,1,0,0,0,0,0,0,0,0,0,2,0,1,0,0,0,0,0,0,0,0,0,0,0,0,0,0,0,0,0,0,0,0,0,0,0,1,0,0,0,0,0,0,0,0,0,1,0,0,0,0,0,0,0,0,0,0,0,0,0,0,0,0,1,0,0,0,0,562.0,Escherichia coli,Bacteria
116644,,22932806,CHEMBL4738979,Antibacterial activity against Escherichia coli clinical isolate assessed as reduction in bacterial growth by CLSI based broth microdilution method,F,BAO_0002146,BAO_0000218,organism-based format,C[C@H]1[C@H](NC(=O)/C(=N\OC(C)(C)C(=O)O)c2csc(N)n2)C(=O)N1S(=O)(=O)O,CHEMBL4732240,Bioorg Med Chem Lett,2021.0,CHEMBL158,AZTREONAM,CHEMBL158,0,http://www.openphacts.org/units/MicrogramPerMilliliter,3560775,=,1,1,=,MIC,ug.mL-1,4.0,CHEMBL354,Escherichia coli,Escherichia coli,562.0,,MIC,ug ml-1,UO_0000274,4.0,CHEMBL158,C[C@H]1[C@H](NC(=O)/C(=N\OC(C)(C)C(=O)O)c2csc(N)n2)C(=O)N1S(=O)(=O)O,12.562141912320484,12.562141912320484,0.0349535856009066,-4.756268639419342,0.174788224513646,20.5,435.44000000000017,418.30400000000014,435.051854504,154,0,0.3620751467724121,-0.4782270320177159,0.4782270320177159,0.3620751467724121,1.4642857142857142,2.071428571428572,2.5,32.24529764273617,10.00401161573638,2.513331128805475,-2.416338874010568,2.230948535260857,-2.707807208919476,7.836563836647012,-0.1608446168429468,2.971847309732629,2.2592762983237704,953.8851353067348,21.43879310982592,14.8114553779692,16.444448539824652,12.752743308167698,7.578995896792942,9.855612118054724,6.221230582074894,8.399971119282888,3.730567932227123,5.414072402778615,2.1128455580549623,3.54351374163482,-2.78,690205.5939907836,21.519292322605008,7.325918985638601,4.204134383579708,162.59031069995737,20.994572059745856,11.735768823996422,10.843243482610037,5.601050810983688,11.814359458703011,16.27347016397548,14.141824241834009,14.083731696315263,8.417796984328938,11.336785877934735,5.15571272675054,20.771211599071872,5.380062770465915,6.041840829147961,37.29827438881211,50.26785898322327,0.0,14.605983116249774,5.15571272675054,38.455944068351485,5.733667477162185,11.073990765314376,0.0,0.0,11.050456081168516,5.131558479839333,0.0,11.336785877934735,68.54635098380861,29.525365011975733,0.0,26.46513959392033,10.535775497216456,0.0,0.0,0.0,201.58,51.4842470947288,22.801408536544404,0.0,15.130702465984026,0.0,11.336785877934735,26.151274369537788,0.0,0.0,15.456479851704078,20.23053332942989,31.44978820569469,0.9796905422586336,44.39737831563419,16.334751159546904,3.256457088644816,-3.375611656986792,-2.3123389733980013,0.0,3.692820624691566,-4.756268639419342,0.4615384615384615,28,5,13,0,1,1,0,1,1,10,4,15,7,0,1,1,2,-1.172499999999998,95.65050000000004,1,0,0,1,0,1,0,0,1,1,3,2,0,0,0,3,1,1,0,0,0,0,0,0,0,0,0,2,0,1,0,0,0,0,0,0,0,0,0,0,0,0,0,0,0,0,0,0,0,0,0,0,0,1,0,0,0,0,0,0,0,0,0,1,0,0,0,0,0,0,0,0,0,0,0,0,0,0,0,0,1,0,0,0,0,562.0,Escherichia coli,Bacteria
116644,,22932806,CHEMBL4738979,Antibacterial activity against Escherichia coli clinical isolate assessed as reduction in bacterial growth by CLSI based broth microdilution method,F,BAO_0002146,BAO_0000218,organism-based format,C[C@H]1[C@H](NC(=O)/C(=N\OC(C)(C)C(=O)O)c2csc(N)n2)C(=O)N1S(=O)(=O)O,CHEMBL4732240,Bioorg Med Chem Lett,2021.0,CHEMBL158,AZTREONAM,CHEMBL158,0,http://www.openphacts.org/units/MicrogramPerMilliliter,3560775,=,1,1,=,MIC,ug.mL-1,4.0,CHEMBL354,Escherichia coli,Escherichia coli,562.0,,MIC,ug ml-1,UO_0000274,4.0,CHEMBL158,C[C@H]1[C@H](NC(=O)/C(=N\OC(C)(C)C(=O)O)c2csc(N)n2)C(=O)N1S(=O)(=O)O,12.562141912320484,12.562141912320484,0.0349535856009066,-4.756268639419342,0.174788224513646,20.5,435.44000000000017,418.30400000000014,435.051854504,154,0,0.3620751467724121,-0.4782270320177159,0.4782270320177159,0.3620751467724121,1.4642857142857142,2.071428571428572,2.5,32.24529764273617,10.00401161573638,2.513331128805475,-2.416338874010568,2.230948535260857,-2.707807208919476,7.836563836647012,-0.1608446168429468,2.971847309732629,2.2592762983237704,953.8851353067348,21.43879310982592,14.8114553779692,16.444448539824652,12.752743308167698,7.578995896792942,9.855612118054724,6.221230582074894,8.399971119282888,3.730567932227123,5.414072402778615,2.1128455580549623,3.54351374163482,-2.78,690205.5939907836,21.519292322605008,7.325918985638601,4.204134383579708,162.59031069995737,20.994572059745856,11.735768823996422,10.843243482610037,5.601050810983688,11.814359458703011,16.27347016397548,14.141824241834009,14.083731696315263,8.417796984328938,11.336785877934735,5.15571272675054,20.771211599071872,5.380062770465915,6.041840829147961,37.29827438881211,50.26785898322327,0.0,14.605983116249774,5.15571272675054,38.455944068351485,5.733667477162185,11.073990765314376,0.0,0.0,11.050456081168516,5.131558479839333,0.0,11.336785877934735,68.54635098380861,29.525365011975733,0.0,26.46513959392033,10.535775497216456,0.0,0.0,0.0,201.58,51.4842470947288,22.801408536544404,0.0,15.130702465984026,0.0,11.336785877934735,26.151274369537788,0.0,0.0,15.456479851704078,20.23053332942989,31.44978820569469,0.9796905422586336,44.39737831563419,16.334751159546904,3.256457088644816,-3.375611656986792,-2.3123389733980013,0.0,3.692820624691566,-4.756268639419342,0.4615384615384615,28,5,13,0,1,1,0,1,1,10,4,15,7,0,1,1,2,-1.172499999999998,95.65050000000004,1,0,0,1,0,1,0,0,1,1,3,2,0,0,0,3,1,1,0,0,0,0,0,0,0,0,0,2,0,1,0,0,0,0,0,0,0,0,0,0,0,0,0,0,0,0,0,0,0,0,0,0,0,1,0,0,0,0,0,0,0,0,0,1,0,0,0,0,0,0,0,0,0,0,0,0,0,0,0,0,1,0,0,0,0,562.0,Escherichia coli,Bacteria
116644,,22932806,CHEMBL4738979,Antibacterial activity against Escherichia coli clinical isolate assessed as reduction in bacterial growth by CLSI based broth microdilution method,F,BAO_0002146,BAO_0000218,organism-based format,C[C@H]1[C@H](NC(=O)/C(=N\OC(C)(C)C(=O)O)c2csc(N)n2)C(=O)N1S(=O)(=O)O,CHEMBL4732240,Bioorg Med Chem Lett,2021.0,CHEMBL158,AZTREONAM,CHEMBL158,0,http://www.openphacts.org/units/MicrogramPerMilliliter,3560775,=,1,1,=,MIC,ug.mL-1,4.0,CHEMBL354,Escherichia coli,Escherichia coli,562.0,,MIC,ug ml-1,UO_0000274,4.0,CHEMBL158,C[C@H]1[C@H](NC(=O)/C(=N\OC(C)(C)C(=O)O)c2csc(N)n2)C(=O)N1S(=O)(=O)O,12.562141912320484,12.562141912320484,0.0349535856009066,-4.756268639419342,0.174788224513646,20.5,435.44000000000017,418.30400000000014,435.051854504,154,0,0.3620751467724121,-0.4782270320177159,0.4782270320177159,0.3620751467724121,1.4642857142857142,2.071428571428572,2.5,32.24529764273617,10.00401161573638,2.513331128805475,-2.416338874010568,2.230948535260857,-2.707807208919476,7.836563836647012,-0.1608446168429468,2.971847309732629,2.2592762983237704,953.8851353067348,21.43879310982592,14.8114553779692,16.444448539824652,12.752743308167698,7.578995896792942,9.855612118054724,6.221230582074894,8.399971119282888,3.730567932227123,5.414072402778615,2.1128455580549623,3.54351374163482,-2.78,690205.5939907836,21.519292322605008,7.325918985638601,4.204134383579708,162.59031069995737,20.994572059745856,11.735768823996422,10.843243482610037,5.601050810983688,11.814359458703011,16.27347016397548,14.141824241834009,14.083731696315263,8.417796984328938,11.336785877934735,5.15571272675054,20.771211599071872,5.380062770465915,6.041840829147961,37.29827438881211,50.26785898322327,0.0,14.605983116249774,5.15571272675054,38.455944068351485,5.733667477162185,11.073990765314376,0.0,0.0,11.050456081168516,5.131558479839333,0.0,11.336785877934735,68.54635098380861,29.525365011975733,0.0,26.46513959392033,10.535775497216456,0.0,0.0,0.0,201.58,51.4842470947288,22.801408536544404,0.0,15.130702465984026,0.0,11.336785877934735,26.151274369537788,0.0,0.0,15.456479851704078,20.23053332942989,31.44978820569469,0.9796905422586336,44.39737831563419,16.334751159546904,3.256457088644816,-3.375611656986792,-2.3123389733980013,0.0,3.692820624691566,-4.756268639419342,0.4615384615384615,28,5,13,0,1,1,0,1,1,10,4,15,7,0,1,1,2,-1.172499999999998,95.65050000000004,1,0,0,1,0,1,0,0,1,1,3,2,0,0,0,3,1,1,0,0,0,0,0,0,0,0,0,2,0,1,0,0,0,0,0,0,0,0,0,0,0,0,0,0,0,0,0,0,0,0,0,0,0,1,0,0,0,0,0,0,0,0,0,1,0,0,0,0,0,0,0,0,0,0,0,0,0,0,0,0,1,0,0,0,0,562.0,Escherichia coli,Bacteria
116645,,22932813,CHEMBL4738980,Antibacterial activity against Escherichia coli ATCC 8739 assessed as reduction in bacterial growth by CLSI based broth microdilution method,F,BAO_0002146,BAO_0000218,organism-based format,C[C@H]1[C@H](NC(=O)/C(=N\OC(C)(C)C(=O)O)c2csc(N)n2)C(=O)N1S(=O)(=O)O,CHEMBL4732240,Bioorg Med Chem Lett,2021.0,CHEMBL158,AZTREONAM,CHEMBL158,0,http://www.openphacts.org/units/MicrogramPerMilliliter,3560775,=,1,1,=,MIC,ug.mL-1,1.0,CHEMBL354,Escherichia coli,Escherichia coli,562.0,,MIC,ug ml-1,UO_0000274,1.0,CHEMBL158,C[C@H]1[C@H](NC(=O)/C(=N\OC(C)(C)C(=O)O)c2csc(N)n2)C(=O)N1S(=O)(=O)O,12.562141912320484,12.562141912320484,0.0349535856009066,-4.756268639419342,0.174788224513646,20.5,435.44000000000017,418.30400000000014,435.051854504,154,0,0.3620751467724121,-0.4782270320177159,0.4782270320177159,0.3620751467724121,1.4642857142857142,2.071428571428572,2.5,32.24529764273617,10.00401161573638,2.513331128805475,-2.416338874010568,2.230948535260857,-2.707807208919476,7.836563836647012,-0.1608446168429468,2.971847309732629,2.2592762983237704,953.8851353067348,21.43879310982592,14.8114553779692,16.444448539824652,12.752743308167698,7.578995896792942,9.855612118054724,6.221230582074894,8.399971119282888,3.730567932227123,5.414072402778615,2.1128455580549623,3.54351374163482,-2.78,690205.5939907836,21.519292322605008,7.325918985638601,4.204134383579708,162.59031069995737,20.994572059745856,11.735768823996422,10.843243482610037,5.601050810983688,11.814359458703011,16.27347016397548,14.141824241834009,14.083731696315263,8.417796984328938,11.336785877934735,5.15571272675054,20.771211599071872,5.380062770465915,6.041840829147961,37.29827438881211,50.26785898322327,0.0,14.605983116249774,5.15571272675054,38.455944068351485,5.733667477162185,11.073990765314376,0.0,0.0,11.050456081168516,5.131558479839333,0.0,11.336785877934735,68.54635098380861,29.525365011975733,0.0,26.46513959392033,10.535775497216456,0.0,0.0,0.0,201.58,51.4842470947288,22.801408536544404,0.0,15.130702465984026,0.0,11.336785877934735,26.151274369537788,0.0,0.0,15.456479851704078,20.23053332942989,31.44978820569469,0.9796905422586336,44.39737831563419,16.334751159546904,3.256457088644816,-3.375611656986792,-2.3123389733980013,0.0,3.692820624691566,-4.756268639419342,0.4615384615384615,28,5,13,0,1,1,0,1,1,10,4,15,7,0,1,1,2,-1.172499999999998,95.65050000000004,1,0,0,1,0,1,0,0,1,1,3,2,0,0,0,3,1,1,0,0,0,0,0,0,0,0,0,2,0,1,0,0,0,0,0,0,0,0,0,0,0,0,0,0,0,0,0,0,0,0,0,0,0,1,0,0,0,0,0,0,0,0,0,1,0,0,0,0,0,0,0,0,0,0,0,0,0,0,0,0,1,0,0,0,0,562.0,Escherichia coli,Bacteria
116645,,22932813,CHEMBL4738980,Antibacterial activity against Escherichia coli ATCC 8739 assessed as reduction in bacterial growth by CLSI based broth microdilution method,F,BAO_0002146,BAO_0000218,organism-based format,C[C@H]1[C@H](NC(=O)/C(=N\OC(C)(C)C(=O)O)c2csc(N)n2)C(=O)N1S(=O)(=O)O,CHEMBL4732240,Bioorg Med Chem Lett,2021.0,CHEMBL158,AZTREONAM,CHEMBL158,0,http://www.openphacts.org/units/MicrogramPerMilliliter,3560775,=,1,1,=,MIC,ug.mL-1,1.0,CHEMBL354,Escherichia coli,Escherichia coli,562.0,,MIC,ug ml-1,UO_0000274,1.0,CHEMBL158,C[C@H]1[C@H](NC(=O)/C(=N\OC(C)(C)C(=O)O)c2csc(N)n2)C(=O)N1S(=O)(=O)O,12.562141912320484,12.562141912320484,0.0349535856009066,-4.756268639419342,0.174788224513646,20.5,435.44000000000017,418.30400000000014,435.051854504,154,0,0.3620751467724121,-0.4782270320177159,0.4782270320177159,0.3620751467724121,1.4642857142857142,2.071428571428572,2.5,32.24529764273617,10.00401161573638,2.513331128805475,-2.416338874010568,2.230948535260857,-2.707807208919476,7.836563836647012,-0.1608446168429468,2.971847309732629,2.2592762983237704,953.8851353067348,21.43879310982592,14.8114553779692,16.444448539824652,12.752743308167698,7.578995896792942,9.855612118054724,6.221230582074894,8.399971119282888,3.730567932227123,5.414072402778615,2.1128455580549623,3.54351374163482,-2.78,690205.5939907836,21.519292322605008,7.325918985638601,4.204134383579708,162.59031069995737,20.994572059745856,11.735768823996422,10.843243482610037,5.601050810983688,11.814359458703011,16.27347016397548,14.141824241834009,14.083731696315263,8.417796984328938,11.336785877934735,5.15571272675054,20.771211599071872,5.380062770465915,6.041840829147961,37.29827438881211,50.26785898322327,0.0,14.605983116249774,5.15571272675054,38.455944068351485,5.733667477162185,11.073990765314376,0.0,0.0,11.050456081168516,5.131558479839333,0.0,11.336785877934735,68.54635098380861,29.525365011975733,0.0,26.46513959392033,10.535775497216456,0.0,0.0,0.0,201.58,51.4842470947288,22.801408536544404,0.0,15.130702465984026,0.0,11.336785877934735,26.151274369537788,0.0,0.0,15.456479851704078,20.23053332942989,31.44978820569469,0.9796905422586336,44.39737831563419,16.334751159546904,3.256457088644816,-3.375611656986792,-2.3123389733980013,0.0,3.692820624691566,-4.756268639419342,0.4615384615384615,28,5,13,0,1,1,0,1,1,10,4,15,7,0,1,1,2,-1.172499999999998,95.65050000000004,1,0,0,1,0,1,0,0,1,1,3,2,0,0,0,3,1,1,0,0,0,0,0,0,0,0,0,2,0,1,0,0,0,0,0,0,0,0,0,0,0,0,0,0,0,0,0,0,0,0,0,0,0,1,0,0,0,0,0,0,0,0,0,1,0,0,0,0,0,0,0,0,0,0,0,0,0,0,0,0,1,0,0,0,0,562.0,Escherichia coli,Bacteria
116645,,22932813,CHEMBL4738980,Antibacterial activity against Escherichia coli ATCC 8739 assessed as reduction in bacterial growth by CLSI based broth microdilution method,F,BAO_0002146,BAO_0000218,organism-based format,C[C@H]1[C@H](NC(=O)/C(=N\OC(C)(C)C(=O)O)c2csc(N)n2)C(=O)N1S(=O)(=O)O,CHEMBL4732240,Bioorg Med Chem Lett,2021.0,CHEMBL158,AZTREONAM,CHEMBL158,0,http://www.openphacts.org/units/MicrogramPerMilliliter,3560775,=,1,1,=,MIC,ug.mL-1,1.0,CHEMBL354,Escherichia coli,Escherichia coli,562.0,,MIC,ug ml-1,UO_0000274,1.0,CHEMBL158,C[C@H]1[C@H](NC(=O)/C(=N\OC(C)(C)C(=O)O)c2csc(N)n2)C(=O)N1S(=O)(=O)O,12.562141912320484,12.562141912320484,0.0349535856009066,-4.756268639419342,0.174788224513646,20.5,435.44000000000017,418.30400000000014,435.051854504,154,0,0.3620751467724121,-0.4782270320177159,0.4782270320177159,0.3620751467724121,1.4642857142857142,2.071428571428572,2.5,32.24529764273617,10.00401161573638,2.513331128805475,-2.416338874010568,2.230948535260857,-2.707807208919476,7.836563836647012,-0.1608446168429468,2.971847309732629,2.2592762983237704,953.8851353067348,21.43879310982592,14.8114553779692,16.444448539824652,12.752743308167698,7.578995896792942,9.855612118054724,6.221230582074894,8.399971119282888,3.730567932227123,5.414072402778615,2.1128455580549623,3.54351374163482,-2.78,690205.5939907836,21.519292322605008,7.325918985638601,4.204134383579708,162.59031069995737,20.994572059745856,11.735768823996422,10.843243482610037,5.601050810983688,11.814359458703011,16.27347016397548,14.141824241834009,14.083731696315263,8.417796984328938,11.336785877934735,5.15571272675054,20.771211599071872,5.380062770465915,6.041840829147961,37.29827438881211,50.26785898322327,0.0,14.605983116249774,5.15571272675054,38.455944068351485,5.733667477162185,11.073990765314376,0.0,0.0,11.050456081168516,5.131558479839333,0.0,11.336785877934735,68.54635098380861,29.525365011975733,0.0,26.46513959392033,10.535775497216456,0.0,0.0,0.0,201.58,51.4842470947288,22.801408536544404,0.0,15.130702465984026,0.0,11.336785877934735,26.151274369537788,0.0,0.0,15.456479851704078,20.23053332942989,31.44978820569469,0.9796905422586336,44.39737831563419,16.334751159546904,3.256457088644816,-3.375611656986792,-2.3123389733980013,0.0,3.692820624691566,-4.756268639419342,0.4615384615384615,28,5,13,0,1,1,0,1,1,10,4,15,7,0,1,1,2,-1.172499999999998,95.65050000000004,1,0,0,1,0,1,0,0,1,1,3,2,0,0,0,3,1,1,0,0,0,0,0,0,0,0,0,2,0,1,0,0,0,0,0,0,0,0,0,0,0,0,0,0,0,0,0,0,0,0,0,0,0,1,0,0,0,0,0,0,0,0,0,1,0,0,0,0,0,0,0,0,0,0,0,0,0,0,0,0,1,0,0,0,0,562.0,Escherichia coli,Bacteria
116645,,22932813,CHEMBL4738980,Antibacterial activity against Escherichia coli ATCC 8739 assessed as reduction in bacterial growth by CLSI based broth microdilution method,F,BAO_0002146,BAO_0000218,organism-based format,C[C@H]1[C@H](NC(=O)/C(=N\OC(C)(C)C(=O)O)c2csc(N)n2)C(=O)N1S(=O)(=O)O,CHEMBL4732240,Bioorg Med Chem Lett,2021.0,CHEMBL158,AZTREONAM,CHEMBL158,0,http://www.openphacts.org/units/MicrogramPerMilliliter,3560775,=,1,1,=,MIC,ug.mL-1,1.0,CHEMBL354,Escherichia coli,Escherichia coli,562.0,,MIC,ug ml-1,UO_0000274,1.0,CHEMBL158,C[C@H]1[C@H](NC(=O)/C(=N\OC(C)(C)C(=O)O)c2csc(N)n2)C(=O)N1S(=O)(=O)O,12.562141912320484,12.562141912320484,0.0349535856009066,-4.756268639419342,0.174788224513646,20.5,435.44000000000017,418.30400000000014,435.051854504,154,0,0.3620751467724121,-0.4782270320177159,0.4782270320177159,0.3620751467724121,1.4642857142857142,2.071428571428572,2.5,32.24529764273617,10.00401161573638,2.513331128805475,-2.416338874010568,2.230948535260857,-2.707807208919476,7.836563836647012,-0.1608446168429468,2.971847309732629,2.2592762983237704,953.8851353067348,21.43879310982592,14.8114553779692,16.444448539824652,12.752743308167698,7.578995896792942,9.855612118054724,6.221230582074894,8.399971119282888,3.730567932227123,5.414072402778615,2.1128455580549623,3.54351374163482,-2.78,690205.5939907836,21.519292322605008,7.325918985638601,4.204134383579708,162.59031069995737,20.994572059745856,11.735768823996422,10.843243482610037,5.601050810983688,11.814359458703011,16.27347016397548,14.141824241834009,14.083731696315263,8.417796984328938,11.336785877934735,5.15571272675054,20.771211599071872,5.380062770465915,6.041840829147961,37.29827438881211,50.26785898322327,0.0,14.605983116249774,5.15571272675054,38.455944068351485,5.733667477162185,11.073990765314376,0.0,0.0,11.050456081168516,5.131558479839333,0.0,11.336785877934735,68.54635098380861,29.525365011975733,0.0,26.46513959392033,10.535775497216456,0.0,0.0,0.0,201.58,51.4842470947288,22.801408536544404,0.0,15.130702465984026,0.0,11.336785877934735,26.151274369537788,0.0,0.0,15.456479851704078,20.23053332942989,31.44978820569469,0.9796905422586336,44.39737831563419,16.334751159546904,3.256457088644816,-3.375611656986792,-2.3123389733980013,0.0,3.692820624691566,-4.756268639419342,0.4615384615384615,28,5,13,0,1,1,0,1,1,10,4,15,7,0,1,1,2,-1.172499999999998,95.65050000000004,1,0,0,1,0,1,0,0,1,1,3,2,0,0,0,3,1,1,0,0,0,0,0,0,0,0,0,2,0,1,0,0,0,0,0,0,0,0,0,0,0,0,0,0,0,0,0,0,0,0,0,0,0,1,0,0,0,0,0,0,0,0,0,1,0,0,0,0,0,0,0,0,0,0,0,0,0,0,0,0,1,0,0,0,0,562.0,Escherichia coli,Bacteria
116646,,22932820,CHEMBL4738981,Antibacterial activity against Klebsiella pneumoniae clinical isolate assessed as reduction in bacterial growth by CLSI based broth microdilution method,F,BAO_0002146,BAO_0000218,organism-based format,C[C@H]1[C@H](NC(=O)/C(=N\OC(C)(C)C(=O)O)c2csc(N)n2)C(=O)N1S(=O)(=O)O,CHEMBL4732240,Bioorg Med Chem Lett,2021.0,CHEMBL158,AZTREONAM,CHEMBL158,0,http://www.openphacts.org/units/MicrogramPerMilliliter,3560775,=,1,1,=,MIC,ug.mL-1,16.0,CHEMBL350,Klebsiella pneumoniae,Klebsiella pneumoniae,573.0,,MIC,ug ml-1,UO_0000274,16.0,CHEMBL158,C[C@H]1[C@H](NC(=O)/C(=N\OC(C)(C)C(=O)O)c2csc(N)n2)C(=O)N1S(=O)(=O)O,12.562141912320484,12.562141912320484,0.0349535856009066,-4.756268639419342,0.174788224513646,20.5,435.44000000000017,418.30400000000014,435.051854504,154,0,0.3620751467724121,-0.4782270320177159,0.4782270320177159,0.3620751467724121,1.4642857142857142,2.071428571428572,2.5,32.24529764273617,10.00401161573638,2.513331128805475,-2.416338874010568,2.230948535260857,-2.707807208919476,7.836563836647012,-0.1608446168429468,2.971847309732629,2.2592762983237704,953.8851353067348,21.43879310982592,14.8114553779692,16.444448539824652,12.752743308167698,7.578995896792942,9.855612118054724,6.221230582074894,8.399971119282888,3.730567932227123,5.414072402778615,2.1128455580549623,3.54351374163482,-2.78,690205.5939907836,21.519292322605008,7.325918985638601,4.204134383579708,162.59031069995737,20.994572059745856,11.735768823996422,10.843243482610037,5.601050810983688,11.814359458703011,16.27347016397548,14.141824241834009,14.083731696315263,8.417796984328938,11.336785877934735,5.15571272675054,20.771211599071872,5.380062770465915,6.041840829147961,37.29827438881211,50.26785898322327,0.0,14.605983116249774,5.15571272675054,38.455944068351485,5.733667477162185,11.073990765314376,0.0,0.0,11.050456081168516,5.131558479839333,0.0,11.336785877934735,68.54635098380861,29.525365011975733,0.0,26.46513959392033,10.535775497216456,0.0,0.0,0.0,201.58,51.4842470947288,22.801408536544404,0.0,15.130702465984026,0.0,11.336785877934735,26.151274369537788,0.0,0.0,15.456479851704078,20.23053332942989,31.44978820569469,0.9796905422586336,44.39737831563419,16.334751159546904,3.256457088644816,-3.375611656986792,-2.3123389733980013,0.0,3.692820624691566,-4.756268639419342,0.4615384615384615,28,5,13,0,1,1,0,1,1,10,4,15,7,0,1,1,2,-1.172499999999998,95.65050000000004,1,0,0,1,0,1,0,0,1,1,3,2,0,0,0,3,1,1,0,0,0,0,0,0,0,0,0,2,0,1,0,0,0,0,0,0,0,0,0,0,0,0,0,0,0,0,0,0,0,0,0,0,0,1,0,0,0,0,0,0,0,0,0,1,0,0,0,0,0,0,0,0,0,0,0,0,0,0,0,0,1,0,0,0,0,573.0,Klebsiella pneumoniae,Bacteria
116646,,22932820,CHEMBL4738981,Antibacterial activity against Klebsiella pneumoniae clinical isolate assessed as reduction in bacterial growth by CLSI based broth microdilution method,F,BAO_0002146,BAO_0000218,organism-based format,C[C@H]1[C@H](NC(=O)/C(=N\OC(C)(C)C(=O)O)c2csc(N)n2)C(=O)N1S(=O)(=O)O,CHEMBL4732240,Bioorg Med Chem Lett,2021.0,CHEMBL158,AZTREONAM,CHEMBL158,0,http://www.openphacts.org/units/MicrogramPerMilliliter,3560775,=,1,1,=,MIC,ug.mL-1,16.0,CHEMBL350,Klebsiella pneumoniae,Klebsiella pneumoniae,573.0,,MIC,ug ml-1,UO_0000274,16.0,CHEMBL158,C[C@H]1[C@H](NC(=O)/C(=N\OC(C)(C)C(=O)O)c2csc(N)n2)C(=O)N1S(=O)(=O)O,12.562141912320484,12.562141912320484,0.0349535856009066,-4.756268639419342,0.174788224513646,20.5,435.44000000000017,418.30400000000014,435.051854504,154,0,0.3620751467724121,-0.4782270320177159,0.4782270320177159,0.3620751467724121,1.4642857142857142,2.071428571428572,2.5,32.24529764273617,10.00401161573638,2.513331128805475,-2.416338874010568,2.230948535260857,-2.707807208919476,7.836563836647012,-0.1608446168429468,2.971847309732629,2.2592762983237704,953.8851353067348,21.43879310982592,14.8114553779692,16.444448539824652,12.752743308167698,7.578995896792942,9.855612118054724,6.221230582074894,8.399971119282888,3.730567932227123,5.414072402778615,2.1128455580549623,3.54351374163482,-2.78,690205.5939907836,21.519292322605008,7.325918985638601,4.204134383579708,162.59031069995737,20.994572059745856,11.735768823996422,10.843243482610037,5.601050810983688,11.814359458703011,16.27347016397548,14.141824241834009,14.083731696315263,8.417796984328938,11.336785877934735,5.15571272675054,20.771211599071872,5.380062770465915,6.041840829147961,37.29827438881211,50.26785898322327,0.0,14.605983116249774,5.15571272675054,38.455944068351485,5.733667477162185,11.073990765314376,0.0,0.0,11.050456081168516,5.131558479839333,0.0,11.336785877934735,68.54635098380861,29.525365011975733,0.0,26.46513959392033,10.535775497216456,0.0,0.0,0.0,201.58,51.4842470947288,22.801408536544404,0.0,15.130702465984026,0.0,11.336785877934735,26.151274369537788,0.0,0.0,15.456479851704078,20.23053332942989,31.44978820569469,0.9796905422586336,44.39737831563419,16.334751159546904,3.256457088644816,-3.375611656986792,-2.3123389733980013,0.0,3.692820624691566,-4.756268639419342,0.4615384615384615,28,5,13,0,1,1,0,1,1,10,4,15,7,0,1,1,2,-1.172499999999998,95.65050000000004,1,0,0,1,0,1,0,0,1,1,3,2,0,0,0,3,1,1,0,0,0,0,0,0,0,0,0,2,0,1,0,0,0,0,0,0,0,0,0,0,0,0,0,0,0,0,0,0,0,0,0,0,0,1,0,0,0,0,0,0,0,0,0,1,0,0,0,0,0,0,0,0,0,0,0,0,0,0,0,0,1,0,0,0,0,573.0,Klebsiella pneumoniae,Bacteria
116647,,22932827,CHEMBL4738982,Antibacterial activity against Klebsiella pneumoniae 700603 assessed as reduction in bacterial growth by CLSI based broth microdilution method,F,BAO_0002146,BAO_0000218,organism-based format,C[C@H]1[C@H](NC(=O)/C(=N\OC(C)(C)C(=O)O)c2csc(N)n2)C(=O)N1S(=O)(=O)O,CHEMBL4732240,Bioorg Med Chem Lett,2021.0,CHEMBL158,AZTREONAM,CHEMBL158,0,http://www.openphacts.org/units/MicrogramPerMilliliter,3560775,>,1,1,>,MIC,ug.mL-1,64.0,CHEMBL350,Klebsiella pneumoniae,Klebsiella pneumoniae,573.0,,MIC,ug ml-1,UO_0000274,64.0,CHEMBL158,C[C@H]1[C@H](NC(=O)/C(=N\OC(C)(C)C(=O)O)c2csc(N)n2)C(=O)N1S(=O)(=O)O,12.562141912320484,12.562141912320484,0.0349535856009066,-4.756268639419342,0.174788224513646,20.5,435.44000000000017,418.30400000000014,435.051854504,154,0,0.3620751467724121,-0.4782270320177159,0.4782270320177159,0.3620751467724121,1.4642857142857142,2.071428571428572,2.5,32.24529764273617,10.00401161573638,2.513331128805475,-2.416338874010568,2.230948535260857,-2.707807208919476,7.836563836647012,-0.1608446168429468,2.971847309732629,2.2592762983237704,953.8851353067348,21.43879310982592,14.8114553779692,16.444448539824652,12.752743308167698,7.578995896792942,9.855612118054724,6.221230582074894,8.399971119282888,3.730567932227123,5.414072402778615,2.1128455580549623,3.54351374163482,-2.78,690205.5939907836,21.519292322605008,7.325918985638601,4.204134383579708,162.59031069995737,20.994572059745856,11.735768823996422,10.843243482610037,5.601050810983688,11.814359458703011,16.27347016397548,14.141824241834009,14.083731696315263,8.417796984328938,11.336785877934735,5.15571272675054,20.771211599071872,5.380062770465915,6.041840829147961,37.29827438881211,50.26785898322327,0.0,14.605983116249774,5.15571272675054,38.455944068351485,5.733667477162185,11.073990765314376,0.0,0.0,11.050456081168516,5.131558479839333,0.0,11.336785877934735,68.54635098380861,29.525365011975733,0.0,26.46513959392033,10.535775497216456,0.0,0.0,0.0,201.58,51.4842470947288,22.801408536544404,0.0,15.130702465984026,0.0,11.336785877934735,26.151274369537788,0.0,0.0,15.456479851704078,20.23053332942989,31.44978820569469,0.9796905422586336,44.39737831563419,16.334751159546904,3.256457088644816,-3.375611656986792,-2.3123389733980013,0.0,3.692820624691566,-4.756268639419342,0.4615384615384615,28,5,13,0,1,1,0,1,1,10,4,15,7,0,1,1,2,-1.172499999999998,95.65050000000004,1,0,0,1,0,1,0,0,1,1,3,2,0,0,0,3,1,1,0,0,0,0,0,0,0,0,0,2,0,1,0,0,0,0,0,0,0,0,0,0,0,0,0,0,0,0,0,0,0,0,0,0,0,1,0,0,0,0,0,0,0,0,0,1,0,0,0,0,0,0,0,0,0,0,0,0,0,0,0,0,1,0,0,0,0,573.0,Klebsiella pneumoniae,Bacteria
116647,,22932827,CHEMBL4738982,Antibacterial activity against Klebsiella pneumoniae 700603 assessed as reduction in bacterial growth by CLSI based broth microdilution method,F,BAO_0002146,BAO_0000218,organism-based format,C[C@H]1[C@H](NC(=O)/C(=N\OC(C)(C)C(=O)O)c2csc(N)n2)C(=O)N1S(=O)(=O)O,CHEMBL4732240,Bioorg Med Chem Lett,2021.0,CHEMBL158,AZTREONAM,CHEMBL158,0,http://www.openphacts.org/units/MicrogramPerMilliliter,3560775,>,1,1,>,MIC,ug.mL-1,64.0,CHEMBL350,Klebsiella pneumoniae,Klebsiella pneumoniae,573.0,,MIC,ug ml-1,UO_0000274,64.0,CHEMBL158,C[C@H]1[C@H](NC(=O)/C(=N\OC(C)(C)C(=O)O)c2csc(N)n2)C(=O)N1S(=O)(=O)O,12.562141912320484,12.562141912320484,0.0349535856009066,-4.756268639419342,0.174788224513646,20.5,435.44000000000017,418.30400000000014,435.051854504,154,0,0.3620751467724121,-0.4782270320177159,0.4782270320177159,0.3620751467724121,1.4642857142857142,2.071428571428572,2.5,32.24529764273617,10.00401161573638,2.513331128805475,-2.416338874010568,2.230948535260857,-2.707807208919476,7.836563836647012,-0.1608446168429468,2.971847309732629,2.2592762983237704,953.8851353067348,21.43879310982592,14.8114553779692,16.444448539824652,12.752743308167698,7.578995896792942,9.855612118054724,6.221230582074894,8.399971119282888,3.730567932227123,5.414072402778615,2.1128455580549623,3.54351374163482,-2.78,690205.5939907836,21.519292322605008,7.325918985638601,4.204134383579708,162.59031069995737,20.994572059745856,11.735768823996422,10.843243482610037,5.601050810983688,11.814359458703011,16.27347016397548,14.141824241834009,14.083731696315263,8.417796984328938,11.336785877934735,5.15571272675054,20.771211599071872,5.380062770465915,6.041840829147961,37.29827438881211,50.26785898322327,0.0,14.605983116249774,5.15571272675054,38.455944068351485,5.733667477162185,11.073990765314376,0.0,0.0,11.050456081168516,5.131558479839333,0.0,11.336785877934735,68.54635098380861,29.525365011975733,0.0,26.46513959392033,10.535775497216456,0.0,0.0,0.0,201.58,51.4842470947288,22.801408536544404,0.0,15.130702465984026,0.0,11.336785877934735,26.151274369537788,0.0,0.0,15.456479851704078,20.23053332942989,31.44978820569469,0.9796905422586336,44.39737831563419,16.334751159546904,3.256457088644816,-3.375611656986792,-2.3123389733980013,0.0,3.692820624691566,-4.756268639419342,0.4615384615384615,28,5,13,0,1,1,0,1,1,10,4,15,7,0,1,1,2,-1.172499999999998,95.65050000000004,1,0,0,1,0,1,0,0,1,1,3,2,0,0,0,3,1,1,0,0,0,0,0,0,0,0,0,2,0,1,0,0,0,0,0,0,0,0,0,0,0,0,0,0,0,0,0,0,0,0,0,0,0,1,0,0,0,0,0,0,0,0,0,1,0,0,0,0,0,0,0,0,0,0,0,0,0,0,0,0,1,0,0,0,0,573.0,Klebsiella pneumoniae,Bacteria
116648,,22932834,CHEMBL4738983,Antibacterial activity against Enterobacter cloacae clinical isolate assessed as reduction in bacterial growth by CLSI based broth microdilution method,F,BAO_0002146,BAO_0000218,organism-based format,C[C@H]1[C@H](NC(=O)/C(=N\OC(C)(C)C(=O)O)c2csc(N)n2)C(=O)N1S(=O)(=O)O,CHEMBL4732240,Bioorg Med Chem Lett,2021.0,CHEMBL158,AZTREONAM,CHEMBL158,0,http://www.openphacts.org/units/MicrogramPerMilliliter,3560775,>,1,1,>,MIC,ug.mL-1,64.0,CHEMBL349,Enterobacter cloacae,Enterobacter cloacae,550.0,,MIC,ug ml-1,UO_0000274,64.0,CHEMBL158,C[C@H]1[C@H](NC(=O)/C(=N\OC(C)(C)C(=O)O)c2csc(N)n2)C(=O)N1S(=O)(=O)O,12.562141912320484,12.562141912320484,0.0349535856009066,-4.756268639419342,0.174788224513646,20.5,435.44000000000017,418.30400000000014,435.051854504,154,0,0.3620751467724121,-0.4782270320177159,0.4782270320177159,0.3620751467724121,1.4642857142857142,2.071428571428572,2.5,32.24529764273617,10.00401161573638,2.513331128805475,-2.416338874010568,2.230948535260857,-2.707807208919476,7.836563836647012,-0.1608446168429468,2.971847309732629,2.2592762983237704,953.8851353067348,21.43879310982592,14.8114553779692,16.444448539824652,12.752743308167698,7.578995896792942,9.855612118054724,6.221230582074894,8.399971119282888,3.730567932227123,5.414072402778615,2.1128455580549623,3.54351374163482,-2.78,690205.5939907836,21.519292322605008,7.325918985638601,4.204134383579708,162.59031069995737,20.994572059745856,11.735768823996422,10.843243482610037,5.601050810983688,11.814359458703011,16.27347016397548,14.141824241834009,14.083731696315263,8.417796984328938,11.336785877934735,5.15571272675054,20.771211599071872,5.380062770465915,6.041840829147961,37.29827438881211,50.26785898322327,0.0,14.605983116249774,5.15571272675054,38.455944068351485,5.733667477162185,11.073990765314376,0.0,0.0,11.050456081168516,5.131558479839333,0.0,11.336785877934735,68.54635098380861,29.525365011975733,0.0,26.46513959392033,10.535775497216456,0.0,0.0,0.0,201.58,51.4842470947288,22.801408536544404,0.0,15.130702465984026,0.0,11.336785877934735,26.151274369537788,0.0,0.0,15.456479851704078,20.23053332942989,31.44978820569469,0.9796905422586336,44.39737831563419,16.334751159546904,3.256457088644816,-3.375611656986792,-2.3123389733980013,0.0,3.692820624691566,-4.756268639419342,0.4615384615384615,28,5,13,0,1,1,0,1,1,10,4,15,7,0,1,1,2,-1.172499999999998,95.65050000000004,1,0,0,1,0,1,0,0,1,1,3,2,0,0,0,3,1,1,0,0,0,0,0,0,0,0,0,2,0,1,0,0,0,0,0,0,0,0,0,0,0,0,0,0,0,0,0,0,0,0,0,0,0,1,0,0,0,0,0,0,0,0,0,1,0,0,0,0,0,0,0,0,0,0,0,0,0,0,0,0,1,0,0,0,0,550.0,Enterobacter cloacae,Bacteria
116649,,22932841,CHEMBL4738984,Antibacterial activity against Enterobacter cloacae 700323 assessed as reduction in bacterial growth by CLSI based broth microdilution method,F,BAO_0002146,BAO_0000218,organism-based format,C[C@H]1[C@H](NC(=O)/C(=N\OC(C)(C)C(=O)O)c2csc(N)n2)C(=O)N1S(=O)(=O)O,CHEMBL4732240,Bioorg Med Chem Lett,2021.0,CHEMBL158,AZTREONAM,CHEMBL158,0,http://www.openphacts.org/units/MicrogramPerMilliliter,3560775,>,1,1,>,MIC,ug.mL-1,64.0,CHEMBL349,Enterobacter cloacae,Enterobacter cloacae,550.0,,MIC,ug ml-1,UO_0000274,64.0,CHEMBL158,C[C@H]1[C@H](NC(=O)/C(=N\OC(C)(C)C(=O)O)c2csc(N)n2)C(=O)N1S(=O)(=O)O,12.562141912320484,12.562141912320484,0.0349535856009066,-4.756268639419342,0.174788224513646,20.5,435.44000000000017,418.30400000000014,435.051854504,154,0,0.3620751467724121,-0.4782270320177159,0.4782270320177159,0.3620751467724121,1.4642857142857142,2.071428571428572,2.5,32.24529764273617,10.00401161573638,2.513331128805475,-2.416338874010568,2.230948535260857,-2.707807208919476,7.836563836647012,-0.1608446168429468,2.971847309732629,2.2592762983237704,953.8851353067348,21.43879310982592,14.8114553779692,16.444448539824652,12.752743308167698,7.578995896792942,9.855612118054724,6.221230582074894,8.399971119282888,3.730567932227123,5.414072402778615,2.1128455580549623,3.54351374163482,-2.78,690205.5939907836,21.519292322605008,7.325918985638601,4.204134383579708,162.59031069995737,20.994572059745856,11.735768823996422,10.843243482610037,5.601050810983688,11.814359458703011,16.27347016397548,14.141824241834009,14.083731696315263,8.417796984328938,11.336785877934735,5.15571272675054,20.771211599071872,5.380062770465915,6.041840829147961,37.29827438881211,50.26785898322327,0.0,14.605983116249774,5.15571272675054,38.455944068351485,5.733667477162185,11.073990765314376,0.0,0.0,11.050456081168516,5.131558479839333,0.0,11.336785877934735,68.54635098380861,29.525365011975733,0.0,26.46513959392033,10.535775497216456,0.0,0.0,0.0,201.58,51.4842470947288,22.801408536544404,0.0,15.130702465984026,0.0,11.336785877934735,26.151274369537788,0.0,0.0,15.456479851704078,20.23053332942989,31.44978820569469,0.9796905422586336,44.39737831563419,16.334751159546904,3.256457088644816,-3.375611656986792,-2.3123389733980013,0.0,3.692820624691566,-4.756268639419342,0.4615384615384615,28,5,13,0,1,1,0,1,1,10,4,15,7,0,1,1,2,-1.172499999999998,95.65050000000004,1,0,0,1,0,1,0,0,1,1,3,2,0,0,0,3,1,1,0,0,0,0,0,0,0,0,0,2,0,1,0,0,0,0,0,0,0,0,0,0,0,0,0,0,0,0,0,0,0,0,0,0,0,1,0,0,0,0,0,0,0,0,0,1,0,0,0,0,0,0,0,0,0,0,0,0,0,0,0,0,1,0,0,0,0,550.0,Enterobacter cloacae,Bacteria
116650,,22932848,CHEMBL4738985,Antibacterial activity against Acinetobacter baumannii clinical isolate assessed as reduction in bacterial growth by CLSI based broth microdilution method,F,BAO_0002146,BAO_0000218,organism-based format,C[C@H]1[C@H](NC(=O)/C(=N\OC(C)(C)C(=O)O)c2csc(N)n2)C(=O)N1S(=O)(=O)O,CHEMBL4732240,Bioorg Med Chem Lett,2021.0,CHEMBL158,AZTREONAM,CHEMBL158,0,http://www.openphacts.org/units/MicrogramPerMilliliter,3560775,>,1,1,>,MIC,ug.mL-1,64.0,CHEMBL614425,Acinetobacter baumannii,Acinetobacter baumannii,470.0,,MIC,ug ml-1,UO_0000274,64.0,CHEMBL158,C[C@H]1[C@H](NC(=O)/C(=N\OC(C)(C)C(=O)O)c2csc(N)n2)C(=O)N1S(=O)(=O)O,12.562141912320484,12.562141912320484,0.0349535856009066,-4.756268639419342,0.174788224513646,20.5,435.44000000000017,418.30400000000014,435.051854504,154,0,0.3620751467724121,-0.4782270320177159,0.4782270320177159,0.3620751467724121,1.4642857142857142,2.071428571428572,2.5,32.24529764273617,10.00401161573638,2.513331128805475,-2.416338874010568,2.230948535260857,-2.707807208919476,7.836563836647012,-0.1608446168429468,2.971847309732629,2.2592762983237704,953.8851353067348,21.43879310982592,14.8114553779692,16.444448539824652,12.752743308167698,7.578995896792942,9.855612118054724,6.221230582074894,8.399971119282888,3.730567932227123,5.414072402778615,2.1128455580549623,3.54351374163482,-2.78,690205.5939907836,21.519292322605008,7.325918985638601,4.204134383579708,162.59031069995737,20.994572059745856,11.735768823996422,10.843243482610037,5.601050810983688,11.814359458703011,16.27347016397548,14.141824241834009,14.083731696315263,8.417796984328938,11.336785877934735,5.15571272675054,20.771211599071872,5.380062770465915,6.041840829147961,37.29827438881211,50.26785898322327,0.0,14.605983116249774,5.15571272675054,38.455944068351485,5.733667477162185,11.073990765314376,0.0,0.0,11.050456081168516,5.131558479839333,0.0,11.336785877934735,68.54635098380861,29.525365011975733,0.0,26.46513959392033,10.535775497216456,0.0,0.0,0.0,201.58,51.4842470947288,22.801408536544404,0.0,15.130702465984026,0.0,11.336785877934735,26.151274369537788,0.0,0.0,15.456479851704078,20.23053332942989,31.44978820569469,0.9796905422586336,44.39737831563419,16.334751159546904,3.256457088644816,-3.375611656986792,-2.3123389733980013,0.0,3.692820624691566,-4.756268639419342,0.4615384615384615,28,5,13,0,1,1,0,1,1,10,4,15,7,0,1,1,2,-1.172499999999998,95.65050000000004,1,0,0,1,0,1,0,0,1,1,3,2,0,0,0,3,1,1,0,0,0,0,0,0,0,0,0,2,0,1,0,0,0,0,0,0,0,0,0,0,0,0,0,0,0,0,0,0,0,0,0,0,0,1,0,0,0,0,0,0,0,0,0,1,0,0,0,0,0,0,0,0,0,0,0,0,0,0,0,0,1,0,0,0,0,470.0,Acinetobacter baumannii,Bacteria
116651,,22932855,CHEMBL4738986,Antibacterial activity against Acinetobacter baumannii ATCC 19606 assessed as reduction in bacterial growth by CLSI based broth microdilution method,F,BAO_0002146,BAO_0000218,organism-based format,C[C@H]1[C@H](NC(=O)/C(=N\OC(C)(C)C(=O)O)c2csc(N)n2)C(=O)N1S(=O)(=O)O,CHEMBL4732240,Bioorg Med Chem Lett,2021.0,CHEMBL158,AZTREONAM,CHEMBL158,0,http://www.openphacts.org/units/MicrogramPerMilliliter,3560775,>,1,1,>,MIC,ug.mL-1,64.0,CHEMBL614425,Acinetobacter baumannii,Acinetobacter baumannii,470.0,,MIC,ug ml-1,UO_0000274,64.0,CHEMBL158,C[C@H]1[C@H](NC(=O)/C(=N\OC(C)(C)C(=O)O)c2csc(N)n2)C(=O)N1S(=O)(=O)O,12.562141912320484,12.562141912320484,0.0349535856009066,-4.756268639419342,0.174788224513646,20.5,435.44000000000017,418.30400000000014,435.051854504,154,0,0.3620751467724121,-0.4782270320177159,0.4782270320177159,0.3620751467724121,1.4642857142857142,2.071428571428572,2.5,32.24529764273617,10.00401161573638,2.513331128805475,-2.416338874010568,2.230948535260857,-2.707807208919476,7.836563836647012,-0.1608446168429468,2.971847309732629,2.2592762983237704,953.8851353067348,21.43879310982592,14.8114553779692,16.444448539824652,12.752743308167698,7.578995896792942,9.855612118054724,6.221230582074894,8.399971119282888,3.730567932227123,5.414072402778615,2.1128455580549623,3.54351374163482,-2.78,690205.5939907836,21.519292322605008,7.325918985638601,4.204134383579708,162.59031069995737,20.994572059745856,11.735768823996422,10.843243482610037,5.601050810983688,11.814359458703011,16.27347016397548,14.141824241834009,14.083731696315263,8.417796984328938,11.336785877934735,5.15571272675054,20.771211599071872,5.380062770465915,6.041840829147961,37.29827438881211,50.26785898322327,0.0,14.605983116249774,5.15571272675054,38.455944068351485,5.733667477162185,11.073990765314376,0.0,0.0,11.050456081168516,5.131558479839333,0.0,11.336785877934735,68.54635098380861,29.525365011975733,0.0,26.46513959392033,10.535775497216456,0.0,0.0,0.0,201.58,51.4842470947288,22.801408536544404,0.0,15.130702465984026,0.0,11.336785877934735,26.151274369537788,0.0,0.0,15.456479851704078,20.23053332942989,31.44978820569469,0.9796905422586336,44.39737831563419,16.334751159546904,3.256457088644816,-3.375611656986792,-2.3123389733980013,0.0,3.692820624691566,-4.756268639419342,0.4615384615384615,28,5,13,0,1,1,0,1,1,10,4,15,7,0,1,1,2,-1.172499999999998,95.65050000000004,1,0,0,1,0,1,0,0,1,1,3,2,0,0,0,3,1,1,0,0,0,0,0,0,0,0,0,2,0,1,0,0,0,0,0,0,0,0,0,0,0,0,0,0,0,0,0,0,0,0,0,0,0,1,0,0,0,0,0,0,0,0,0,1,0,0,0,0,0,0,0,0,0,0,0,0,0,0,0,0,1,0,0,0,0,470.0,Acinetobacter baumannii,Bacteria
116652,,22932862,CHEMBL4738987,Antibacterial activity against Pseudomonas aeruginosa clinical isolate. assessed as reduction in bacterial growth by CLSI based broth microdilution method,F,BAO_0002146,BAO_0000218,organism-based format,C[C@H]1[C@H](NC(=O)/C(=N\OC(C)(C)C(=O)O)c2csc(N)n2)C(=O)N1S(=O)(=O)O,CHEMBL4732240,Bioorg Med Chem Lett,2021.0,CHEMBL158,AZTREONAM,CHEMBL158,0,http://www.openphacts.org/units/MicrogramPerMilliliter,3560775,=,1,1,=,MIC,ug.mL-1,16.0,CHEMBL348,Pseudomonas aeruginosa,Pseudomonas aeruginosa,287.0,,MIC,ug ml-1,UO_0000274,16.0,CHEMBL158,C[C@H]1[C@H](NC(=O)/C(=N\OC(C)(C)C(=O)O)c2csc(N)n2)C(=O)N1S(=O)(=O)O,12.562141912320484,12.562141912320484,0.0349535856009066,-4.756268639419342,0.174788224513646,20.5,435.44000000000017,418.30400000000014,435.051854504,154,0,0.3620751467724121,-0.4782270320177159,0.4782270320177159,0.3620751467724121,1.4642857142857142,2.071428571428572,2.5,32.24529764273617,10.00401161573638,2.513331128805475,-2.416338874010568,2.230948535260857,-2.707807208919476,7.836563836647012,-0.1608446168429468,2.971847309732629,2.2592762983237704,953.8851353067348,21.43879310982592,14.8114553779692,16.444448539824652,12.752743308167698,7.578995896792942,9.855612118054724,6.221230582074894,8.399971119282888,3.730567932227123,5.414072402778615,2.1128455580549623,3.54351374163482,-2.78,690205.5939907836,21.519292322605008,7.325918985638601,4.204134383579708,162.59031069995737,20.994572059745856,11.735768823996422,10.843243482610037,5.601050810983688,11.814359458703011,16.27347016397548,14.141824241834009,14.083731696315263,8.417796984328938,11.336785877934735,5.15571272675054,20.771211599071872,5.380062770465915,6.041840829147961,37.29827438881211,50.26785898322327,0.0,14.605983116249774,5.15571272675054,38.455944068351485,5.733667477162185,11.073990765314376,0.0,0.0,11.050456081168516,5.131558479839333,0.0,11.336785877934735,68.54635098380861,29.525365011975733,0.0,26.46513959392033,10.535775497216456,0.0,0.0,0.0,201.58,51.4842470947288,22.801408536544404,0.0,15.130702465984026,0.0,11.336785877934735,26.151274369537788,0.0,0.0,15.456479851704078,20.23053332942989,31.44978820569469,0.9796905422586336,44.39737831563419,16.334751159546904,3.256457088644816,-3.375611656986792,-2.3123389733980013,0.0,3.692820624691566,-4.756268639419342,0.4615384615384615,28,5,13,0,1,1,0,1,1,10,4,15,7,0,1,1,2,-1.172499999999998,95.65050000000004,1,0,0,1,0,1,0,0,1,1,3,2,0,0,0,3,1,1,0,0,0,0,0,0,0,0,0,2,0,1,0,0,0,0,0,0,0,0,0,0,0,0,0,0,0,0,0,0,0,0,0,0,0,1,0,0,0,0,0,0,0,0,0,1,0,0,0,0,0,0,0,0,0,0,0,0,0,0,0,0,1,0,0,0,0,287.0,Pseudomonas aeruginosa,Bacteria
116652,,22932862,CHEMBL4738987,Antibacterial activity against Pseudomonas aeruginosa clinical isolate. assessed as reduction in bacterial growth by CLSI based broth microdilution method,F,BAO_0002146,BAO_0000218,organism-based format,C[C@H]1[C@H](NC(=O)/C(=N\OC(C)(C)C(=O)O)c2csc(N)n2)C(=O)N1S(=O)(=O)O,CHEMBL4732240,Bioorg Med Chem Lett,2021.0,CHEMBL158,AZTREONAM,CHEMBL158,0,http://www.openphacts.org/units/MicrogramPerMilliliter,3560775,=,1,1,=,MIC,ug.mL-1,16.0,CHEMBL348,Pseudomonas aeruginosa,Pseudomonas aeruginosa,287.0,,MIC,ug ml-1,UO_0000274,16.0,CHEMBL158,C[C@H]1[C@H](NC(=O)/C(=N\OC(C)(C)C(=O)O)c2csc(N)n2)C(=O)N1S(=O)(=O)O,12.562141912320484,12.562141912320484,0.0349535856009066,-4.756268639419342,0.174788224513646,20.5,435.44000000000017,418.30400000000014,435.051854504,154,0,0.3620751467724121,-0.4782270320177159,0.4782270320177159,0.3620751467724121,1.4642857142857142,2.071428571428572,2.5,32.24529764273617,10.00401161573638,2.513331128805475,-2.416338874010568,2.230948535260857,-2.707807208919476,7.836563836647012,-0.1608446168429468,2.971847309732629,2.2592762983237704,953.8851353067348,21.43879310982592,14.8114553779692,16.444448539824652,12.752743308167698,7.578995896792942,9.855612118054724,6.221230582074894,8.399971119282888,3.730567932227123,5.414072402778615,2.1128455580549623,3.54351374163482,-2.78,690205.5939907836,21.519292322605008,7.325918985638601,4.204134383579708,162.59031069995737,20.994572059745856,11.735768823996422,10.843243482610037,5.601050810983688,11.814359458703011,16.27347016397548,14.141824241834009,14.083731696315263,8.417796984328938,11.336785877934735,5.15571272675054,20.771211599071872,5.380062770465915,6.041840829147961,37.29827438881211,50.26785898322327,0.0,14.605983116249774,5.15571272675054,38.455944068351485,5.733667477162185,11.073990765314376,0.0,0.0,11.050456081168516,5.131558479839333,0.0,11.336785877934735,68.54635098380861,29.525365011975733,0.0,26.46513959392033,10.535775497216456,0.0,0.0,0.0,201.58,51.4842470947288,22.801408536544404,0.0,15.130702465984026,0.0,11.336785877934735,26.151274369537788,0.0,0.0,15.456479851704078,20.23053332942989,31.44978820569469,0.9796905422586336,44.39737831563419,16.334751159546904,3.256457088644816,-3.375611656986792,-2.3123389733980013,0.0,3.692820624691566,-4.756268639419342,0.4615384615384615,28,5,13,0,1,1,0,1,1,10,4,15,7,0,1,1,2,-1.172499999999998,95.65050000000004,1,0,0,1,0,1,0,0,1,1,3,2,0,0,0,3,1,1,0,0,0,0,0,0,0,0,0,2,0,1,0,0,0,0,0,0,0,0,0,0,0,0,0,0,0,0,0,0,0,0,0,0,0,1,0,0,0,0,0,0,0,0,0,1,0,0,0,0,0,0,0,0,0,0,0,0,0,0,0,0,1,0,0,0,0,287.0,Pseudomonas aeruginosa,Bacteria
116652,,22932862,CHEMBL4738987,Antibacterial activity against Pseudomonas aeruginosa clinical isolate. assessed as reduction in bacterial growth by CLSI based broth microdilution method,F,BAO_0002146,BAO_0000218,organism-based format,C[C@H]1[C@H](NC(=O)/C(=N\OC(C)(C)C(=O)O)c2csc(N)n2)C(=O)N1S(=O)(=O)O,CHEMBL4732240,Bioorg Med Chem Lett,2021.0,CHEMBL158,AZTREONAM,CHEMBL158,0,http://www.openphacts.org/units/MicrogramPerMilliliter,3560775,=,1,1,=,MIC,ug.mL-1,16.0,CHEMBL348,Pseudomonas aeruginosa,Pseudomonas aeruginosa,287.0,,MIC,ug ml-1,UO_0000274,16.0,CHEMBL158,C[C@H]1[C@H](NC(=O)/C(=N\OC(C)(C)C(=O)O)c2csc(N)n2)C(=O)N1S(=O)(=O)O,12.562141912320484,12.562141912320484,0.0349535856009066,-4.756268639419342,0.174788224513646,20.5,435.44000000000017,418.30400000000014,435.051854504,154,0,0.3620751467724121,-0.4782270320177159,0.4782270320177159,0.3620751467724121,1.4642857142857142,2.071428571428572,2.5,32.24529764273617,10.00401161573638,2.513331128805475,-2.416338874010568,2.230948535260857,-2.707807208919476,7.836563836647012,-0.1608446168429468,2.971847309732629,2.2592762983237704,953.8851353067348,21.43879310982592,14.8114553779692,16.444448539824652,12.752743308167698,7.578995896792942,9.855612118054724,6.221230582074894,8.399971119282888,3.730567932227123,5.414072402778615,2.1128455580549623,3.54351374163482,-2.78,690205.5939907836,21.519292322605008,7.325918985638601,4.204134383579708,162.59031069995737,20.994572059745856,11.735768823996422,10.843243482610037,5.601050810983688,11.814359458703011,16.27347016397548,14.141824241834009,14.083731696315263,8.417796984328938,11.336785877934735,5.15571272675054,20.771211599071872,5.380062770465915,6.041840829147961,37.29827438881211,50.26785898322327,0.0,14.605983116249774,5.15571272675054,38.455944068351485,5.733667477162185,11.073990765314376,0.0,0.0,11.050456081168516,5.131558479839333,0.0,11.336785877934735,68.54635098380861,29.525365011975733,0.0,26.46513959392033,10.535775497216456,0.0,0.0,0.0,201.58,51.4842470947288,22.801408536544404,0.0,15.130702465984026,0.0,11.336785877934735,26.151274369537788,0.0,0.0,15.456479851704078,20.23053332942989,31.44978820569469,0.9796905422586336,44.39737831563419,16.334751159546904,3.256457088644816,-3.375611656986792,-2.3123389733980013,0.0,3.692820624691566,-4.756268639419342,0.4615384615384615,28,5,13,0,1,1,0,1,1,10,4,15,7,0,1,1,2,-1.172499999999998,95.65050000000004,1,0,0,1,0,1,0,0,1,1,3,2,0,0,0,3,1,1,0,0,0,0,0,0,0,0,0,2,0,1,0,0,0,0,0,0,0,0,0,0,0,0,0,0,0,0,0,0,0,0,0,0,0,1,0,0,0,0,0,0,0,0,0,1,0,0,0,0,0,0,0,0,0,0,0,0,0,0,0,0,1,0,0,0,0,287.0,Pseudomonas aeruginosa,Bacteria
116653,,22932869,CHEMBL4738988,Antibacterial activity against Pseudomonas aeruginosa 9027 assessed as reduction in bacterial growth by CLSI based broth microdilution method,F,BAO_0002146,BAO_0000218,organism-based format,C[C@H]1[C@H](NC(=O)/C(=N\OC(C)(C)C(=O)O)c2csc(N)n2)C(=O)N1S(=O)(=O)O,CHEMBL4732240,Bioorg Med Chem Lett,2021.0,CHEMBL158,AZTREONAM,CHEMBL158,0,http://www.openphacts.org/units/MicrogramPerMilliliter,3560775,=,1,1,=,MIC,ug.mL-1,4.0,CHEMBL348,Pseudomonas aeruginosa,Pseudomonas aeruginosa,287.0,,MIC,ug ml-1,UO_0000274,4.0,CHEMBL158,C[C@H]1[C@H](NC(=O)/C(=N\OC(C)(C)C(=O)O)c2csc(N)n2)C(=O)N1S(=O)(=O)O,12.562141912320484,12.562141912320484,0.0349535856009066,-4.756268639419342,0.174788224513646,20.5,435.44000000000017,418.30400000000014,435.051854504,154,0,0.3620751467724121,-0.4782270320177159,0.4782270320177159,0.3620751467724121,1.4642857142857142,2.071428571428572,2.5,32.24529764273617,10.00401161573638,2.513331128805475,-2.416338874010568,2.230948535260857,-2.707807208919476,7.836563836647012,-0.1608446168429468,2.971847309732629,2.2592762983237704,953.8851353067348,21.43879310982592,14.8114553779692,16.444448539824652,12.752743308167698,7.578995896792942,9.855612118054724,6.221230582074894,8.399971119282888,3.730567932227123,5.414072402778615,2.1128455580549623,3.54351374163482,-2.78,690205.5939907836,21.519292322605008,7.325918985638601,4.204134383579708,162.59031069995737,20.994572059745856,11.735768823996422,10.843243482610037,5.601050810983688,11.814359458703011,16.27347016397548,14.141824241834009,14.083731696315263,8.417796984328938,11.336785877934735,5.15571272675054,20.771211599071872,5.380062770465915,6.041840829147961,37.29827438881211,50.26785898322327,0.0,14.605983116249774,5.15571272675054,38.455944068351485,5.733667477162185,11.073990765314376,0.0,0.0,11.050456081168516,5.131558479839333,0.0,11.336785877934735,68.54635098380861,29.525365011975733,0.0,26.46513959392033,10.535775497216456,0.0,0.0,0.0,201.58,51.4842470947288,22.801408536544404,0.0,15.130702465984026,0.0,11.336785877934735,26.151274369537788,0.0,0.0,15.456479851704078,20.23053332942989,31.44978820569469,0.9796905422586336,44.39737831563419,16.334751159546904,3.256457088644816,-3.375611656986792,-2.3123389733980013,0.0,3.692820624691566,-4.756268639419342,0.4615384615384615,28,5,13,0,1,1,0,1,1,10,4,15,7,0,1,1,2,-1.172499999999998,95.65050000000004,1,0,0,1,0,1,0,0,1,1,3,2,0,0,0,3,1,1,0,0,0,0,0,0,0,0,0,2,0,1,0,0,0,0,0,0,0,0,0,0,0,0,0,0,0,0,0,0,0,0,0,0,0,1,0,0,0,0,0,0,0,0,0,1,0,0,0,0,0,0,0,0,0,0,0,0,0,0,0,0,1,0,0,0,0,287.0,Pseudomonas aeruginosa,Bacteria
116653,,22932869,CHEMBL4738988,Antibacterial activity against Pseudomonas aeruginosa 9027 assessed as reduction in bacterial growth by CLSI based broth microdilution method,F,BAO_0002146,BAO_0000218,organism-based format,C[C@H]1[C@H](NC(=O)/C(=N\OC(C)(C)C(=O)O)c2csc(N)n2)C(=O)N1S(=O)(=O)O,CHEMBL4732240,Bioorg Med Chem Lett,2021.0,CHEMBL158,AZTREONAM,CHEMBL158,0,http://www.openphacts.org/units/MicrogramPerMilliliter,3560775,=,1,1,=,MIC,ug.mL-1,4.0,CHEMBL348,Pseudomonas aeruginosa,Pseudomonas aeruginosa,287.0,,MIC,ug ml-1,UO_0000274,4.0,CHEMBL158,C[C@H]1[C@H](NC(=O)/C(=N\OC(C)(C)C(=O)O)c2csc(N)n2)C(=O)N1S(=O)(=O)O,12.562141912320484,12.562141912320484,0.0349535856009066,-4.756268639419342,0.174788224513646,20.5,435.44000000000017,418.30400000000014,435.051854504,154,0,0.3620751467724121,-0.4782270320177159,0.4782270320177159,0.3620751467724121,1.4642857142857142,2.071428571428572,2.5,32.24529764273617,10.00401161573638,2.513331128805475,-2.416338874010568,2.230948535260857,-2.707807208919476,7.836563836647012,-0.1608446168429468,2.971847309732629,2.2592762983237704,953.8851353067348,21.43879310982592,14.8114553779692,16.444448539824652,12.752743308167698,7.578995896792942,9.855612118054724,6.221230582074894,8.399971119282888,3.730567932227123,5.414072402778615,2.1128455580549623,3.54351374163482,-2.78,690205.5939907836,21.519292322605008,7.325918985638601,4.204134383579708,162.59031069995737,20.994572059745856,11.735768823996422,10.843243482610037,5.601050810983688,11.814359458703011,16.27347016397548,14.141824241834009,14.083731696315263,8.417796984328938,11.336785877934735,5.15571272675054,20.771211599071872,5.380062770465915,6.041840829147961,37.29827438881211,50.26785898322327,0.0,14.605983116249774,5.15571272675054,38.455944068351485,5.733667477162185,11.073990765314376,0.0,0.0,11.050456081168516,5.131558479839333,0.0,11.336785877934735,68.54635098380861,29.525365011975733,0.0,26.46513959392033,10.535775497216456,0.0,0.0,0.0,201.58,51.4842470947288,22.801408536544404,0.0,15.130702465984026,0.0,11.336785877934735,26.151274369537788,0.0,0.0,15.456479851704078,20.23053332942989,31.44978820569469,0.9796905422586336,44.39737831563419,16.334751159546904,3.256457088644816,-3.375611656986792,-2.3123389733980013,0.0,3.692820624691566,-4.756268639419342,0.4615384615384615,28,5,13,0,1,1,0,1,1,10,4,15,7,0,1,1,2,-1.172499999999998,95.65050000000004,1,0,0,1,0,1,0,0,1,1,3,2,0,0,0,3,1,1,0,0,0,0,0,0,0,0,0,2,0,1,0,0,0,0,0,0,0,0,0,0,0,0,0,0,0,0,0,0,0,0,0,0,0,1,0,0,0,0,0,0,0,0,0,1,0,0,0,0,0,0,0,0,0,0,0,0,0,0,0,0,1,0,0,0,0,287.0,Pseudomonas aeruginosa,Bacteria
116653,,22932869,CHEMBL4738988,Antibacterial activity against Pseudomonas aeruginosa 9027 assessed as reduction in bacterial growth by CLSI based broth microdilution method,F,BAO_0002146,BAO_0000218,organism-based format,C[C@H]1[C@H](NC(=O)/C(=N\OC(C)(C)C(=O)O)c2csc(N)n2)C(=O)N1S(=O)(=O)O,CHEMBL4732240,Bioorg Med Chem Lett,2021.0,CHEMBL158,AZTREONAM,CHEMBL158,0,http://www.openphacts.org/units/MicrogramPerMilliliter,3560775,=,1,1,=,MIC,ug.mL-1,4.0,CHEMBL348,Pseudomonas aeruginosa,Pseudomonas aeruginosa,287.0,,MIC,ug ml-1,UO_0000274,4.0,CHEMBL158,C[C@H]1[C@H](NC(=O)/C(=N\OC(C)(C)C(=O)O)c2csc(N)n2)C(=O)N1S(=O)(=O)O,12.562141912320484,12.562141912320484,0.0349535856009066,-4.756268639419342,0.174788224513646,20.5,435.44000000000017,418.30400000000014,435.051854504,154,0,0.3620751467724121,-0.4782270320177159,0.4782270320177159,0.3620751467724121,1.4642857142857142,2.071428571428572,2.5,32.24529764273617,10.00401161573638,2.513331128805475,-2.416338874010568,2.230948535260857,-2.707807208919476,7.836563836647012,-0.1608446168429468,2.971847309732629,2.2592762983237704,953.8851353067348,21.43879310982592,14.8114553779692,16.444448539824652,12.752743308167698,7.578995896792942,9.855612118054724,6.221230582074894,8.399971119282888,3.730567932227123,5.414072402778615,2.1128455580549623,3.54351374163482,-2.78,690205.5939907836,21.519292322605008,7.325918985638601,4.204134383579708,162.59031069995737,20.994572059745856,11.735768823996422,10.843243482610037,5.601050810983688,11.814359458703011,16.27347016397548,14.141824241834009,14.083731696315263,8.417796984328938,11.336785877934735,5.15571272675054,20.771211599071872,5.380062770465915,6.041840829147961,37.29827438881211,50.26785898322327,0.0,14.605983116249774,5.15571272675054,38.455944068351485,5.733667477162185,11.073990765314376,0.0,0.0,11.050456081168516,5.131558479839333,0.0,11.336785877934735,68.54635098380861,29.525365011975733,0.0,26.46513959392033,10.535775497216456,0.0,0.0,0.0,201.58,51.4842470947288,22.801408536544404,0.0,15.130702465984026,0.0,11.336785877934735,26.151274369537788,0.0,0.0,15.456479851704078,20.23053332942989,31.44978820569469,0.9796905422586336,44.39737831563419,16.334751159546904,3.256457088644816,-3.375611656986792,-2.3123389733980013,0.0,3.692820624691566,-4.756268639419342,0.4615384615384615,28,5,13,0,1,1,0,1,1,10,4,15,7,0,1,1,2,-1.172499999999998,95.65050000000004,1,0,0,1,0,1,0,0,1,1,3,2,0,0,0,3,1,1,0,0,0,0,0,0,0,0,0,2,0,1,0,0,0,0,0,0,0,0,0,0,0,0,0,0,0,0,0,0,0,0,0,0,0,1,0,0,0,0,0,0,0,0,0,1,0,0,0,0,0,0,0,0,0,0,0,0,0,0,0,0,1,0,0,0,0,287.0,Pseudomonas aeruginosa,Bacteria
116654,,23303992,CHEMBL4842559,Antibacterial activity against panel of 198 clinical isolates Acinetobacter baumannii assessed as inhibition of bacterial growth by microdilution method,F,BAO_0003035,BAO_0000218,organism-based format,C[C@H]1[C@H](NC(=O)/C(=N\OC(C)(C)C(=O)O)c2csc(N)n2)C(=O)N1S(=O)(=O)O,CHEMBL4842318,Eur J Med Chem,2021.0,CHEMBL158,AZTREONAM,CHEMBL158,0,http://www.openphacts.org/units/MicrogramPerMilliliter,3626762,>,1,1,>,MIC50,ug.mL-1,32.0,CHEMBL614425,Acinetobacter baumannii,Acinetobacter baumannii,470.0,,MIC50,ug ml-1,UO_0000274,32.0,CHEMBL158,C[C@H]1[C@H](NC(=O)/C(=N\OC(C)(C)C(=O)O)c2csc(N)n2)C(=O)N1S(=O)(=O)O,12.562141912320484,12.562141912320484,0.0349535856009066,-4.756268639419342,0.174788224513646,20.5,435.44000000000017,418.30400000000014,435.051854504,154,0,0.3620751467724121,-0.4782270320177159,0.4782270320177159,0.3620751467724121,1.4642857142857142,2.071428571428572,2.5,32.24529764273617,10.00401161573638,2.513331128805475,-2.416338874010568,2.230948535260857,-2.707807208919476,7.836563836647012,-0.1608446168429468,2.971847309732629,2.2592762983237704,953.8851353067348,21.43879310982592,14.8114553779692,16.444448539824652,12.752743308167698,7.578995896792942,9.855612118054724,6.221230582074894,8.399971119282888,3.730567932227123,5.414072402778615,2.1128455580549623,3.54351374163482,-2.78,690205.5939907836,21.519292322605008,7.325918985638601,4.204134383579708,162.59031069995737,20.994572059745856,11.735768823996422,10.843243482610037,5.601050810983688,11.814359458703011,16.27347016397548,14.141824241834009,14.083731696315263,8.417796984328938,11.336785877934735,5.15571272675054,20.771211599071872,5.380062770465915,6.041840829147961,37.29827438881211,50.26785898322327,0.0,14.605983116249774,5.15571272675054,38.455944068351485,5.733667477162185,11.073990765314376,0.0,0.0,11.050456081168516,5.131558479839333,0.0,11.336785877934735,68.54635098380861,29.525365011975733,0.0,26.46513959392033,10.535775497216456,0.0,0.0,0.0,201.58,51.4842470947288,22.801408536544404,0.0,15.130702465984026,0.0,11.336785877934735,26.151274369537788,0.0,0.0,15.456479851704078,20.23053332942989,31.44978820569469,0.9796905422586336,44.39737831563419,16.334751159546904,3.256457088644816,-3.375611656986792,-2.3123389733980013,0.0,3.692820624691566,-4.756268639419342,0.4615384615384615,28,5,13,0,1,1,0,1,1,10,4,15,7,0,1,1,2,-1.172499999999998,95.65050000000004,1,0,0,1,0,1,0,0,1,1,3,2,0,0,0,3,1,1,0,0,0,0,0,0,0,0,0,2,0,1,0,0,0,0,0,0,0,0,0,0,0,0,0,0,0,0,0,0,0,0,0,0,0,1,0,0,0,0,0,0,0,0,0,1,0,0,0,0,0,0,0,0,0,0,0,0,0,0,0,0,1,0,0,0,0,470.0,Acinetobacter baumannii,Bacteria
116655,,23303995,CHEMBL4842559,Antibacterial activity against panel of 198 clinical isolates Acinetobacter baumannii assessed as inhibition of bacterial growth by microdilution method,F,BAO_0000179,BAO_0000218,organism-based format,C[C@H]1[C@H](NC(=O)/C(=N\OC(C)(C)C(=O)O)c2csc(N)n2)C(=O)N1S(=O)(=O)O,CHEMBL4842318,Eur J Med Chem,2021.0,CHEMBL158,AZTREONAM,CHEMBL158,0,http://www.openphacts.org/units/MicrogramPerMilliliter,3626762,>,1,1,>,MIC90,ug.mL-1,32.0,CHEMBL614425,Acinetobacter baumannii,Acinetobacter baumannii,470.0,,MIC90,ug ml-1,UO_0000274,32.0,CHEMBL158,C[C@H]1[C@H](NC(=O)/C(=N\OC(C)(C)C(=O)O)c2csc(N)n2)C(=O)N1S(=O)(=O)O,12.562141912320484,12.562141912320484,0.0349535856009066,-4.756268639419342,0.174788224513646,20.5,435.44000000000017,418.30400000000014,435.051854504,154,0,0.3620751467724121,-0.4782270320177159,0.4782270320177159,0.3620751467724121,1.4642857142857142,2.071428571428572,2.5,32.24529764273617,10.00401161573638,2.513331128805475,-2.416338874010568,2.230948535260857,-2.707807208919476,7.836563836647012,-0.1608446168429468,2.971847309732629,2.2592762983237704,953.8851353067348,21.43879310982592,14.8114553779692,16.444448539824652,12.752743308167698,7.578995896792942,9.855612118054724,6.221230582074894,8.399971119282888,3.730567932227123,5.414072402778615,2.1128455580549623,3.54351374163482,-2.78,690205.5939907836,21.519292322605008,7.325918985638601,4.204134383579708,162.59031069995737,20.994572059745856,11.735768823996422,10.843243482610037,5.601050810983688,11.814359458703011,16.27347016397548,14.141824241834009,14.083731696315263,8.417796984328938,11.336785877934735,5.15571272675054,20.771211599071872,5.380062770465915,6.041840829147961,37.29827438881211,50.26785898322327,0.0,14.605983116249774,5.15571272675054,38.455944068351485,5.733667477162185,11.073990765314376,0.0,0.0,11.050456081168516,5.131558479839333,0.0,11.336785877934735,68.54635098380861,29.525365011975733,0.0,26.46513959392033,10.535775497216456,0.0,0.0,0.0,201.58,51.4842470947288,22.801408536544404,0.0,15.130702465984026,0.0,11.336785877934735,26.151274369537788,0.0,0.0,15.456479851704078,20.23053332942989,31.44978820569469,0.9796905422586336,44.39737831563419,16.334751159546904,3.256457088644816,-3.375611656986792,-2.3123389733980013,0.0,3.692820624691566,-4.756268639419342,0.4615384615384615,28,5,13,0,1,1,0,1,1,10,4,15,7,0,1,1,2,-1.172499999999998,95.65050000000004,1,0,0,1,0,1,0,0,1,1,3,2,0,0,0,3,1,1,0,0,0,0,0,0,0,0,0,2,0,1,0,0,0,0,0,0,0,0,0,0,0,0,0,0,0,0,0,0,0,0,0,0,0,1,0,0,0,0,0,0,0,0,0,1,0,0,0,0,0,0,0,0,0,0,0,0,0,0,0,0,1,0,0,0,0,470.0,Acinetobacter baumannii,Bacteria
116656,,23303999,CHEMBL4842560,Antibacterial activity against 98 member subset of carbapenem resistant Acinetobacter baumannii assessed as assessed as inhibition of bacterial growth by microdilution method,F,BAO_0003035,BAO_0000218,organism-based format,C[C@H]1[C@H](NC(=O)/C(=N\OC(C)(C)C(=O)O)c2csc(N)n2)C(=O)N1S(=O)(=O)O,CHEMBL4842318,Eur J Med Chem,2021.0,CHEMBL158,AZTREONAM,CHEMBL158,0,http://www.openphacts.org/units/MicrogramPerMilliliter,3626762,>,1,1,>,MIC50,ug.mL-1,32.0,CHEMBL614425,Acinetobacter baumannii,Acinetobacter baumannii,470.0,,MIC50,ug ml-1,UO_0000274,32.0,CHEMBL158,C[C@H]1[C@H](NC(=O)/C(=N\OC(C)(C)C(=O)O)c2csc(N)n2)C(=O)N1S(=O)(=O)O,12.562141912320484,12.562141912320484,0.0349535856009066,-4.756268639419342,0.174788224513646,20.5,435.44000000000017,418.30400000000014,435.051854504,154,0,0.3620751467724121,-0.4782270320177159,0.4782270320177159,0.3620751467724121,1.4642857142857142,2.071428571428572,2.5,32.24529764273617,10.00401161573638,2.513331128805475,-2.416338874010568,2.230948535260857,-2.707807208919476,7.836563836647012,-0.1608446168429468,2.971847309732629,2.2592762983237704,953.8851353067348,21.43879310982592,14.8114553779692,16.444448539824652,12.752743308167698,7.578995896792942,9.855612118054724,6.221230582074894,8.399971119282888,3.730567932227123,5.414072402778615,2.1128455580549623,3.54351374163482,-2.78,690205.5939907836,21.519292322605008,7.325918985638601,4.204134383579708,162.59031069995737,20.994572059745856,11.735768823996422,10.843243482610037,5.601050810983688,11.814359458703011,16.27347016397548,14.141824241834009,14.083731696315263,8.417796984328938,11.336785877934735,5.15571272675054,20.771211599071872,5.380062770465915,6.041840829147961,37.29827438881211,50.26785898322327,0.0,14.605983116249774,5.15571272675054,38.455944068351485,5.733667477162185,11.073990765314376,0.0,0.0,11.050456081168516,5.131558479839333,0.0,11.336785877934735,68.54635098380861,29.525365011975733,0.0,26.46513959392033,10.535775497216456,0.0,0.0,0.0,201.58,51.4842470947288,22.801408536544404,0.0,15.130702465984026,0.0,11.336785877934735,26.151274369537788,0.0,0.0,15.456479851704078,20.23053332942989,31.44978820569469,0.9796905422586336,44.39737831563419,16.334751159546904,3.256457088644816,-3.375611656986792,-2.3123389733980013,0.0,3.692820624691566,-4.756268639419342,0.4615384615384615,28,5,13,0,1,1,0,1,1,10,4,15,7,0,1,1,2,-1.172499999999998,95.65050000000004,1,0,0,1,0,1,0,0,1,1,3,2,0,0,0,3,1,1,0,0,0,0,0,0,0,0,0,2,0,1,0,0,0,0,0,0,0,0,0,0,0,0,0,0,0,0,0,0,0,0,0,0,0,1,0,0,0,0,0,0,0,0,0,1,0,0,0,0,0,0,0,0,0,0,0,0,0,0,0,0,1,0,0,0,0,470.0,Acinetobacter baumannii,Bacteria
116657,,23304003,CHEMBL4842560,Antibacterial activity against 98 member subset of carbapenem resistant Acinetobacter baumannii assessed as assessed as inhibition of bacterial growth by microdilution method,F,BAO_0000179,BAO_0000218,organism-based format,C[C@H]1[C@H](NC(=O)/C(=N\OC(C)(C)C(=O)O)c2csc(N)n2)C(=O)N1S(=O)(=O)O,CHEMBL4842318,Eur J Med Chem,2021.0,CHEMBL158,AZTREONAM,CHEMBL158,0,http://www.openphacts.org/units/MicrogramPerMilliliter,3626762,>,1,1,>,MIC90,ug.mL-1,32.0,CHEMBL614425,Acinetobacter baumannii,Acinetobacter baumannii,470.0,,MIC90,ug ml-1,UO_0000274,32.0,CHEMBL158,C[C@H]1[C@H](NC(=O)/C(=N\OC(C)(C)C(=O)O)c2csc(N)n2)C(=O)N1S(=O)(=O)O,12.562141912320484,12.562141912320484,0.0349535856009066,-4.756268639419342,0.174788224513646,20.5,435.44000000000017,418.30400000000014,435.051854504,154,0,0.3620751467724121,-0.4782270320177159,0.4782270320177159,0.3620751467724121,1.4642857142857142,2.071428571428572,2.5,32.24529764273617,10.00401161573638,2.513331128805475,-2.416338874010568,2.230948535260857,-2.707807208919476,7.836563836647012,-0.1608446168429468,2.971847309732629,2.2592762983237704,953.8851353067348,21.43879310982592,14.8114553779692,16.444448539824652,12.752743308167698,7.578995896792942,9.855612118054724,6.221230582074894,8.399971119282888,3.730567932227123,5.414072402778615,2.1128455580549623,3.54351374163482,-2.78,690205.5939907836,21.519292322605008,7.325918985638601,4.204134383579708,162.59031069995737,20.994572059745856,11.735768823996422,10.843243482610037,5.601050810983688,11.814359458703011,16.27347016397548,14.141824241834009,14.083731696315263,8.417796984328938,11.336785877934735,5.15571272675054,20.771211599071872,5.380062770465915,6.041840829147961,37.29827438881211,50.26785898322327,0.0,14.605983116249774,5.15571272675054,38.455944068351485,5.733667477162185,11.073990765314376,0.0,0.0,11.050456081168516,5.131558479839333,0.0,11.336785877934735,68.54635098380861,29.525365011975733,0.0,26.46513959392033,10.535775497216456,0.0,0.0,0.0,201.58,51.4842470947288,22.801408536544404,0.0,15.130702465984026,0.0,11.336785877934735,26.151274369537788,0.0,0.0,15.456479851704078,20.23053332942989,31.44978820569469,0.9796905422586336,44.39737831563419,16.334751159546904,3.256457088644816,-3.375611656986792,-2.3123389733980013,0.0,3.692820624691566,-4.756268639419342,0.4615384615384615,28,5,13,0,1,1,0,1,1,10,4,15,7,0,1,1,2,-1.172499999999998,95.65050000000004,1,0,0,1,0,1,0,0,1,1,3,2,0,0,0,3,1,1,0,0,0,0,0,0,0,0,0,2,0,1,0,0,0,0,0,0,0,0,0,0,0,0,0,0,0,0,0,0,0,0,0,0,0,1,0,0,0,0,0,0,0,0,0,1,0,0,0,0,0,0,0,0,0,0,0,0,0,0,0,0,1,0,0,0,0,470.0,Acinetobacter baumannii,Bacteria
116658,,24847911,CHEMBL5147156,Antibacterial activity against Klebsiella pneumoniae 1009 producing class A CTX-M-14 assessed as inhibition of bacterial growth by CLSI based broth microdilution method,F,BAO_0002146,BAO_0000218,organism-based format,C[C@H]1[C@H](NC(=O)/C(=N\OC(C)(C)C(=O)O)c2csc(N)n2)C(=O)N1S(=O)(=O)O,CHEMBL5143649,Bioorg Med Chem,2022.0,CHEMBL158,AZTREONAM,CHEMBL158,0,http://www.openphacts.org/units/MicrogramPerMilliliter,3881463,>,1,1,>,MIC,ug.mL-1,64.0,CHEMBL350,Klebsiella pneumoniae,Klebsiella pneumoniae,573.0,,MIC,ug ml-1,UO_0000274,64.0,CHEMBL158,C[C@H]1[C@H](NC(=O)/C(=N\OC(C)(C)C(=O)O)c2csc(N)n2)C(=O)N1S(=O)(=O)O,12.562141912320484,12.562141912320484,0.0349535856009066,-4.756268639419342,0.174788224513646,20.5,435.44000000000017,418.30400000000014,435.051854504,154,0,0.3620751467724121,-0.4782270320177159,0.4782270320177159,0.3620751467724121,1.4642857142857142,2.071428571428572,2.5,32.24529764273617,10.00401161573638,2.513331128805475,-2.416338874010568,2.230948535260857,-2.707807208919476,7.836563836647012,-0.1608446168429468,2.971847309732629,2.2592762983237704,953.8851353067348,21.43879310982592,14.8114553779692,16.444448539824652,12.752743308167698,7.578995896792942,9.855612118054724,6.221230582074894,8.399971119282888,3.730567932227123,5.414072402778615,2.1128455580549623,3.54351374163482,-2.78,690205.5939907836,21.519292322605008,7.325918985638601,4.204134383579708,162.59031069995737,20.994572059745856,11.735768823996422,10.843243482610037,5.601050810983688,11.814359458703011,16.27347016397548,14.141824241834009,14.083731696315263,8.417796984328938,11.336785877934735,5.15571272675054,20.771211599071872,5.380062770465915,6.041840829147961,37.29827438881211,50.26785898322327,0.0,14.605983116249774,5.15571272675054,38.455944068351485,5.733667477162185,11.073990765314376,0.0,0.0,11.050456081168516,5.131558479839333,0.0,11.336785877934735,68.54635098380861,29.525365011975733,0.0,26.46513959392033,10.535775497216456,0.0,0.0,0.0,201.58,51.4842470947288,22.801408536544404,0.0,15.130702465984026,0.0,11.336785877934735,26.151274369537788,0.0,0.0,15.456479851704078,20.23053332942989,31.44978820569469,0.9796905422586336,44.39737831563419,16.334751159546904,3.256457088644816,-3.375611656986792,-2.3123389733980013,0.0,3.692820624691566,-4.756268639419342,0.4615384615384615,28,5,13,0,1,1,0,1,1,10,4,15,7,0,1,1,2,-1.172499999999998,95.65050000000004,1,0,0,1,0,1,0,0,1,1,3,2,0,0,0,3,1,1,0,0,0,0,0,0,0,0,0,2,0,1,0,0,0,0,0,0,0,0,0,0,0,0,0,0,0,0,0,0,0,0,0,0,0,1,0,0,0,0,0,0,0,0,0,1,0,0,0,0,0,0,0,0,0,0,0,0,0,0,0,0,1,0,0,0,0,573.0,Klebsiella pneumoniae,Bacteria
116658,,24847911,CHEMBL5147156,Antibacterial activity against Klebsiella pneumoniae 1009 producing class A CTX-M-14 assessed as inhibition of bacterial growth by CLSI based broth microdilution method,F,BAO_0002146,BAO_0000218,organism-based format,C[C@H]1[C@H](NC(=O)/C(=N\OC(C)(C)C(=O)O)c2csc(N)n2)C(=O)N1S(=O)(=O)O,CHEMBL5143649,Bioorg Med Chem,2022.0,CHEMBL158,AZTREONAM,CHEMBL158,0,http://www.openphacts.org/units/MicrogramPerMilliliter,3881463,>,1,1,>,MIC,ug.mL-1,64.0,CHEMBL350,Klebsiella pneumoniae,Klebsiella pneumoniae,573.0,,MIC,ug ml-1,UO_0000274,64.0,CHEMBL158,C[C@H]1[C@H](NC(=O)/C(=N\OC(C)(C)C(=O)O)c2csc(N)n2)C(=O)N1S(=O)(=O)O,12.562141912320484,12.562141912320484,0.0349535856009066,-4.756268639419342,0.174788224513646,20.5,435.44000000000017,418.30400000000014,435.051854504,154,0,0.3620751467724121,-0.4782270320177159,0.4782270320177159,0.3620751467724121,1.4642857142857142,2.071428571428572,2.5,32.24529764273617,10.00401161573638,2.513331128805475,-2.416338874010568,2.230948535260857,-2.707807208919476,7.836563836647012,-0.1608446168429468,2.971847309732629,2.2592762983237704,953.8851353067348,21.43879310982592,14.8114553779692,16.444448539824652,12.752743308167698,7.578995896792942,9.855612118054724,6.221230582074894,8.399971119282888,3.730567932227123,5.414072402778615,2.1128455580549623,3.54351374163482,-2.78,690205.5939907836,21.519292322605008,7.325918985638601,4.204134383579708,162.59031069995737,20.994572059745856,11.735768823996422,10.843243482610037,5.601050810983688,11.814359458703011,16.27347016397548,14.141824241834009,14.083731696315263,8.417796984328938,11.336785877934735,5.15571272675054,20.771211599071872,5.380062770465915,6.041840829147961,37.29827438881211,50.26785898322327,0.0,14.605983116249774,5.15571272675054,38.455944068351485,5.733667477162185,11.073990765314376,0.0,0.0,11.050456081168516,5.131558479839333,0.0,11.336785877934735,68.54635098380861,29.525365011975733,0.0,26.46513959392033,10.535775497216456,0.0,0.0,0.0,201.58,51.4842470947288,22.801408536544404,0.0,15.130702465984026,0.0,11.336785877934735,26.151274369537788,0.0,0.0,15.456479851704078,20.23053332942989,31.44978820569469,0.9796905422586336,44.39737831563419,16.334751159546904,3.256457088644816,-3.375611656986792,-2.3123389733980013,0.0,3.692820624691566,-4.756268639419342,0.4615384615384615,28,5,13,0,1,1,0,1,1,10,4,15,7,0,1,1,2,-1.172499999999998,95.65050000000004,1,0,0,1,0,1,0,0,1,1,3,2,0,0,0,3,1,1,0,0,0,0,0,0,0,0,0,2,0,1,0,0,0,0,0,0,0,0,0,0,0,0,0,0,0,0,0,0,0,0,0,0,0,1,0,0,0,0,0,0,0,0,0,1,0,0,0,0,0,0,0,0,0,0,0,0,0,0,0,0,1,0,0,0,0,573.0,Klebsiella pneumoniae,Bacteria
116659,,24847912,CHEMBL5147157,Antibacterial activity against Escherichia coli 308 producing SHV-5 assessed as inhibition of bacterial growth by CLSI based broth microdilution method,F,BAO_0002146,BAO_0000218,organism-based format,C[C@H]1[C@H](NC(=O)/C(=N\OC(C)(C)C(=O)O)c2csc(N)n2)C(=O)N1S(=O)(=O)O,CHEMBL5143649,Bioorg Med Chem,2022.0,CHEMBL158,AZTREONAM,CHEMBL158,0,http://www.openphacts.org/units/MicrogramPerMilliliter,3881463,>,1,1,>,MIC,ug.mL-1,64.0,CHEMBL354,Escherichia coli,Escherichia coli,562.0,,MIC,ug ml-1,UO_0000274,64.0,CHEMBL158,C[C@H]1[C@H](NC(=O)/C(=N\OC(C)(C)C(=O)O)c2csc(N)n2)C(=O)N1S(=O)(=O)O,12.562141912320484,12.562141912320484,0.0349535856009066,-4.756268639419342,0.174788224513646,20.5,435.44000000000017,418.30400000000014,435.051854504,154,0,0.3620751467724121,-0.4782270320177159,0.4782270320177159,0.3620751467724121,1.4642857142857142,2.071428571428572,2.5,32.24529764273617,10.00401161573638,2.513331128805475,-2.416338874010568,2.230948535260857,-2.707807208919476,7.836563836647012,-0.1608446168429468,2.971847309732629,2.2592762983237704,953.8851353067348,21.43879310982592,14.8114553779692,16.444448539824652,12.752743308167698,7.578995896792942,9.855612118054724,6.221230582074894,8.399971119282888,3.730567932227123,5.414072402778615,2.1128455580549623,3.54351374163482,-2.78,690205.5939907836,21.519292322605008,7.325918985638601,4.204134383579708,162.59031069995737,20.994572059745856,11.735768823996422,10.843243482610037,5.601050810983688,11.814359458703011,16.27347016397548,14.141824241834009,14.083731696315263,8.417796984328938,11.336785877934735,5.15571272675054,20.771211599071872,5.380062770465915,6.041840829147961,37.29827438881211,50.26785898322327,0.0,14.605983116249774,5.15571272675054,38.455944068351485,5.733667477162185,11.073990765314376,0.0,0.0,11.050456081168516,5.131558479839333,0.0,11.336785877934735,68.54635098380861,29.525365011975733,0.0,26.46513959392033,10.535775497216456,0.0,0.0,0.0,201.58,51.4842470947288,22.801408536544404,0.0,15.130702465984026,0.0,11.336785877934735,26.151274369537788,0.0,0.0,15.456479851704078,20.23053332942989,31.44978820569469,0.9796905422586336,44.39737831563419,16.334751159546904,3.256457088644816,-3.375611656986792,-2.3123389733980013,0.0,3.692820624691566,-4.756268639419342,0.4615384615384615,28,5,13,0,1,1,0,1,1,10,4,15,7,0,1,1,2,-1.172499999999998,95.65050000000004,1,0,0,1,0,1,0,0,1,1,3,2,0,0,0,3,1,1,0,0,0,0,0,0,0,0,0,2,0,1,0,0,0,0,0,0,0,0,0,0,0,0,0,0,0,0,0,0,0,0,0,0,0,1,0,0,0,0,0,0,0,0,0,1,0,0,0,0,0,0,0,0,0,0,0,0,0,0,0,0,1,0,0,0,0,562.0,Escherichia coli,Bacteria
116659,,24847912,CHEMBL5147157,Antibacterial activity against Escherichia coli 308 producing SHV-5 assessed as inhibition of bacterial growth by CLSI based broth microdilution method,F,BAO_0002146,BAO_0000218,organism-based format,C[C@H]1[C@H](NC(=O)/C(=N\OC(C)(C)C(=O)O)c2csc(N)n2)C(=O)N1S(=O)(=O)O,CHEMBL5143649,Bioorg Med Chem,2022.0,CHEMBL158,AZTREONAM,CHEMBL158,0,http://www.openphacts.org/units/MicrogramPerMilliliter,3881463,>,1,1,>,MIC,ug.mL-1,64.0,CHEMBL354,Escherichia coli,Escherichia coli,562.0,,MIC,ug ml-1,UO_0000274,64.0,CHEMBL158,C[C@H]1[C@H](NC(=O)/C(=N\OC(C)(C)C(=O)O)c2csc(N)n2)C(=O)N1S(=O)(=O)O,12.562141912320484,12.562141912320484,0.0349535856009066,-4.756268639419342,0.174788224513646,20.5,435.44000000000017,418.30400000000014,435.051854504,154,0,0.3620751467724121,-0.4782270320177159,0.4782270320177159,0.3620751467724121,1.4642857142857142,2.071428571428572,2.5,32.24529764273617,10.00401161573638,2.513331128805475,-2.416338874010568,2.230948535260857,-2.707807208919476,7.836563836647012,-0.1608446168429468,2.971847309732629,2.2592762983237704,953.8851353067348,21.43879310982592,14.8114553779692,16.444448539824652,12.752743308167698,7.578995896792942,9.855612118054724,6.221230582074894,8.399971119282888,3.730567932227123,5.414072402778615,2.1128455580549623,3.54351374163482,-2.78,690205.5939907836,21.519292322605008,7.325918985638601,4.204134383579708,162.59031069995737,20.994572059745856,11.735768823996422,10.843243482610037,5.601050810983688,11.814359458703011,16.27347016397548,14.141824241834009,14.083731696315263,8.417796984328938,11.336785877934735,5.15571272675054,20.771211599071872,5.380062770465915,6.041840829147961,37.29827438881211,50.26785898322327,0.0,14.605983116249774,5.15571272675054,38.455944068351485,5.733667477162185,11.073990765314376,0.0,0.0,11.050456081168516,5.131558479839333,0.0,11.336785877934735,68.54635098380861,29.525365011975733,0.0,26.46513959392033,10.535775497216456,0.0,0.0,0.0,201.58,51.4842470947288,22.801408536544404,0.0,15.130702465984026,0.0,11.336785877934735,26.151274369537788,0.0,0.0,15.456479851704078,20.23053332942989,31.44978820569469,0.9796905422586336,44.39737831563419,16.334751159546904,3.256457088644816,-3.375611656986792,-2.3123389733980013,0.0,3.692820624691566,-4.756268639419342,0.4615384615384615,28,5,13,0,1,1,0,1,1,10,4,15,7,0,1,1,2,-1.172499999999998,95.65050000000004,1,0,0,1,0,1,0,0,1,1,3,2,0,0,0,3,1,1,0,0,0,0,0,0,0,0,0,2,0,1,0,0,0,0,0,0,0,0,0,0,0,0,0,0,0,0,0,0,0,0,0,0,0,1,0,0,0,0,0,0,0,0,0,1,0,0,0,0,0,0,0,0,0,0,0,0,0,0,0,0,1,0,0,0,0,562.0,Escherichia coli,Bacteria
116659,,24847912,CHEMBL5147157,Antibacterial activity against Escherichia coli 308 producing SHV-5 assessed as inhibition of bacterial growth by CLSI based broth microdilution method,F,BAO_0002146,BAO_0000218,organism-based format,C[C@H]1[C@H](NC(=O)/C(=N\OC(C)(C)C(=O)O)c2csc(N)n2)C(=O)N1S(=O)(=O)O,CHEMBL5143649,Bioorg Med Chem,2022.0,CHEMBL158,AZTREONAM,CHEMBL158,0,http://www.openphacts.org/units/MicrogramPerMilliliter,3881463,>,1,1,>,MIC,ug.mL-1,64.0,CHEMBL354,Escherichia coli,Escherichia coli,562.0,,MIC,ug ml-1,UO_0000274,64.0,CHEMBL158,C[C@H]1[C@H](NC(=O)/C(=N\OC(C)(C)C(=O)O)c2csc(N)n2)C(=O)N1S(=O)(=O)O,12.562141912320484,12.562141912320484,0.0349535856009066,-4.756268639419342,0.174788224513646,20.5,435.44000000000017,418.30400000000014,435.051854504,154,0,0.3620751467724121,-0.4782270320177159,0.4782270320177159,0.3620751467724121,1.4642857142857142,2.071428571428572,2.5,32.24529764273617,10.00401161573638,2.513331128805475,-2.416338874010568,2.230948535260857,-2.707807208919476,7.836563836647012,-0.1608446168429468,2.971847309732629,2.2592762983237704,953.8851353067348,21.43879310982592,14.8114553779692,16.444448539824652,12.752743308167698,7.578995896792942,9.855612118054724,6.221230582074894,8.399971119282888,3.730567932227123,5.414072402778615,2.1128455580549623,3.54351374163482,-2.78,690205.5939907836,21.519292322605008,7.325918985638601,4.204134383579708,162.59031069995737,20.994572059745856,11.735768823996422,10.843243482610037,5.601050810983688,11.814359458703011,16.27347016397548,14.141824241834009,14.083731696315263,8.417796984328938,11.336785877934735,5.15571272675054,20.771211599071872,5.380062770465915,6.041840829147961,37.29827438881211,50.26785898322327,0.0,14.605983116249774,5.15571272675054,38.455944068351485,5.733667477162185,11.073990765314376,0.0,0.0,11.050456081168516,5.131558479839333,0.0,11.336785877934735,68.54635098380861,29.525365011975733,0.0,26.46513959392033,10.535775497216456,0.0,0.0,0.0,201.58,51.4842470947288,22.801408536544404,0.0,15.130702465984026,0.0,11.336785877934735,26.151274369537788,0.0,0.0,15.456479851704078,20.23053332942989,31.44978820569469,0.9796905422586336,44.39737831563419,16.334751159546904,3.256457088644816,-3.375611656986792,-2.3123389733980013,0.0,3.692820624691566,-4.756268639419342,0.4615384615384615,28,5,13,0,1,1,0,1,1,10,4,15,7,0,1,1,2,-1.172499999999998,95.65050000000004,1,0,0,1,0,1,0,0,1,1,3,2,0,0,0,3,1,1,0,0,0,0,0,0,0,0,0,2,0,1,0,0,0,0,0,0,0,0,0,0,0,0,0,0,0,0,0,0,0,0,0,0,0,1,0,0,0,0,0,0,0,0,0,1,0,0,0,0,0,0,0,0,0,0,0,0,0,0,0,0,1,0,0,0,0,562.0,Escherichia coli,Bacteria
116659,,24847912,CHEMBL5147157,Antibacterial activity against Escherichia coli 308 producing SHV-5 assessed as inhibition of bacterial growth by CLSI based broth microdilution method,F,BAO_0002146,BAO_0000218,organism-based format,C[C@H]1[C@H](NC(=O)/C(=N\OC(C)(C)C(=O)O)c2csc(N)n2)C(=O)N1S(=O)(=O)O,CHEMBL5143649,Bioorg Med Chem,2022.0,CHEMBL158,AZTREONAM,CHEMBL158,0,http://www.openphacts.org/units/MicrogramPerMilliliter,3881463,>,1,1,>,MIC,ug.mL-1,64.0,CHEMBL354,Escherichia coli,Escherichia coli,562.0,,MIC,ug ml-1,UO_0000274,64.0,CHEMBL158,C[C@H]1[C@H](NC(=O)/C(=N\OC(C)(C)C(=O)O)c2csc(N)n2)C(=O)N1S(=O)(=O)O,12.562141912320484,12.562141912320484,0.0349535856009066,-4.756268639419342,0.174788224513646,20.5,435.44000000000017,418.30400000000014,435.051854504,154,0,0.3620751467724121,-0.4782270320177159,0.4782270320177159,0.3620751467724121,1.4642857142857142,2.071428571428572,2.5,32.24529764273617,10.00401161573638,2.513331128805475,-2.416338874010568,2.230948535260857,-2.707807208919476,7.836563836647012,-0.1608446168429468,2.971847309732629,2.2592762983237704,953.8851353067348,21.43879310982592,14.8114553779692,16.444448539824652,12.752743308167698,7.578995896792942,9.855612118054724,6.221230582074894,8.399971119282888,3.730567932227123,5.414072402778615,2.1128455580549623,3.54351374163482,-2.78,690205.5939907836,21.519292322605008,7.325918985638601,4.204134383579708,162.59031069995737,20.994572059745856,11.735768823996422,10.843243482610037,5.601050810983688,11.814359458703011,16.27347016397548,14.141824241834009,14.083731696315263,8.417796984328938,11.336785877934735,5.15571272675054,20.771211599071872,5.380062770465915,6.041840829147961,37.29827438881211,50.26785898322327,0.0,14.605983116249774,5.15571272675054,38.455944068351485,5.733667477162185,11.073990765314376,0.0,0.0,11.050456081168516,5.131558479839333,0.0,11.336785877934735,68.54635098380861,29.525365011975733,0.0,26.46513959392033,10.535775497216456,0.0,0.0,0.0,201.58,51.4842470947288,22.801408536544404,0.0,15.130702465984026,0.0,11.336785877934735,26.151274369537788,0.0,0.0,15.456479851704078,20.23053332942989,31.44978820569469,0.9796905422586336,44.39737831563419,16.334751159546904,3.256457088644816,-3.375611656986792,-2.3123389733980013,0.0,3.692820624691566,-4.756268639419342,0.4615384615384615,28,5,13,0,1,1,0,1,1,10,4,15,7,0,1,1,2,-1.172499999999998,95.65050000000004,1,0,0,1,0,1,0,0,1,1,3,2,0,0,0,3,1,1,0,0,0,0,0,0,0,0,0,2,0,1,0,0,0,0,0,0,0,0,0,0,0,0,0,0,0,0,0,0,0,0,0,0,0,1,0,0,0,0,0,0,0,0,0,1,0,0,0,0,0,0,0,0,0,0,0,0,0,0,0,0,1,0,0,0,0,562.0,Escherichia coli,Bacteria
116660,,24847913,CHEMBL5147158,Antibacterial activity against Escherichia coli 302 producing TEM-10 assessed as inhibition of bacterial growth by CLSI based broth microdilution method,F,BAO_0002146,BAO_0000218,organism-based format,C[C@H]1[C@H](NC(=O)/C(=N\OC(C)(C)C(=O)O)c2csc(N)n2)C(=O)N1S(=O)(=O)O,CHEMBL5143649,Bioorg Med Chem,2022.0,CHEMBL158,AZTREONAM,CHEMBL158,0,http://www.openphacts.org/units/MicrogramPerMilliliter,3881463,>,1,1,>,MIC,ug.mL-1,64.0,CHEMBL354,Escherichia coli,Escherichia coli,562.0,,MIC,ug ml-1,UO_0000274,64.0,CHEMBL158,C[C@H]1[C@H](NC(=O)/C(=N\OC(C)(C)C(=O)O)c2csc(N)n2)C(=O)N1S(=O)(=O)O,12.562141912320484,12.562141912320484,0.0349535856009066,-4.756268639419342,0.174788224513646,20.5,435.44000000000017,418.30400000000014,435.051854504,154,0,0.3620751467724121,-0.4782270320177159,0.4782270320177159,0.3620751467724121,1.4642857142857142,2.071428571428572,2.5,32.24529764273617,10.00401161573638,2.513331128805475,-2.416338874010568,2.230948535260857,-2.707807208919476,7.836563836647012,-0.1608446168429468,2.971847309732629,2.2592762983237704,953.8851353067348,21.43879310982592,14.8114553779692,16.444448539824652,12.752743308167698,7.578995896792942,9.855612118054724,6.221230582074894,8.399971119282888,3.730567932227123,5.414072402778615,2.1128455580549623,3.54351374163482,-2.78,690205.5939907836,21.519292322605008,7.325918985638601,4.204134383579708,162.59031069995737,20.994572059745856,11.735768823996422,10.843243482610037,5.601050810983688,11.814359458703011,16.27347016397548,14.141824241834009,14.083731696315263,8.417796984328938,11.336785877934735,5.15571272675054,20.771211599071872,5.380062770465915,6.041840829147961,37.29827438881211,50.26785898322327,0.0,14.605983116249774,5.15571272675054,38.455944068351485,5.733667477162185,11.073990765314376,0.0,0.0,11.050456081168516,5.131558479839333,0.0,11.336785877934735,68.54635098380861,29.525365011975733,0.0,26.46513959392033,10.535775497216456,0.0,0.0,0.0,201.58,51.4842470947288,22.801408536544404,0.0,15.130702465984026,0.0,11.336785877934735,26.151274369537788,0.0,0.0,15.456479851704078,20.23053332942989,31.44978820569469,0.9796905422586336,44.39737831563419,16.334751159546904,3.256457088644816,-3.375611656986792,-2.3123389733980013,0.0,3.692820624691566,-4.756268639419342,0.4615384615384615,28,5,13,0,1,1,0,1,1,10,4,15,7,0,1,1,2,-1.172499999999998,95.65050000000004,1,0,0,1,0,1,0,0,1,1,3,2,0,0,0,3,1,1,0,0,0,0,0,0,0,0,0,2,0,1,0,0,0,0,0,0,0,0,0,0,0,0,0,0,0,0,0,0,0,0,0,0,0,1,0,0,0,0,0,0,0,0,0,1,0,0,0,0,0,0,0,0,0,0,0,0,0,0,0,0,1,0,0,0,0,562.0,Escherichia coli,Bacteria
116660,,24847913,CHEMBL5147158,Antibacterial activity against Escherichia coli 302 producing TEM-10 assessed as inhibition of bacterial growth by CLSI based broth microdilution method,F,BAO_0002146,BAO_0000218,organism-based format,C[C@H]1[C@H](NC(=O)/C(=N\OC(C)(C)C(=O)O)c2csc(N)n2)C(=O)N1S(=O)(=O)O,CHEMBL5143649,Bioorg Med Chem,2022.0,CHEMBL158,AZTREONAM,CHEMBL158,0,http://www.openphacts.org/units/MicrogramPerMilliliter,3881463,>,1,1,>,MIC,ug.mL-1,64.0,CHEMBL354,Escherichia coli,Escherichia coli,562.0,,MIC,ug ml-1,UO_0000274,64.0,CHEMBL158,C[C@H]1[C@H](NC(=O)/C(=N\OC(C)(C)C(=O)O)c2csc(N)n2)C(=O)N1S(=O)(=O)O,12.562141912320484,12.562141912320484,0.0349535856009066,-4.756268639419342,0.174788224513646,20.5,435.44000000000017,418.30400000000014,435.051854504,154,0,0.3620751467724121,-0.4782270320177159,0.4782270320177159,0.3620751467724121,1.4642857142857142,2.071428571428572,2.5,32.24529764273617,10.00401161573638,2.513331128805475,-2.416338874010568,2.230948535260857,-2.707807208919476,7.836563836647012,-0.1608446168429468,2.971847309732629,2.2592762983237704,953.8851353067348,21.43879310982592,14.8114553779692,16.444448539824652,12.752743308167698,7.578995896792942,9.855612118054724,6.221230582074894,8.399971119282888,3.730567932227123,5.414072402778615,2.1128455580549623,3.54351374163482,-2.78,690205.5939907836,21.519292322605008,7.325918985638601,4.204134383579708,162.59031069995737,20.994572059745856,11.735768823996422,10.843243482610037,5.601050810983688,11.814359458703011,16.27347016397548,14.141824241834009,14.083731696315263,8.417796984328938,11.336785877934735,5.15571272675054,20.771211599071872,5.380062770465915,6.041840829147961,37.29827438881211,50.26785898322327,0.0,14.605983116249774,5.15571272675054,38.455944068351485,5.733667477162185,11.073990765314376,0.0,0.0,11.050456081168516,5.131558479839333,0.0,11.336785877934735,68.54635098380861,29.525365011975733,0.0,26.46513959392033,10.535775497216456,0.0,0.0,0.0,201.58,51.4842470947288,22.801408536544404,0.0,15.130702465984026,0.0,11.336785877934735,26.151274369537788,0.0,0.0,15.456479851704078,20.23053332942989,31.44978820569469,0.9796905422586336,44.39737831563419,16.334751159546904,3.256457088644816,-3.375611656986792,-2.3123389733980013,0.0,3.692820624691566,-4.756268639419342,0.4615384615384615,28,5,13,0,1,1,0,1,1,10,4,15,7,0,1,1,2,-1.172499999999998,95.65050000000004,1,0,0,1,0,1,0,0,1,1,3,2,0,0,0,3,1,1,0,0,0,0,0,0,0,0,0,2,0,1,0,0,0,0,0,0,0,0,0,0,0,0,0,0,0,0,0,0,0,0,0,0,0,1,0,0,0,0,0,0,0,0,0,1,0,0,0,0,0,0,0,0,0,0,0,0,0,0,0,0,1,0,0,0,0,562.0,Escherichia coli,Bacteria
116660,,24847913,CHEMBL5147158,Antibacterial activity against Escherichia coli 302 producing TEM-10 assessed as inhibition of bacterial growth by CLSI based broth microdilution method,F,BAO_0002146,BAO_0000218,organism-based format,C[C@H]1[C@H](NC(=O)/C(=N\OC(C)(C)C(=O)O)c2csc(N)n2)C(=O)N1S(=O)(=O)O,CHEMBL5143649,Bioorg Med Chem,2022.0,CHEMBL158,AZTREONAM,CHEMBL158,0,http://www.openphacts.org/units/MicrogramPerMilliliter,3881463,>,1,1,>,MIC,ug.mL-1,64.0,CHEMBL354,Escherichia coli,Escherichia coli,562.0,,MIC,ug ml-1,UO_0000274,64.0,CHEMBL158,C[C@H]1[C@H](NC(=O)/C(=N\OC(C)(C)C(=O)O)c2csc(N)n2)C(=O)N1S(=O)(=O)O,12.562141912320484,12.562141912320484,0.0349535856009066,-4.756268639419342,0.174788224513646,20.5,435.44000000000017,418.30400000000014,435.051854504,154,0,0.3620751467724121,-0.4782270320177159,0.4782270320177159,0.3620751467724121,1.4642857142857142,2.071428571428572,2.5,32.24529764273617,10.00401161573638,2.513331128805475,-2.416338874010568,2.230948535260857,-2.707807208919476,7.836563836647012,-0.1608446168429468,2.971847309732629,2.2592762983237704,953.8851353067348,21.43879310982592,14.8114553779692,16.444448539824652,12.752743308167698,7.578995896792942,9.855612118054724,6.221230582074894,8.399971119282888,3.730567932227123,5.414072402778615,2.1128455580549623,3.54351374163482,-2.78,690205.5939907836,21.519292322605008,7.325918985638601,4.204134383579708,162.59031069995737,20.994572059745856,11.735768823996422,10.843243482610037,5.601050810983688,11.814359458703011,16.27347016397548,14.141824241834009,14.083731696315263,8.417796984328938,11.336785877934735,5.15571272675054,20.771211599071872,5.380062770465915,6.041840829147961,37.29827438881211,50.26785898322327,0.0,14.605983116249774,5.15571272675054,38.455944068351485,5.733667477162185,11.073990765314376,0.0,0.0,11.050456081168516,5.131558479839333,0.0,11.336785877934735,68.54635098380861,29.525365011975733,0.0,26.46513959392033,10.535775497216456,0.0,0.0,0.0,201.58,51.4842470947288,22.801408536544404,0.0,15.130702465984026,0.0,11.336785877934735,26.151274369537788,0.0,0.0,15.456479851704078,20.23053332942989,31.44978820569469,0.9796905422586336,44.39737831563419,16.334751159546904,3.256457088644816,-3.375611656986792,-2.3123389733980013,0.0,3.692820624691566,-4.756268639419342,0.4615384615384615,28,5,13,0,1,1,0,1,1,10,4,15,7,0,1,1,2,-1.172499999999998,95.65050000000004,1,0,0,1,0,1,0,0,1,1,3,2,0,0,0,3,1,1,0,0,0,0,0,0,0,0,0,2,0,1,0,0,0,0,0,0,0,0,0,0,0,0,0,0,0,0,0,0,0,0,0,0,0,1,0,0,0,0,0,0,0,0,0,1,0,0,0,0,0,0,0,0,0,0,0,0,0,0,0,0,1,0,0,0,0,562.0,Escherichia coli,Bacteria
116660,,24847913,CHEMBL5147158,Antibacterial activity against Escherichia coli 302 producing TEM-10 assessed as inhibition of bacterial growth by CLSI based broth microdilution method,F,BAO_0002146,BAO_0000218,organism-based format,C[C@H]1[C@H](NC(=O)/C(=N\OC(C)(C)C(=O)O)c2csc(N)n2)C(=O)N1S(=O)(=O)O,CHEMBL5143649,Bioorg Med Chem,2022.0,CHEMBL158,AZTREONAM,CHEMBL158,0,http://www.openphacts.org/units/MicrogramPerMilliliter,3881463,>,1,1,>,MIC,ug.mL-1,64.0,CHEMBL354,Escherichia coli,Escherichia coli,562.0,,MIC,ug ml-1,UO_0000274,64.0,CHEMBL158,C[C@H]1[C@H](NC(=O)/C(=N\OC(C)(C)C(=O)O)c2csc(N)n2)C(=O)N1S(=O)(=O)O,12.562141912320484,12.562141912320484,0.0349535856009066,-4.756268639419342,0.174788224513646,20.5,435.44000000000017,418.30400000000014,435.051854504,154,0,0.3620751467724121,-0.4782270320177159,0.4782270320177159,0.3620751467724121,1.4642857142857142,2.071428571428572,2.5,32.24529764273617,10.00401161573638,2.513331128805475,-2.416338874010568,2.230948535260857,-2.707807208919476,7.836563836647012,-0.1608446168429468,2.971847309732629,2.2592762983237704,953.8851353067348,21.43879310982592,14.8114553779692,16.444448539824652,12.752743308167698,7.578995896792942,9.855612118054724,6.221230582074894,8.399971119282888,3.730567932227123,5.414072402778615,2.1128455580549623,3.54351374163482,-2.78,690205.5939907836,21.519292322605008,7.325918985638601,4.204134383579708,162.59031069995737,20.994572059745856,11.735768823996422,10.843243482610037,5.601050810983688,11.814359458703011,16.27347016397548,14.141824241834009,14.083731696315263,8.417796984328938,11.336785877934735,5.15571272675054,20.771211599071872,5.380062770465915,6.041840829147961,37.29827438881211,50.26785898322327,0.0,14.605983116249774,5.15571272675054,38.455944068351485,5.733667477162185,11.073990765314376,0.0,0.0,11.050456081168516,5.131558479839333,0.0,11.336785877934735,68.54635098380861,29.525365011975733,0.0,26.46513959392033,10.535775497216456,0.0,0.0,0.0,201.58,51.4842470947288,22.801408536544404,0.0,15.130702465984026,0.0,11.336785877934735,26.151274369537788,0.0,0.0,15.456479851704078,20.23053332942989,31.44978820569469,0.9796905422586336,44.39737831563419,16.334751159546904,3.256457088644816,-3.375611656986792,-2.3123389733980013,0.0,3.692820624691566,-4.756268639419342,0.4615384615384615,28,5,13,0,1,1,0,1,1,10,4,15,7,0,1,1,2,-1.172499999999998,95.65050000000004,1,0,0,1,0,1,0,0,1,1,3,2,0,0,0,3,1,1,0,0,0,0,0,0,0,0,0,2,0,1,0,0,0,0,0,0,0,0,0,0,0,0,0,0,0,0,0,0,0,0,0,0,0,1,0,0,0,0,0,0,0,0,0,1,0,0,0,0,0,0,0,0,0,0,0,0,0,0,0,0,1,0,0,0,0,562.0,Escherichia coli,Bacteria
116661,,24847914,CHEMBL5147159,Antibacterial activity against Klebsiella pneumoniae 1004 producing KPC assessed as inhibition of bacterial growth by CLSI based broth microdilution method,F,BAO_0002146,BAO_0000218,organism-based format,C[C@H]1[C@H](NC(=O)/C(=N\OC(C)(C)C(=O)O)c2csc(N)n2)C(=O)N1S(=O)(=O)O,CHEMBL5143649,Bioorg Med Chem,2022.0,CHEMBL158,AZTREONAM,CHEMBL158,0,http://www.openphacts.org/units/MicrogramPerMilliliter,3881463,>,1,1,>,MIC,ug.mL-1,64.0,CHEMBL350,Klebsiella pneumoniae,Klebsiella pneumoniae,573.0,,MIC,ug ml-1,UO_0000274,64.0,CHEMBL158,C[C@H]1[C@H](NC(=O)/C(=N\OC(C)(C)C(=O)O)c2csc(N)n2)C(=O)N1S(=O)(=O)O,12.562141912320484,12.562141912320484,0.0349535856009066,-4.756268639419342,0.174788224513646,20.5,435.44000000000017,418.30400000000014,435.051854504,154,0,0.3620751467724121,-0.4782270320177159,0.4782270320177159,0.3620751467724121,1.4642857142857142,2.071428571428572,2.5,32.24529764273617,10.00401161573638,2.513331128805475,-2.416338874010568,2.230948535260857,-2.707807208919476,7.836563836647012,-0.1608446168429468,2.971847309732629,2.2592762983237704,953.8851353067348,21.43879310982592,14.8114553779692,16.444448539824652,12.752743308167698,7.578995896792942,9.855612118054724,6.221230582074894,8.399971119282888,3.730567932227123,5.414072402778615,2.1128455580549623,3.54351374163482,-2.78,690205.5939907836,21.519292322605008,7.325918985638601,4.204134383579708,162.59031069995737,20.994572059745856,11.735768823996422,10.843243482610037,5.601050810983688,11.814359458703011,16.27347016397548,14.141824241834009,14.083731696315263,8.417796984328938,11.336785877934735,5.15571272675054,20.771211599071872,5.380062770465915,6.041840829147961,37.29827438881211,50.26785898322327,0.0,14.605983116249774,5.15571272675054,38.455944068351485,5.733667477162185,11.073990765314376,0.0,0.0,11.050456081168516,5.131558479839333,0.0,11.336785877934735,68.54635098380861,29.525365011975733,0.0,26.46513959392033,10.535775497216456,0.0,0.0,0.0,201.58,51.4842470947288,22.801408536544404,0.0,15.130702465984026,0.0,11.336785877934735,26.151274369537788,0.0,0.0,15.456479851704078,20.23053332942989,31.44978820569469,0.9796905422586336,44.39737831563419,16.334751159546904,3.256457088644816,-3.375611656986792,-2.3123389733980013,0.0,3.692820624691566,-4.756268639419342,0.4615384615384615,28,5,13,0,1,1,0,1,1,10,4,15,7,0,1,1,2,-1.172499999999998,95.65050000000004,1,0,0,1,0,1,0,0,1,1,3,2,0,0,0,3,1,1,0,0,0,0,0,0,0,0,0,2,0,1,0,0,0,0,0,0,0,0,0,0,0,0,0,0,0,0,0,0,0,0,0,0,0,1,0,0,0,0,0,0,0,0,0,1,0,0,0,0,0,0,0,0,0,0,0,0,0,0,0,0,1,0,0,0,0,573.0,Klebsiella pneumoniae,Bacteria
116661,,24847914,CHEMBL5147159,Antibacterial activity against Klebsiella pneumoniae 1004 producing KPC assessed as inhibition of bacterial growth by CLSI based broth microdilution method,F,BAO_0002146,BAO_0000218,organism-based format,C[C@H]1[C@H](NC(=O)/C(=N\OC(C)(C)C(=O)O)c2csc(N)n2)C(=O)N1S(=O)(=O)O,CHEMBL5143649,Bioorg Med Chem,2022.0,CHEMBL158,AZTREONAM,CHEMBL158,0,http://www.openphacts.org/units/MicrogramPerMilliliter,3881463,>,1,1,>,MIC,ug.mL-1,64.0,CHEMBL350,Klebsiella pneumoniae,Klebsiella pneumoniae,573.0,,MIC,ug ml-1,UO_0000274,64.0,CHEMBL158,C[C@H]1[C@H](NC(=O)/C(=N\OC(C)(C)C(=O)O)c2csc(N)n2)C(=O)N1S(=O)(=O)O,12.562141912320484,12.562141912320484,0.0349535856009066,-4.756268639419342,0.174788224513646,20.5,435.44000000000017,418.30400000000014,435.051854504,154,0,0.3620751467724121,-0.4782270320177159,0.4782270320177159,0.3620751467724121,1.4642857142857142,2.071428571428572,2.5,32.24529764273617,10.00401161573638,2.513331128805475,-2.416338874010568,2.230948535260857,-2.707807208919476,7.836563836647012,-0.1608446168429468,2.971847309732629,2.2592762983237704,953.8851353067348,21.43879310982592,14.8114553779692,16.444448539824652,12.752743308167698,7.578995896792942,9.855612118054724,6.221230582074894,8.399971119282888,3.730567932227123,5.414072402778615,2.1128455580549623,3.54351374163482,-2.78,690205.5939907836,21.519292322605008,7.325918985638601,4.204134383579708,162.59031069995737,20.994572059745856,11.735768823996422,10.843243482610037,5.601050810983688,11.814359458703011,16.27347016397548,14.141824241834009,14.083731696315263,8.417796984328938,11.336785877934735,5.15571272675054,20.771211599071872,5.380062770465915,6.041840829147961,37.29827438881211,50.26785898322327,0.0,14.605983116249774,5.15571272675054,38.455944068351485,5.733667477162185,11.073990765314376,0.0,0.0,11.050456081168516,5.131558479839333,0.0,11.336785877934735,68.54635098380861,29.525365011975733,0.0,26.46513959392033,10.535775497216456,0.0,0.0,0.0,201.58,51.4842470947288,22.801408536544404,0.0,15.130702465984026,0.0,11.336785877934735,26.151274369537788,0.0,0.0,15.456479851704078,20.23053332942989,31.44978820569469,0.9796905422586336,44.39737831563419,16.334751159546904,3.256457088644816,-3.375611656986792,-2.3123389733980013,0.0,3.692820624691566,-4.756268639419342,0.4615384615384615,28,5,13,0,1,1,0,1,1,10,4,15,7,0,1,1,2,-1.172499999999998,95.65050000000004,1,0,0,1,0,1,0,0,1,1,3,2,0,0,0,3,1,1,0,0,0,0,0,0,0,0,0,2,0,1,0,0,0,0,0,0,0,0,0,0,0,0,0,0,0,0,0,0,0,0,0,0,0,1,0,0,0,0,0,0,0,0,0,1,0,0,0,0,0,0,0,0,0,0,0,0,0,0,0,0,1,0,0,0,0,573.0,Klebsiella pneumoniae,Bacteria
116662,,24847915,CHEMBL5147160,Antibacterial activity against Enterobacter cloacae 1002 producing AmpC assessed as inhibition of bacterial growth by CLSI based broth microdilution method,F,BAO_0002146,BAO_0000218,organism-based format,C[C@H]1[C@H](NC(=O)/C(=N\OC(C)(C)C(=O)O)c2csc(N)n2)C(=O)N1S(=O)(=O)O,CHEMBL5143649,Bioorg Med Chem,2022.0,CHEMBL158,AZTREONAM,CHEMBL158,0,http://www.openphacts.org/units/MicrogramPerMilliliter,3881463,>,1,1,>,MIC,ug.mL-1,64.0,CHEMBL349,Enterobacter cloacae,Enterobacter cloacae,550.0,,MIC,ug ml-1,UO_0000274,64.0,CHEMBL158,C[C@H]1[C@H](NC(=O)/C(=N\OC(C)(C)C(=O)O)c2csc(N)n2)C(=O)N1S(=O)(=O)O,12.562141912320484,12.562141912320484,0.0349535856009066,-4.756268639419342,0.174788224513646,20.5,435.44000000000017,418.30400000000014,435.051854504,154,0,0.3620751467724121,-0.4782270320177159,0.4782270320177159,0.3620751467724121,1.4642857142857142,2.071428571428572,2.5,32.24529764273617,10.00401161573638,2.513331128805475,-2.416338874010568,2.230948535260857,-2.707807208919476,7.836563836647012,-0.1608446168429468,2.971847309732629,2.2592762983237704,953.8851353067348,21.43879310982592,14.8114553779692,16.444448539824652,12.752743308167698,7.578995896792942,9.855612118054724,6.221230582074894,8.399971119282888,3.730567932227123,5.414072402778615,2.1128455580549623,3.54351374163482,-2.78,690205.5939907836,21.519292322605008,7.325918985638601,4.204134383579708,162.59031069995737,20.994572059745856,11.735768823996422,10.843243482610037,5.601050810983688,11.814359458703011,16.27347016397548,14.141824241834009,14.083731696315263,8.417796984328938,11.336785877934735,5.15571272675054,20.771211599071872,5.380062770465915,6.041840829147961,37.29827438881211,50.26785898322327,0.0,14.605983116249774,5.15571272675054,38.455944068351485,5.733667477162185,11.073990765314376,0.0,0.0,11.050456081168516,5.131558479839333,0.0,11.336785877934735,68.54635098380861,29.525365011975733,0.0,26.46513959392033,10.535775497216456,0.0,0.0,0.0,201.58,51.4842470947288,22.801408536544404,0.0,15.130702465984026,0.0,11.336785877934735,26.151274369537788,0.0,0.0,15.456479851704078,20.23053332942989,31.44978820569469,0.9796905422586336,44.39737831563419,16.334751159546904,3.256457088644816,-3.375611656986792,-2.3123389733980013,0.0,3.692820624691566,-4.756268639419342,0.4615384615384615,28,5,13,0,1,1,0,1,1,10,4,15,7,0,1,1,2,-1.172499999999998,95.65050000000004,1,0,0,1,0,1,0,0,1,1,3,2,0,0,0,3,1,1,0,0,0,0,0,0,0,0,0,2,0,1,0,0,0,0,0,0,0,0,0,0,0,0,0,0,0,0,0,0,0,0,0,0,0,1,0,0,0,0,0,0,0,0,0,1,0,0,0,0,0,0,0,0,0,0,0,0,0,0,0,0,1,0,0,0,0,550.0,Enterobacter cloacae,Bacteria
116663,,24847916,CHEMBL5147161,Antibacterial activity against Escherichia coli 1010 producing CMY-6 assessed as inhibition of bacterial growth by CLSI based broth microdilution method,F,BAO_0002146,BAO_0000218,organism-based format,C[C@H]1[C@H](NC(=O)/C(=N\OC(C)(C)C(=O)O)c2csc(N)n2)C(=O)N1S(=O)(=O)O,CHEMBL5143649,Bioorg Med Chem,2022.0,CHEMBL158,AZTREONAM,CHEMBL158,0,http://www.openphacts.org/units/MicrogramPerMilliliter,3881463,>,1,1,>,MIC,ug.mL-1,64.0,CHEMBL354,Escherichia coli,Escherichia coli,562.0,,MIC,ug ml-1,UO_0000274,64.0,CHEMBL158,C[C@H]1[C@H](NC(=O)/C(=N\OC(C)(C)C(=O)O)c2csc(N)n2)C(=O)N1S(=O)(=O)O,12.562141912320484,12.562141912320484,0.0349535856009066,-4.756268639419342,0.174788224513646,20.5,435.44000000000017,418.30400000000014,435.051854504,154,0,0.3620751467724121,-0.4782270320177159,0.4782270320177159,0.3620751467724121,1.4642857142857142,2.071428571428572,2.5,32.24529764273617,10.00401161573638,2.513331128805475,-2.416338874010568,2.230948535260857,-2.707807208919476,7.836563836647012,-0.1608446168429468,2.971847309732629,2.2592762983237704,953.8851353067348,21.43879310982592,14.8114553779692,16.444448539824652,12.752743308167698,7.578995896792942,9.855612118054724,6.221230582074894,8.399971119282888,3.730567932227123,5.414072402778615,2.1128455580549623,3.54351374163482,-2.78,690205.5939907836,21.519292322605008,7.325918985638601,4.204134383579708,162.59031069995737,20.994572059745856,11.735768823996422,10.843243482610037,5.601050810983688,11.814359458703011,16.27347016397548,14.141824241834009,14.083731696315263,8.417796984328938,11.336785877934735,5.15571272675054,20.771211599071872,5.380062770465915,6.041840829147961,37.29827438881211,50.26785898322327,0.0,14.605983116249774,5.15571272675054,38.455944068351485,5.733667477162185,11.073990765314376,0.0,0.0,11.050456081168516,5.131558479839333,0.0,11.336785877934735,68.54635098380861,29.525365011975733,0.0,26.46513959392033,10.535775497216456,0.0,0.0,0.0,201.58,51.4842470947288,22.801408536544404,0.0,15.130702465984026,0.0,11.336785877934735,26.151274369537788,0.0,0.0,15.456479851704078,20.23053332942989,31.44978820569469,0.9796905422586336,44.39737831563419,16.334751159546904,3.256457088644816,-3.375611656986792,-2.3123389733980013,0.0,3.692820624691566,-4.756268639419342,0.4615384615384615,28,5,13,0,1,1,0,1,1,10,4,15,7,0,1,1,2,-1.172499999999998,95.65050000000004,1,0,0,1,0,1,0,0,1,1,3,2,0,0,0,3,1,1,0,0,0,0,0,0,0,0,0,2,0,1,0,0,0,0,0,0,0,0,0,0,0,0,0,0,0,0,0,0,0,0,0,0,0,1,0,0,0,0,0,0,0,0,0,1,0,0,0,0,0,0,0,0,0,0,0,0,0,0,0,0,1,0,0,0,0,562.0,Escherichia coli,Bacteria
116663,,24847916,CHEMBL5147161,Antibacterial activity against Escherichia coli 1010 producing CMY-6 assessed as inhibition of bacterial growth by CLSI based broth microdilution method,F,BAO_0002146,BAO_0000218,organism-based format,C[C@H]1[C@H](NC(=O)/C(=N\OC(C)(C)C(=O)O)c2csc(N)n2)C(=O)N1S(=O)(=O)O,CHEMBL5143649,Bioorg Med Chem,2022.0,CHEMBL158,AZTREONAM,CHEMBL158,0,http://www.openphacts.org/units/MicrogramPerMilliliter,3881463,>,1,1,>,MIC,ug.mL-1,64.0,CHEMBL354,Escherichia coli,Escherichia coli,562.0,,MIC,ug ml-1,UO_0000274,64.0,CHEMBL158,C[C@H]1[C@H](NC(=O)/C(=N\OC(C)(C)C(=O)O)c2csc(N)n2)C(=O)N1S(=O)(=O)O,12.562141912320484,12.562141912320484,0.0349535856009066,-4.756268639419342,0.174788224513646,20.5,435.44000000000017,418.30400000000014,435.051854504,154,0,0.3620751467724121,-0.4782270320177159,0.4782270320177159,0.3620751467724121,1.4642857142857142,2.071428571428572,2.5,32.24529764273617,10.00401161573638,2.513331128805475,-2.416338874010568,2.230948535260857,-2.707807208919476,7.836563836647012,-0.1608446168429468,2.971847309732629,2.2592762983237704,953.8851353067348,21.43879310982592,14.8114553779692,16.444448539824652,12.752743308167698,7.578995896792942,9.855612118054724,6.221230582074894,8.399971119282888,3.730567932227123,5.414072402778615,2.1128455580549623,3.54351374163482,-2.78,690205.5939907836,21.519292322605008,7.325918985638601,4.204134383579708,162.59031069995737,20.994572059745856,11.735768823996422,10.843243482610037,5.601050810983688,11.814359458703011,16.27347016397548,14.141824241834009,14.083731696315263,8.417796984328938,11.336785877934735,5.15571272675054,20.771211599071872,5.380062770465915,6.041840829147961,37.29827438881211,50.26785898322327,0.0,14.605983116249774,5.15571272675054,38.455944068351485,5.733667477162185,11.073990765314376,0.0,0.0,11.050456081168516,5.131558479839333,0.0,11.336785877934735,68.54635098380861,29.525365011975733,0.0,26.46513959392033,10.535775497216456,0.0,0.0,0.0,201.58,51.4842470947288,22.801408536544404,0.0,15.130702465984026,0.0,11.336785877934735,26.151274369537788,0.0,0.0,15.456479851704078,20.23053332942989,31.44978820569469,0.9796905422586336,44.39737831563419,16.334751159546904,3.256457088644816,-3.375611656986792,-2.3123389733980013,0.0,3.692820624691566,-4.756268639419342,0.4615384615384615,28,5,13,0,1,1,0,1,1,10,4,15,7,0,1,1,2,-1.172499999999998,95.65050000000004,1,0,0,1,0,1,0,0,1,1,3,2,0,0,0,3,1,1,0,0,0,0,0,0,0,0,0,2,0,1,0,0,0,0,0,0,0,0,0,0,0,0,0,0,0,0,0,0,0,0,0,0,0,1,0,0,0,0,0,0,0,0,0,1,0,0,0,0,0,0,0,0,0,0,0,0,0,0,0,0,1,0,0,0,0,562.0,Escherichia coli,Bacteria
116663,,24847916,CHEMBL5147161,Antibacterial activity against Escherichia coli 1010 producing CMY-6 assessed as inhibition of bacterial growth by CLSI based broth microdilution method,F,BAO_0002146,BAO_0000218,organism-based format,C[C@H]1[C@H](NC(=O)/C(=N\OC(C)(C)C(=O)O)c2csc(N)n2)C(=O)N1S(=O)(=O)O,CHEMBL5143649,Bioorg Med Chem,2022.0,CHEMBL158,AZTREONAM,CHEMBL158,0,http://www.openphacts.org/units/MicrogramPerMilliliter,3881463,>,1,1,>,MIC,ug.mL-1,64.0,CHEMBL354,Escherichia coli,Escherichia coli,562.0,,MIC,ug ml-1,UO_0000274,64.0,CHEMBL158,C[C@H]1[C@H](NC(=O)/C(=N\OC(C)(C)C(=O)O)c2csc(N)n2)C(=O)N1S(=O)(=O)O,12.562141912320484,12.562141912320484,0.0349535856009066,-4.756268639419342,0.174788224513646,20.5,435.44000000000017,418.30400000000014,435.051854504,154,0,0.3620751467724121,-0.4782270320177159,0.4782270320177159,0.3620751467724121,1.4642857142857142,2.071428571428572,2.5,32.24529764273617,10.00401161573638,2.513331128805475,-2.416338874010568,2.230948535260857,-2.707807208919476,7.836563836647012,-0.1608446168429468,2.971847309732629,2.2592762983237704,953.8851353067348,21.43879310982592,14.8114553779692,16.444448539824652,12.752743308167698,7.578995896792942,9.855612118054724,6.221230582074894,8.399971119282888,3.730567932227123,5.414072402778615,2.1128455580549623,3.54351374163482,-2.78,690205.5939907836,21.519292322605008,7.325918985638601,4.204134383579708,162.59031069995737,20.994572059745856,11.735768823996422,10.843243482610037,5.601050810983688,11.814359458703011,16.27347016397548,14.141824241834009,14.083731696315263,8.417796984328938,11.336785877934735,5.15571272675054,20.771211599071872,5.380062770465915,6.041840829147961,37.29827438881211,50.26785898322327,0.0,14.605983116249774,5.15571272675054,38.455944068351485,5.733667477162185,11.073990765314376,0.0,0.0,11.050456081168516,5.131558479839333,0.0,11.336785877934735,68.54635098380861,29.525365011975733,0.0,26.46513959392033,10.535775497216456,0.0,0.0,0.0,201.58,51.4842470947288,22.801408536544404,0.0,15.130702465984026,0.0,11.336785877934735,26.151274369537788,0.0,0.0,15.456479851704078,20.23053332942989,31.44978820569469,0.9796905422586336,44.39737831563419,16.334751159546904,3.256457088644816,-3.375611656986792,-2.3123389733980013,0.0,3.692820624691566,-4.756268639419342,0.4615384615384615,28,5,13,0,1,1,0,1,1,10,4,15,7,0,1,1,2,-1.172499999999998,95.65050000000004,1,0,0,1,0,1,0,0,1,1,3,2,0,0,0,3,1,1,0,0,0,0,0,0,0,0,0,2,0,1,0,0,0,0,0,0,0,0,0,0,0,0,0,0,0,0,0,0,0,0,0,0,0,1,0,0,0,0,0,0,0,0,0,1,0,0,0,0,0,0,0,0,0,0,0,0,0,0,0,0,1,0,0,0,0,562.0,Escherichia coli,Bacteria
116663,,24847916,CHEMBL5147161,Antibacterial activity against Escherichia coli 1010 producing CMY-6 assessed as inhibition of bacterial growth by CLSI based broth microdilution method,F,BAO_0002146,BAO_0000218,organism-based format,C[C@H]1[C@H](NC(=O)/C(=N\OC(C)(C)C(=O)O)c2csc(N)n2)C(=O)N1S(=O)(=O)O,CHEMBL5143649,Bioorg Med Chem,2022.0,CHEMBL158,AZTREONAM,CHEMBL158,0,http://www.openphacts.org/units/MicrogramPerMilliliter,3881463,>,1,1,>,MIC,ug.mL-1,64.0,CHEMBL354,Escherichia coli,Escherichia coli,562.0,,MIC,ug ml-1,UO_0000274,64.0,CHEMBL158,C[C@H]1[C@H](NC(=O)/C(=N\OC(C)(C)C(=O)O)c2csc(N)n2)C(=O)N1S(=O)(=O)O,12.562141912320484,12.562141912320484,0.0349535856009066,-4.756268639419342,0.174788224513646,20.5,435.44000000000017,418.30400000000014,435.051854504,154,0,0.3620751467724121,-0.4782270320177159,0.4782270320177159,0.3620751467724121,1.4642857142857142,2.071428571428572,2.5,32.24529764273617,10.00401161573638,2.513331128805475,-2.416338874010568,2.230948535260857,-2.707807208919476,7.836563836647012,-0.1608446168429468,2.971847309732629,2.2592762983237704,953.8851353067348,21.43879310982592,14.8114553779692,16.444448539824652,12.752743308167698,7.578995896792942,9.855612118054724,6.221230582074894,8.399971119282888,3.730567932227123,5.414072402778615,2.1128455580549623,3.54351374163482,-2.78,690205.5939907836,21.519292322605008,7.325918985638601,4.204134383579708,162.59031069995737,20.994572059745856,11.735768823996422,10.843243482610037,5.601050810983688,11.814359458703011,16.27347016397548,14.141824241834009,14.083731696315263,8.417796984328938,11.336785877934735,5.15571272675054,20.771211599071872,5.380062770465915,6.041840829147961,37.29827438881211,50.26785898322327,0.0,14.605983116249774,5.15571272675054,38.455944068351485,5.733667477162185,11.073990765314376,0.0,0.0,11.050456081168516,5.131558479839333,0.0,11.336785877934735,68.54635098380861,29.525365011975733,0.0,26.46513959392033,10.535775497216456,0.0,0.0,0.0,201.58,51.4842470947288,22.801408536544404,0.0,15.130702465984026,0.0,11.336785877934735,26.151274369537788,0.0,0.0,15.456479851704078,20.23053332942989,31.44978820569469,0.9796905422586336,44.39737831563419,16.334751159546904,3.256457088644816,-3.375611656986792,-2.3123389733980013,0.0,3.692820624691566,-4.756268639419342,0.4615384615384615,28,5,13,0,1,1,0,1,1,10,4,15,7,0,1,1,2,-1.172499999999998,95.65050000000004,1,0,0,1,0,1,0,0,1,1,3,2,0,0,0,3,1,1,0,0,0,0,0,0,0,0,0,2,0,1,0,0,0,0,0,0,0,0,0,0,0,0,0,0,0,0,0,0,0,0,0,0,0,1,0,0,0,0,0,0,0,0,0,1,0,0,0,0,0,0,0,0,0,0,0,0,0,0,0,0,1,0,0,0,0,562.0,Escherichia coli,Bacteria
116664,,64657,CHEMBL679011,In vitro synergistic activity against Escherichia coli C600N (no beta-lactamase),F,BAO_0002146,BAO_0000218,organism-based format,C[C@@H](O)[C@H]1C(=O)N2C(C(=O)O)=C(SCCNC=N)C[C@H]12,CHEMBL1131794,Bioorg Med Chem Lett,1999.0,CHEMBL148,IMIPENEM,CHEMBL148,0,http://www.openphacts.org/units/MicrogramPerMilliliter,105537,=,1,1,=,MIC,ug.mL-1,0.25,CHEMBL354,Escherichia coli,Escherichia coli,562.0,,MIC,ug ml-1,UO_0000274,0.25,CHEMBL148,C[C@@H](O)[C@H]1C(=O)N2C(C(=O)O)=C(SCCNC=N)C[C@H]12,11.938415027282725,11.938415027282725,0.0525491307634167,-1.1042536428151506,0.2244518620524577,26.1,299.35200000000003,282.216,299.093977024,110,0,0.3529509073866828,-0.476539273562781,0.476539273562781,0.3529509073866828,1.7,2.4,2.95,32.166556857764256,9.833875079461713,2.561482694646401,-2.4403845350686675,2.463138387068772,-2.6135386201861994,8.02677725587747,-0.160639580206206,2.6858592189475927,2.087764500996557,477.3228932913104,14.861442840636297,10.997107078209613,11.813603659137335,9.485269665192932,6.31366315432601,7.299261713979498,4.769957713644343,5.959680418529764,3.5153745522316604,4.632100387425021,2.6650822818980893,3.7423837922770335,-1.5399999999999998,26780.702272126447,14.860537006894264,5.840285926074446,2.4032394981196226,120.08201752987053,20.42975312453822,5.697039313055833,0.0,5.907179729351506,0.0,5.969305287951849,10.203820789863345,4.794537184071822,0.0,11.761884949391115,0.0,6.923737199690624,23.62356814947542,24.402248625579546,19.802129157825057,29.97690532921636,5.409283605791522,10.216698334856808,5.917906046161393,25.490366039512896,12.297610012659364,10.60217582694588,0.0,0.0,5.316788604006331,0.0,0.0,11.761884949391115,57.77140212991274,9.589074368143644,11.327189651952915,13.344558822616634,10.60217582694588,0.0,0.0,0.0,113.72,17.991177721861547,19.802129157825057,0.0,17.6460598715553,23.62356814947542,6.338535362521884,16.66179468024159,6.923737199690624,0.0,5.316788604006331,5.409283605791522,0.0,1.381147959183673,25.241550971475213,28.424071683604065,0.0525491307634167,-1.291253044427648,-0.2298177542621988,0.8081633269061113,2.1135877267573697,0.0,0.5833333333333334,20,4,7,0,2,2,0,0,0,5,4,8,7,0,1,1,2,-0.1760299999999992,74.32800000000002,1,1,1,0,0,0,0,0,1,1,2,1,0,0,0,1,2,0,0,0,0,0,0,0,0,0,0,1,0,0,0,0,0,0,0,0,1,0,0,0,0,0,0,0,0,0,0,0,0,0,0,0,0,1,0,0,0,0,0,0,0,0,0,0,0,0,0,0,0,0,0,0,0,0,0,1,0,0,0,0,0,0,0,0,0,562.0,Escherichia coli,Bacteria
116664,,64657,CHEMBL679011,In vitro synergistic activity against Escherichia coli C600N (no beta-lactamase),F,BAO_0002146,BAO_0000218,organism-based format,C[C@@H](O)[C@H]1C(=O)N2C(C(=O)O)=C(SCCNC=N)C[C@H]12,CHEMBL1131794,Bioorg Med Chem Lett,1999.0,CHEMBL148,IMIPENEM,CHEMBL148,0,http://www.openphacts.org/units/MicrogramPerMilliliter,105537,=,1,1,=,MIC,ug.mL-1,0.25,CHEMBL354,Escherichia coli,Escherichia coli,562.0,,MIC,ug ml-1,UO_0000274,0.25,CHEMBL148,C[C@@H](O)[C@H]1C(=O)N2C(C(=O)O)=C(SCCNC=N)C[C@H]12,11.938415027282725,11.938415027282725,0.0525491307634167,-1.1042536428151506,0.2244518620524577,26.1,299.35200000000003,282.216,299.093977024,110,0,0.3529509073866828,-0.476539273562781,0.476539273562781,0.3529509073866828,1.7,2.4,2.95,32.166556857764256,9.833875079461713,2.561482694646401,-2.4403845350686675,2.463138387068772,-2.6135386201861994,8.02677725587747,-0.160639580206206,2.6858592189475927,2.087764500996557,477.3228932913104,14.861442840636297,10.997107078209613,11.813603659137335,9.485269665192932,6.31366315432601,7.299261713979498,4.769957713644343,5.959680418529764,3.5153745522316604,4.632100387425021,2.6650822818980893,3.7423837922770335,-1.5399999999999998,26780.702272126447,14.860537006894264,5.840285926074446,2.4032394981196226,120.08201752987053,20.42975312453822,5.697039313055833,0.0,5.907179729351506,0.0,5.969305287951849,10.203820789863345,4.794537184071822,0.0,11.761884949391115,0.0,6.923737199690624,23.62356814947542,24.402248625579546,19.802129157825057,29.97690532921636,5.409283605791522,10.216698334856808,5.917906046161393,25.490366039512896,12.297610012659364,10.60217582694588,0.0,0.0,5.316788604006331,0.0,0.0,11.761884949391115,57.77140212991274,9.589074368143644,11.327189651952915,13.344558822616634,10.60217582694588,0.0,0.0,0.0,113.72,17.991177721861547,19.802129157825057,0.0,17.6460598715553,23.62356814947542,6.338535362521884,16.66179468024159,6.923737199690624,0.0,5.316788604006331,5.409283605791522,0.0,1.381147959183673,25.241550971475213,28.424071683604065,0.0525491307634167,-1.291253044427648,-0.2298177542621988,0.8081633269061113,2.1135877267573697,0.0,0.5833333333333334,20,4,7,0,2,2,0,0,0,5,4,8,7,0,1,1,2,-0.1760299999999992,74.32800000000002,1,1,1,0,0,0,0,0,1,1,2,1,0,0,0,1,2,0,0,0,0,0,0,0,0,0,0,1,0,0,0,0,0,0,0,0,1,0,0,0,0,0,0,0,0,0,0,0,0,0,0,0,0,1,0,0,0,0,0,0,0,0,0,0,0,0,0,0,0,0,0,0,0,0,0,1,0,0,0,0,0,0,0,0,0,562.0,Escherichia coli,Bacteria
116664,,64657,CHEMBL679011,In vitro synergistic activity against Escherichia coli C600N (no beta-lactamase),F,BAO_0002146,BAO_0000218,organism-based format,C[C@@H](O)[C@H]1C(=O)N2C(C(=O)O)=C(SCCNC=N)C[C@H]12,CHEMBL1131794,Bioorg Med Chem Lett,1999.0,CHEMBL148,IMIPENEM,CHEMBL148,0,http://www.openphacts.org/units/MicrogramPerMilliliter,105537,=,1,1,=,MIC,ug.mL-1,0.25,CHEMBL354,Escherichia coli,Escherichia coli,562.0,,MIC,ug ml-1,UO_0000274,0.25,CHEMBL148,C[C@@H](O)[C@H]1C(=O)N2C(C(=O)O)=C(SCCNC=N)C[C@H]12,11.938415027282725,11.938415027282725,0.0525491307634167,-1.1042536428151506,0.2244518620524577,26.1,299.35200000000003,282.216,299.093977024,110,0,0.3529509073866828,-0.476539273562781,0.476539273562781,0.3529509073866828,1.7,2.4,2.95,32.166556857764256,9.833875079461713,2.561482694646401,-2.4403845350686675,2.463138387068772,-2.6135386201861994,8.02677725587747,-0.160639580206206,2.6858592189475927,2.087764500996557,477.3228932913104,14.861442840636297,10.997107078209613,11.813603659137335,9.485269665192932,6.31366315432601,7.299261713979498,4.769957713644343,5.959680418529764,3.5153745522316604,4.632100387425021,2.6650822818980893,3.7423837922770335,-1.5399999999999998,26780.702272126447,14.860537006894264,5.840285926074446,2.4032394981196226,120.08201752987053,20.42975312453822,5.697039313055833,0.0,5.907179729351506,0.0,5.969305287951849,10.203820789863345,4.794537184071822,0.0,11.761884949391115,0.0,6.923737199690624,23.62356814947542,24.402248625579546,19.802129157825057,29.97690532921636,5.409283605791522,10.216698334856808,5.917906046161393,25.490366039512896,12.297610012659364,10.60217582694588,0.0,0.0,5.316788604006331,0.0,0.0,11.761884949391115,57.77140212991274,9.589074368143644,11.327189651952915,13.344558822616634,10.60217582694588,0.0,0.0,0.0,113.72,17.991177721861547,19.802129157825057,0.0,17.6460598715553,23.62356814947542,6.338535362521884,16.66179468024159,6.923737199690624,0.0,5.316788604006331,5.409283605791522,0.0,1.381147959183673,25.241550971475213,28.424071683604065,0.0525491307634167,-1.291253044427648,-0.2298177542621988,0.8081633269061113,2.1135877267573697,0.0,0.5833333333333334,20,4,7,0,2,2,0,0,0,5,4,8,7,0,1,1,2,-0.1760299999999992,74.32800000000002,1,1,1,0,0,0,0,0,1,1,2,1,0,0,0,1,2,0,0,0,0,0,0,0,0,0,0,1,0,0,0,0,0,0,0,0,1,0,0,0,0,0,0,0,0,0,0,0,0,0,0,0,0,1,0,0,0,0,0,0,0,0,0,0,0,0,0,0,0,0,0,0,0,0,0,1,0,0,0,0,0,0,0,0,0,562.0,Escherichia coli,Bacteria
116664,,64657,CHEMBL679011,In vitro synergistic activity against Escherichia coli C600N (no beta-lactamase),F,BAO_0002146,BAO_0000218,organism-based format,C[C@@H](O)[C@H]1C(=O)N2C(C(=O)O)=C(SCCNC=N)C[C@H]12,CHEMBL1131794,Bioorg Med Chem Lett,1999.0,CHEMBL148,IMIPENEM,CHEMBL148,0,http://www.openphacts.org/units/MicrogramPerMilliliter,105537,=,1,1,=,MIC,ug.mL-1,0.25,CHEMBL354,Escherichia coli,Escherichia coli,562.0,,MIC,ug ml-1,UO_0000274,0.25,CHEMBL148,C[C@@H](O)[C@H]1C(=O)N2C(C(=O)O)=C(SCCNC=N)C[C@H]12,11.938415027282725,11.938415027282725,0.0525491307634167,-1.1042536428151506,0.2244518620524577,26.1,299.35200000000003,282.216,299.093977024,110,0,0.3529509073866828,-0.476539273562781,0.476539273562781,0.3529509073866828,1.7,2.4,2.95,32.166556857764256,9.833875079461713,2.561482694646401,-2.4403845350686675,2.463138387068772,-2.6135386201861994,8.02677725587747,-0.160639580206206,2.6858592189475927,2.087764500996557,477.3228932913104,14.861442840636297,10.997107078209613,11.813603659137335,9.485269665192932,6.31366315432601,7.299261713979498,4.769957713644343,5.959680418529764,3.5153745522316604,4.632100387425021,2.6650822818980893,3.7423837922770335,-1.5399999999999998,26780.702272126447,14.860537006894264,5.840285926074446,2.4032394981196226,120.08201752987053,20.42975312453822,5.697039313055833,0.0,5.907179729351506,0.0,5.969305287951849,10.203820789863345,4.794537184071822,0.0,11.761884949391115,0.0,6.923737199690624,23.62356814947542,24.402248625579546,19.802129157825057,29.97690532921636,5.409283605791522,10.216698334856808,5.917906046161393,25.490366039512896,12.297610012659364,10.60217582694588,0.0,0.0,5.316788604006331,0.0,0.0,11.761884949391115,57.77140212991274,9.589074368143644,11.327189651952915,13.344558822616634,10.60217582694588,0.0,0.0,0.0,113.72,17.991177721861547,19.802129157825057,0.0,17.6460598715553,23.62356814947542,6.338535362521884,16.66179468024159,6.923737199690624,0.0,5.316788604006331,5.409283605791522,0.0,1.381147959183673,25.241550971475213,28.424071683604065,0.0525491307634167,-1.291253044427648,-0.2298177542621988,0.8081633269061113,2.1135877267573697,0.0,0.5833333333333334,20,4,7,0,2,2,0,0,0,5,4,8,7,0,1,1,2,-0.1760299999999992,74.32800000000002,1,1,1,0,0,0,0,0,1,1,2,1,0,0,0,1,2,0,0,0,0,0,0,0,0,0,0,1,0,0,0,0,0,0,0,0,1,0,0,0,0,0,0,0,0,0,0,0,0,0,0,0,0,1,0,0,0,0,0,0,0,0,0,0,0,0,0,0,0,0,0,0,0,0,0,1,0,0,0,0,0,0,0,0,0,562.0,Escherichia coli,Bacteria
116665,,64658,CHEMBL676361,In vitro synergistic activity against Escherichia coli C600N + (TEM-1),F,BAO_0002146,BAO_0000218,organism-based format,C[C@@H](O)[C@H]1C(=O)N2C(C(=O)O)=C(SCCNC=N)C[C@H]12,CHEMBL1131794,Bioorg Med Chem Lett,1999.0,CHEMBL148,IMIPENEM,CHEMBL148,0,http://www.openphacts.org/units/MicrogramPerMilliliter,105537,=,1,1,=,MIC,ug.mL-1,0.12,CHEMBL354,Escherichia coli,Escherichia coli,562.0,,MIC,ug ml-1,UO_0000274,0.12,CHEMBL148,C[C@@H](O)[C@H]1C(=O)N2C(C(=O)O)=C(SCCNC=N)C[C@H]12,11.938415027282725,11.938415027282725,0.0525491307634167,-1.1042536428151506,0.2244518620524577,26.1,299.35200000000003,282.216,299.093977024,110,0,0.3529509073866828,-0.476539273562781,0.476539273562781,0.3529509073866828,1.7,2.4,2.95,32.166556857764256,9.833875079461713,2.561482694646401,-2.4403845350686675,2.463138387068772,-2.6135386201861994,8.02677725587747,-0.160639580206206,2.6858592189475927,2.087764500996557,477.3228932913104,14.861442840636297,10.997107078209613,11.813603659137335,9.485269665192932,6.31366315432601,7.299261713979498,4.769957713644343,5.959680418529764,3.5153745522316604,4.632100387425021,2.6650822818980893,3.7423837922770335,-1.5399999999999998,26780.702272126447,14.860537006894264,5.840285926074446,2.4032394981196226,120.08201752987053,20.42975312453822,5.697039313055833,0.0,5.907179729351506,0.0,5.969305287951849,10.203820789863345,4.794537184071822,0.0,11.761884949391115,0.0,6.923737199690624,23.62356814947542,24.402248625579546,19.802129157825057,29.97690532921636,5.409283605791522,10.216698334856808,5.917906046161393,25.490366039512896,12.297610012659364,10.60217582694588,0.0,0.0,5.316788604006331,0.0,0.0,11.761884949391115,57.77140212991274,9.589074368143644,11.327189651952915,13.344558822616634,10.60217582694588,0.0,0.0,0.0,113.72,17.991177721861547,19.802129157825057,0.0,17.6460598715553,23.62356814947542,6.338535362521884,16.66179468024159,6.923737199690624,0.0,5.316788604006331,5.409283605791522,0.0,1.381147959183673,25.241550971475213,28.424071683604065,0.0525491307634167,-1.291253044427648,-0.2298177542621988,0.8081633269061113,2.1135877267573697,0.0,0.5833333333333334,20,4,7,0,2,2,0,0,0,5,4,8,7,0,1,1,2,-0.1760299999999992,74.32800000000002,1,1,1,0,0,0,0,0,1,1,2,1,0,0,0,1,2,0,0,0,0,0,0,0,0,0,0,1,0,0,0,0,0,0,0,0,1,0,0,0,0,0,0,0,0,0,0,0,0,0,0,0,0,1,0,0,0,0,0,0,0,0,0,0,0,0,0,0,0,0,0,0,0,0,0,1,0,0,0,0,0,0,0,0,0,562.0,Escherichia coli,Bacteria
116665,,64658,CHEMBL676361,In vitro synergistic activity against Escherichia coli C600N + (TEM-1),F,BAO_0002146,BAO_0000218,organism-based format,C[C@@H](O)[C@H]1C(=O)N2C(C(=O)O)=C(SCCNC=N)C[C@H]12,CHEMBL1131794,Bioorg Med Chem Lett,1999.0,CHEMBL148,IMIPENEM,CHEMBL148,0,http://www.openphacts.org/units/MicrogramPerMilliliter,105537,=,1,1,=,MIC,ug.mL-1,0.12,CHEMBL354,Escherichia coli,Escherichia coli,562.0,,MIC,ug ml-1,UO_0000274,0.12,CHEMBL148,C[C@@H](O)[C@H]1C(=O)N2C(C(=O)O)=C(SCCNC=N)C[C@H]12,11.938415027282725,11.938415027282725,0.0525491307634167,-1.1042536428151506,0.2244518620524577,26.1,299.35200000000003,282.216,299.093977024,110,0,0.3529509073866828,-0.476539273562781,0.476539273562781,0.3529509073866828,1.7,2.4,2.95,32.166556857764256,9.833875079461713,2.561482694646401,-2.4403845350686675,2.463138387068772,-2.6135386201861994,8.02677725587747,-0.160639580206206,2.6858592189475927,2.087764500996557,477.3228932913104,14.861442840636297,10.997107078209613,11.813603659137335,9.485269665192932,6.31366315432601,7.299261713979498,4.769957713644343,5.959680418529764,3.5153745522316604,4.632100387425021,2.6650822818980893,3.7423837922770335,-1.5399999999999998,26780.702272126447,14.860537006894264,5.840285926074446,2.4032394981196226,120.08201752987053,20.42975312453822,5.697039313055833,0.0,5.907179729351506,0.0,5.969305287951849,10.203820789863345,4.794537184071822,0.0,11.761884949391115,0.0,6.923737199690624,23.62356814947542,24.402248625579546,19.802129157825057,29.97690532921636,5.409283605791522,10.216698334856808,5.917906046161393,25.490366039512896,12.297610012659364,10.60217582694588,0.0,0.0,5.316788604006331,0.0,0.0,11.761884949391115,57.77140212991274,9.589074368143644,11.327189651952915,13.344558822616634,10.60217582694588,0.0,0.0,0.0,113.72,17.991177721861547,19.802129157825057,0.0,17.6460598715553,23.62356814947542,6.338535362521884,16.66179468024159,6.923737199690624,0.0,5.316788604006331,5.409283605791522,0.0,1.381147959183673,25.241550971475213,28.424071683604065,0.0525491307634167,-1.291253044427648,-0.2298177542621988,0.8081633269061113,2.1135877267573697,0.0,0.5833333333333334,20,4,7,0,2,2,0,0,0,5,4,8,7,0,1,1,2,-0.1760299999999992,74.32800000000002,1,1,1,0,0,0,0,0,1,1,2,1,0,0,0,1,2,0,0,0,0,0,0,0,0,0,0,1,0,0,0,0,0,0,0,0,1,0,0,0,0,0,0,0,0,0,0,0,0,0,0,0,0,1,0,0,0,0,0,0,0,0,0,0,0,0,0,0,0,0,0,0,0,0,0,1,0,0,0,0,0,0,0,0,0,562.0,Escherichia coli,Bacteria
116665,,64658,CHEMBL676361,In vitro synergistic activity against Escherichia coli C600N + (TEM-1),F,BAO_0002146,BAO_0000218,organism-based format,C[C@@H](O)[C@H]1C(=O)N2C(C(=O)O)=C(SCCNC=N)C[C@H]12,CHEMBL1131794,Bioorg Med Chem Lett,1999.0,CHEMBL148,IMIPENEM,CHEMBL148,0,http://www.openphacts.org/units/MicrogramPerMilliliter,105537,=,1,1,=,MIC,ug.mL-1,0.12,CHEMBL354,Escherichia coli,Escherichia coli,562.0,,MIC,ug ml-1,UO_0000274,0.12,CHEMBL148,C[C@@H](O)[C@H]1C(=O)N2C(C(=O)O)=C(SCCNC=N)C[C@H]12,11.938415027282725,11.938415027282725,0.0525491307634167,-1.1042536428151506,0.2244518620524577,26.1,299.35200000000003,282.216,299.093977024,110,0,0.3529509073866828,-0.476539273562781,0.476539273562781,0.3529509073866828,1.7,2.4,2.95,32.166556857764256,9.833875079461713,2.561482694646401,-2.4403845350686675,2.463138387068772,-2.6135386201861994,8.02677725587747,-0.160639580206206,2.6858592189475927,2.087764500996557,477.3228932913104,14.861442840636297,10.997107078209613,11.813603659137335,9.485269665192932,6.31366315432601,7.299261713979498,4.769957713644343,5.959680418529764,3.5153745522316604,4.632100387425021,2.6650822818980893,3.7423837922770335,-1.5399999999999998,26780.702272126447,14.860537006894264,5.840285926074446,2.4032394981196226,120.08201752987053,20.42975312453822,5.697039313055833,0.0,5.907179729351506,0.0,5.969305287951849,10.203820789863345,4.794537184071822,0.0,11.761884949391115,0.0,6.923737199690624,23.62356814947542,24.402248625579546,19.802129157825057,29.97690532921636,5.409283605791522,10.216698334856808,5.917906046161393,25.490366039512896,12.297610012659364,10.60217582694588,0.0,0.0,5.316788604006331,0.0,0.0,11.761884949391115,57.77140212991274,9.589074368143644,11.327189651952915,13.344558822616634,10.60217582694588,0.0,0.0,0.0,113.72,17.991177721861547,19.802129157825057,0.0,17.6460598715553,23.62356814947542,6.338535362521884,16.66179468024159,6.923737199690624,0.0,5.316788604006331,5.409283605791522,0.0,1.381147959183673,25.241550971475213,28.424071683604065,0.0525491307634167,-1.291253044427648,-0.2298177542621988,0.8081633269061113,2.1135877267573697,0.0,0.5833333333333334,20,4,7,0,2,2,0,0,0,5,4,8,7,0,1,1,2,-0.1760299999999992,74.32800000000002,1,1,1,0,0,0,0,0,1,1,2,1,0,0,0,1,2,0,0,0,0,0,0,0,0,0,0,1,0,0,0,0,0,0,0,0,1,0,0,0,0,0,0,0,0,0,0,0,0,0,0,0,0,1,0,0,0,0,0,0,0,0,0,0,0,0,0,0,0,0,0,0,0,0,0,1,0,0,0,0,0,0,0,0,0,562.0,Escherichia coli,Bacteria
116665,,64658,CHEMBL676361,In vitro synergistic activity against Escherichia coli C600N + (TEM-1),F,BAO_0002146,BAO_0000218,organism-based format,C[C@@H](O)[C@H]1C(=O)N2C(C(=O)O)=C(SCCNC=N)C[C@H]12,CHEMBL1131794,Bioorg Med Chem Lett,1999.0,CHEMBL148,IMIPENEM,CHEMBL148,0,http://www.openphacts.org/units/MicrogramPerMilliliter,105537,=,1,1,=,MIC,ug.mL-1,0.12,CHEMBL354,Escherichia coli,Escherichia coli,562.0,,MIC,ug ml-1,UO_0000274,0.12,CHEMBL148,C[C@@H](O)[C@H]1C(=O)N2C(C(=O)O)=C(SCCNC=N)C[C@H]12,11.938415027282725,11.938415027282725,0.0525491307634167,-1.1042536428151506,0.2244518620524577,26.1,299.35200000000003,282.216,299.093977024,110,0,0.3529509073866828,-0.476539273562781,0.476539273562781,0.3529509073866828,1.7,2.4,2.95,32.166556857764256,9.833875079461713,2.561482694646401,-2.4403845350686675,2.463138387068772,-2.6135386201861994,8.02677725587747,-0.160639580206206,2.6858592189475927,2.087764500996557,477.3228932913104,14.861442840636297,10.997107078209613,11.813603659137335,9.485269665192932,6.31366315432601,7.299261713979498,4.769957713644343,5.959680418529764,3.5153745522316604,4.632100387425021,2.6650822818980893,3.7423837922770335,-1.5399999999999998,26780.702272126447,14.860537006894264,5.840285926074446,2.4032394981196226,120.08201752987053,20.42975312453822,5.697039313055833,0.0,5.907179729351506,0.0,5.969305287951849,10.203820789863345,4.794537184071822,0.0,11.761884949391115,0.0,6.923737199690624,23.62356814947542,24.402248625579546,19.802129157825057,29.97690532921636,5.409283605791522,10.216698334856808,5.917906046161393,25.490366039512896,12.297610012659364,10.60217582694588,0.0,0.0,5.316788604006331,0.0,0.0,11.761884949391115,57.77140212991274,9.589074368143644,11.327189651952915,13.344558822616634,10.60217582694588,0.0,0.0,0.0,113.72,17.991177721861547,19.802129157825057,0.0,17.6460598715553,23.62356814947542,6.338535362521884,16.66179468024159,6.923737199690624,0.0,5.316788604006331,5.409283605791522,0.0,1.381147959183673,25.241550971475213,28.424071683604065,0.0525491307634167,-1.291253044427648,-0.2298177542621988,0.8081633269061113,2.1135877267573697,0.0,0.5833333333333334,20,4,7,0,2,2,0,0,0,5,4,8,7,0,1,1,2,-0.1760299999999992,74.32800000000002,1,1,1,0,0,0,0,0,1,1,2,1,0,0,0,1,2,0,0,0,0,0,0,0,0,0,0,1,0,0,0,0,0,0,0,0,1,0,0,0,0,0,0,0,0,0,0,0,0,0,0,0,0,1,0,0,0,0,0,0,0,0,0,0,0,0,0,0,0,0,0,0,0,0,0,1,0,0,0,0,0,0,0,0,0,562.0,Escherichia coli,Bacteria
116666,,64659,CHEMBL676362,In vitro synergistic activity against Escherichia coli C600N + (TEM-10),F,BAO_0002146,BAO_0000218,organism-based format,C[C@@H](O)[C@H]1C(=O)N2C(C(=O)O)=C(SCCNC=N)C[C@H]12,CHEMBL1131794,Bioorg Med Chem Lett,1999.0,CHEMBL148,IMIPENEM,CHEMBL148,0,http://www.openphacts.org/units/MicrogramPerMilliliter,105537,=,1,1,=,MIC,ug.mL-1,0.12,CHEMBL354,Escherichia coli,Escherichia coli,562.0,,MIC,ug ml-1,UO_0000274,0.12,CHEMBL148,C[C@@H](O)[C@H]1C(=O)N2C(C(=O)O)=C(SCCNC=N)C[C@H]12,11.938415027282725,11.938415027282725,0.0525491307634167,-1.1042536428151506,0.2244518620524577,26.1,299.35200000000003,282.216,299.093977024,110,0,0.3529509073866828,-0.476539273562781,0.476539273562781,0.3529509073866828,1.7,2.4,2.95,32.166556857764256,9.833875079461713,2.561482694646401,-2.4403845350686675,2.463138387068772,-2.6135386201861994,8.02677725587747,-0.160639580206206,2.6858592189475927,2.087764500996557,477.3228932913104,14.861442840636297,10.997107078209613,11.813603659137335,9.485269665192932,6.31366315432601,7.299261713979498,4.769957713644343,5.959680418529764,3.5153745522316604,4.632100387425021,2.6650822818980893,3.7423837922770335,-1.5399999999999998,26780.702272126447,14.860537006894264,5.840285926074446,2.4032394981196226,120.08201752987053,20.42975312453822,5.697039313055833,0.0,5.907179729351506,0.0,5.969305287951849,10.203820789863345,4.794537184071822,0.0,11.761884949391115,0.0,6.923737199690624,23.62356814947542,24.402248625579546,19.802129157825057,29.97690532921636,5.409283605791522,10.216698334856808,5.917906046161393,25.490366039512896,12.297610012659364,10.60217582694588,0.0,0.0,5.316788604006331,0.0,0.0,11.761884949391115,57.77140212991274,9.589074368143644,11.327189651952915,13.344558822616634,10.60217582694588,0.0,0.0,0.0,113.72,17.991177721861547,19.802129157825057,0.0,17.6460598715553,23.62356814947542,6.338535362521884,16.66179468024159,6.923737199690624,0.0,5.316788604006331,5.409283605791522,0.0,1.381147959183673,25.241550971475213,28.424071683604065,0.0525491307634167,-1.291253044427648,-0.2298177542621988,0.8081633269061113,2.1135877267573697,0.0,0.5833333333333334,20,4,7,0,2,2,0,0,0,5,4,8,7,0,1,1,2,-0.1760299999999992,74.32800000000002,1,1,1,0,0,0,0,0,1,1,2,1,0,0,0,1,2,0,0,0,0,0,0,0,0,0,0,1,0,0,0,0,0,0,0,0,1,0,0,0,0,0,0,0,0,0,0,0,0,0,0,0,0,1,0,0,0,0,0,0,0,0,0,0,0,0,0,0,0,0,0,0,0,0,0,1,0,0,0,0,0,0,0,0,0,562.0,Escherichia coli,Bacteria
116666,,64659,CHEMBL676362,In vitro synergistic activity against Escherichia coli C600N + (TEM-10),F,BAO_0002146,BAO_0000218,organism-based format,C[C@@H](O)[C@H]1C(=O)N2C(C(=O)O)=C(SCCNC=N)C[C@H]12,CHEMBL1131794,Bioorg Med Chem Lett,1999.0,CHEMBL148,IMIPENEM,CHEMBL148,0,http://www.openphacts.org/units/MicrogramPerMilliliter,105537,=,1,1,=,MIC,ug.mL-1,0.12,CHEMBL354,Escherichia coli,Escherichia coli,562.0,,MIC,ug ml-1,UO_0000274,0.12,CHEMBL148,C[C@@H](O)[C@H]1C(=O)N2C(C(=O)O)=C(SCCNC=N)C[C@H]12,11.938415027282725,11.938415027282725,0.0525491307634167,-1.1042536428151506,0.2244518620524577,26.1,299.35200000000003,282.216,299.093977024,110,0,0.3529509073866828,-0.476539273562781,0.476539273562781,0.3529509073866828,1.7,2.4,2.95,32.166556857764256,9.833875079461713,2.561482694646401,-2.4403845350686675,2.463138387068772,-2.6135386201861994,8.02677725587747,-0.160639580206206,2.6858592189475927,2.087764500996557,477.3228932913104,14.861442840636297,10.997107078209613,11.813603659137335,9.485269665192932,6.31366315432601,7.299261713979498,4.769957713644343,5.959680418529764,3.5153745522316604,4.632100387425021,2.6650822818980893,3.7423837922770335,-1.5399999999999998,26780.702272126447,14.860537006894264,5.840285926074446,2.4032394981196226,120.08201752987053,20.42975312453822,5.697039313055833,0.0,5.907179729351506,0.0,5.969305287951849,10.203820789863345,4.794537184071822,0.0,11.761884949391115,0.0,6.923737199690624,23.62356814947542,24.402248625579546,19.802129157825057,29.97690532921636,5.409283605791522,10.216698334856808,5.917906046161393,25.490366039512896,12.297610012659364,10.60217582694588,0.0,0.0,5.316788604006331,0.0,0.0,11.761884949391115,57.77140212991274,9.589074368143644,11.327189651952915,13.344558822616634,10.60217582694588,0.0,0.0,0.0,113.72,17.991177721861547,19.802129157825057,0.0,17.6460598715553,23.62356814947542,6.338535362521884,16.66179468024159,6.923737199690624,0.0,5.316788604006331,5.409283605791522,0.0,1.381147959183673,25.241550971475213,28.424071683604065,0.0525491307634167,-1.291253044427648,-0.2298177542621988,0.8081633269061113,2.1135877267573697,0.0,0.5833333333333334,20,4,7,0,2,2,0,0,0,5,4,8,7,0,1,1,2,-0.1760299999999992,74.32800000000002,1,1,1,0,0,0,0,0,1,1,2,1,0,0,0,1,2,0,0,0,0,0,0,0,0,0,0,1,0,0,0,0,0,0,0,0,1,0,0,0,0,0,0,0,0,0,0,0,0,0,0,0,0,1,0,0,0,0,0,0,0,0,0,0,0,0,0,0,0,0,0,0,0,0,0,1,0,0,0,0,0,0,0,0,0,562.0,Escherichia coli,Bacteria
116666,,64659,CHEMBL676362,In vitro synergistic activity against Escherichia coli C600N + (TEM-10),F,BAO_0002146,BAO_0000218,organism-based format,C[C@@H](O)[C@H]1C(=O)N2C(C(=O)O)=C(SCCNC=N)C[C@H]12,CHEMBL1131794,Bioorg Med Chem Lett,1999.0,CHEMBL148,IMIPENEM,CHEMBL148,0,http://www.openphacts.org/units/MicrogramPerMilliliter,105537,=,1,1,=,MIC,ug.mL-1,0.12,CHEMBL354,Escherichia coli,Escherichia coli,562.0,,MIC,ug ml-1,UO_0000274,0.12,CHEMBL148,C[C@@H](O)[C@H]1C(=O)N2C(C(=O)O)=C(SCCNC=N)C[C@H]12,11.938415027282725,11.938415027282725,0.0525491307634167,-1.1042536428151506,0.2244518620524577,26.1,299.35200000000003,282.216,299.093977024,110,0,0.3529509073866828,-0.476539273562781,0.476539273562781,0.3529509073866828,1.7,2.4,2.95,32.166556857764256,9.833875079461713,2.561482694646401,-2.4403845350686675,2.463138387068772,-2.6135386201861994,8.02677725587747,-0.160639580206206,2.6858592189475927,2.087764500996557,477.3228932913104,14.861442840636297,10.997107078209613,11.813603659137335,9.485269665192932,6.31366315432601,7.299261713979498,4.769957713644343,5.959680418529764,3.5153745522316604,4.632100387425021,2.6650822818980893,3.7423837922770335,-1.5399999999999998,26780.702272126447,14.860537006894264,5.840285926074446,2.4032394981196226,120.08201752987053,20.42975312453822,5.697039313055833,0.0,5.907179729351506,0.0,5.969305287951849,10.203820789863345,4.794537184071822,0.0,11.761884949391115,0.0,6.923737199690624,23.62356814947542,24.402248625579546,19.802129157825057,29.97690532921636,5.409283605791522,10.216698334856808,5.917906046161393,25.490366039512896,12.297610012659364,10.60217582694588,0.0,0.0,5.316788604006331,0.0,0.0,11.761884949391115,57.77140212991274,9.589074368143644,11.327189651952915,13.344558822616634,10.60217582694588,0.0,0.0,0.0,113.72,17.991177721861547,19.802129157825057,0.0,17.6460598715553,23.62356814947542,6.338535362521884,16.66179468024159,6.923737199690624,0.0,5.316788604006331,5.409283605791522,0.0,1.381147959183673,25.241550971475213,28.424071683604065,0.0525491307634167,-1.291253044427648,-0.2298177542621988,0.8081633269061113,2.1135877267573697,0.0,0.5833333333333334,20,4,7,0,2,2,0,0,0,5,4,8,7,0,1,1,2,-0.1760299999999992,74.32800000000002,1,1,1,0,0,0,0,0,1,1,2,1,0,0,0,1,2,0,0,0,0,0,0,0,0,0,0,1,0,0,0,0,0,0,0,0,1,0,0,0,0,0,0,0,0,0,0,0,0,0,0,0,0,1,0,0,0,0,0,0,0,0,0,0,0,0,0,0,0,0,0,0,0,0,0,1,0,0,0,0,0,0,0,0,0,562.0,Escherichia coli,Bacteria
116666,,64659,CHEMBL676362,In vitro synergistic activity against Escherichia coli C600N + (TEM-10),F,BAO_0002146,BAO_0000218,organism-based format,C[C@@H](O)[C@H]1C(=O)N2C(C(=O)O)=C(SCCNC=N)C[C@H]12,CHEMBL1131794,Bioorg Med Chem Lett,1999.0,CHEMBL148,IMIPENEM,CHEMBL148,0,http://www.openphacts.org/units/MicrogramPerMilliliter,105537,=,1,1,=,MIC,ug.mL-1,0.12,CHEMBL354,Escherichia coli,Escherichia coli,562.0,,MIC,ug ml-1,UO_0000274,0.12,CHEMBL148,C[C@@H](O)[C@H]1C(=O)N2C(C(=O)O)=C(SCCNC=N)C[C@H]12,11.938415027282725,11.938415027282725,0.0525491307634167,-1.1042536428151506,0.2244518620524577,26.1,299.35200000000003,282.216,299.093977024,110,0,0.3529509073866828,-0.476539273562781,0.476539273562781,0.3529509073866828,1.7,2.4,2.95,32.166556857764256,9.833875079461713,2.561482694646401,-2.4403845350686675,2.463138387068772,-2.6135386201861994,8.02677725587747,-0.160639580206206,2.6858592189475927,2.087764500996557,477.3228932913104,14.861442840636297,10.997107078209613,11.813603659137335,9.485269665192932,6.31366315432601,7.299261713979498,4.769957713644343,5.959680418529764,3.5153745522316604,4.632100387425021,2.6650822818980893,3.7423837922770335,-1.5399999999999998,26780.702272126447,14.860537006894264,5.840285926074446,2.4032394981196226,120.08201752987053,20.42975312453822,5.697039313055833,0.0,5.907179729351506,0.0,5.969305287951849,10.203820789863345,4.794537184071822,0.0,11.761884949391115,0.0,6.923737199690624,23.62356814947542,24.402248625579546,19.802129157825057,29.97690532921636,5.409283605791522,10.216698334856808,5.917906046161393,25.490366039512896,12.297610012659364,10.60217582694588,0.0,0.0,5.316788604006331,0.0,0.0,11.761884949391115,57.77140212991274,9.589074368143644,11.327189651952915,13.344558822616634,10.60217582694588,0.0,0.0,0.0,113.72,17.991177721861547,19.802129157825057,0.0,17.6460598715553,23.62356814947542,6.338535362521884,16.66179468024159,6.923737199690624,0.0,5.316788604006331,5.409283605791522,0.0,1.381147959183673,25.241550971475213,28.424071683604065,0.0525491307634167,-1.291253044427648,-0.2298177542621988,0.8081633269061113,2.1135877267573697,0.0,0.5833333333333334,20,4,7,0,2,2,0,0,0,5,4,8,7,0,1,1,2,-0.1760299999999992,74.32800000000002,1,1,1,0,0,0,0,0,1,1,2,1,0,0,0,1,2,0,0,0,0,0,0,0,0,0,0,1,0,0,0,0,0,0,0,0,1,0,0,0,0,0,0,0,0,0,0,0,0,0,0,0,0,1,0,0,0,0,0,0,0,0,0,0,0,0,0,0,0,0,0,0,0,0,0,1,0,0,0,0,0,0,0,0,0,562.0,Escherichia coli,Bacteria
116667,,64660,CHEMBL676358,In vitro synergistic activity against Escherichia coli C600N + (SHV-1),F,BAO_0002146,BAO_0000218,organism-based format,C[C@@H](O)[C@H]1C(=O)N2C(C(=O)O)=C(SCCNC=N)C[C@H]12,CHEMBL1131794,Bioorg Med Chem Lett,1999.0,CHEMBL148,IMIPENEM,CHEMBL148,0,http://www.openphacts.org/units/MicrogramPerMilliliter,105537,=,1,1,=,MIC,ug.mL-1,0.12,CHEMBL354,Escherichia coli,Escherichia coli,562.0,,MIC,ug ml-1,UO_0000274,0.12,CHEMBL148,C[C@@H](O)[C@H]1C(=O)N2C(C(=O)O)=C(SCCNC=N)C[C@H]12,11.938415027282725,11.938415027282725,0.0525491307634167,-1.1042536428151506,0.2244518620524577,26.1,299.35200000000003,282.216,299.093977024,110,0,0.3529509073866828,-0.476539273562781,0.476539273562781,0.3529509073866828,1.7,2.4,2.95,32.166556857764256,9.833875079461713,2.561482694646401,-2.4403845350686675,2.463138387068772,-2.6135386201861994,8.02677725587747,-0.160639580206206,2.6858592189475927,2.087764500996557,477.3228932913104,14.861442840636297,10.997107078209613,11.813603659137335,9.485269665192932,6.31366315432601,7.299261713979498,4.769957713644343,5.959680418529764,3.5153745522316604,4.632100387425021,2.6650822818980893,3.7423837922770335,-1.5399999999999998,26780.702272126447,14.860537006894264,5.840285926074446,2.4032394981196226,120.08201752987053,20.42975312453822,5.697039313055833,0.0,5.907179729351506,0.0,5.969305287951849,10.203820789863345,4.794537184071822,0.0,11.761884949391115,0.0,6.923737199690624,23.62356814947542,24.402248625579546,19.802129157825057,29.97690532921636,5.409283605791522,10.216698334856808,5.917906046161393,25.490366039512896,12.297610012659364,10.60217582694588,0.0,0.0,5.316788604006331,0.0,0.0,11.761884949391115,57.77140212991274,9.589074368143644,11.327189651952915,13.344558822616634,10.60217582694588,0.0,0.0,0.0,113.72,17.991177721861547,19.802129157825057,0.0,17.6460598715553,23.62356814947542,6.338535362521884,16.66179468024159,6.923737199690624,0.0,5.316788604006331,5.409283605791522,0.0,1.381147959183673,25.241550971475213,28.424071683604065,0.0525491307634167,-1.291253044427648,-0.2298177542621988,0.8081633269061113,2.1135877267573697,0.0,0.5833333333333334,20,4,7,0,2,2,0,0,0,5,4,8,7,0,1,1,2,-0.1760299999999992,74.32800000000002,1,1,1,0,0,0,0,0,1,1,2,1,0,0,0,1,2,0,0,0,0,0,0,0,0,0,0,1,0,0,0,0,0,0,0,0,1,0,0,0,0,0,0,0,0,0,0,0,0,0,0,0,0,1,0,0,0,0,0,0,0,0,0,0,0,0,0,0,0,0,0,0,0,0,0,1,0,0,0,0,0,0,0,0,0,562.0,Escherichia coli,Bacteria
116667,,64660,CHEMBL676358,In vitro synergistic activity against Escherichia coli C600N + (SHV-1),F,BAO_0002146,BAO_0000218,organism-based format,C[C@@H](O)[C@H]1C(=O)N2C(C(=O)O)=C(SCCNC=N)C[C@H]12,CHEMBL1131794,Bioorg Med Chem Lett,1999.0,CHEMBL148,IMIPENEM,CHEMBL148,0,http://www.openphacts.org/units/MicrogramPerMilliliter,105537,=,1,1,=,MIC,ug.mL-1,0.12,CHEMBL354,Escherichia coli,Escherichia coli,562.0,,MIC,ug ml-1,UO_0000274,0.12,CHEMBL148,C[C@@H](O)[C@H]1C(=O)N2C(C(=O)O)=C(SCCNC=N)C[C@H]12,11.938415027282725,11.938415027282725,0.0525491307634167,-1.1042536428151506,0.2244518620524577,26.1,299.35200000000003,282.216,299.093977024,110,0,0.3529509073866828,-0.476539273562781,0.476539273562781,0.3529509073866828,1.7,2.4,2.95,32.166556857764256,9.833875079461713,2.561482694646401,-2.4403845350686675,2.463138387068772,-2.6135386201861994,8.02677725587747,-0.160639580206206,2.6858592189475927,2.087764500996557,477.3228932913104,14.861442840636297,10.997107078209613,11.813603659137335,9.485269665192932,6.31366315432601,7.299261713979498,4.769957713644343,5.959680418529764,3.5153745522316604,4.632100387425021,2.6650822818980893,3.7423837922770335,-1.5399999999999998,26780.702272126447,14.860537006894264,5.840285926074446,2.4032394981196226,120.08201752987053,20.42975312453822,5.697039313055833,0.0,5.907179729351506,0.0,5.969305287951849,10.203820789863345,4.794537184071822,0.0,11.761884949391115,0.0,6.923737199690624,23.62356814947542,24.402248625579546,19.802129157825057,29.97690532921636,5.409283605791522,10.216698334856808,5.917906046161393,25.490366039512896,12.297610012659364,10.60217582694588,0.0,0.0,5.316788604006331,0.0,0.0,11.761884949391115,57.77140212991274,9.589074368143644,11.327189651952915,13.344558822616634,10.60217582694588,0.0,0.0,0.0,113.72,17.991177721861547,19.802129157825057,0.0,17.6460598715553,23.62356814947542,6.338535362521884,16.66179468024159,6.923737199690624,0.0,5.316788604006331,5.409283605791522,0.0,1.381147959183673,25.241550971475213,28.424071683604065,0.0525491307634167,-1.291253044427648,-0.2298177542621988,0.8081633269061113,2.1135877267573697,0.0,0.5833333333333334,20,4,7,0,2,2,0,0,0,5,4,8,7,0,1,1,2,-0.1760299999999992,74.32800000000002,1,1,1,0,0,0,0,0,1,1,2,1,0,0,0,1,2,0,0,0,0,0,0,0,0,0,0,1,0,0,0,0,0,0,0,0,1,0,0,0,0,0,0,0,0,0,0,0,0,0,0,0,0,1,0,0,0,0,0,0,0,0,0,0,0,0,0,0,0,0,0,0,0,0,0,1,0,0,0,0,0,0,0,0,0,562.0,Escherichia coli,Bacteria
116667,,64660,CHEMBL676358,In vitro synergistic activity against Escherichia coli C600N + (SHV-1),F,BAO_0002146,BAO_0000218,organism-based format,C[C@@H](O)[C@H]1C(=O)N2C(C(=O)O)=C(SCCNC=N)C[C@H]12,CHEMBL1131794,Bioorg Med Chem Lett,1999.0,CHEMBL148,IMIPENEM,CHEMBL148,0,http://www.openphacts.org/units/MicrogramPerMilliliter,105537,=,1,1,=,MIC,ug.mL-1,0.12,CHEMBL354,Escherichia coli,Escherichia coli,562.0,,MIC,ug ml-1,UO_0000274,0.12,CHEMBL148,C[C@@H](O)[C@H]1C(=O)N2C(C(=O)O)=C(SCCNC=N)C[C@H]12,11.938415027282725,11.938415027282725,0.0525491307634167,-1.1042536428151506,0.2244518620524577,26.1,299.35200000000003,282.216,299.093977024,110,0,0.3529509073866828,-0.476539273562781,0.476539273562781,0.3529509073866828,1.7,2.4,2.95,32.166556857764256,9.833875079461713,2.561482694646401,-2.4403845350686675,2.463138387068772,-2.6135386201861994,8.02677725587747,-0.160639580206206,2.6858592189475927,2.087764500996557,477.3228932913104,14.861442840636297,10.997107078209613,11.813603659137335,9.485269665192932,6.31366315432601,7.299261713979498,4.769957713644343,5.959680418529764,3.5153745522316604,4.632100387425021,2.6650822818980893,3.7423837922770335,-1.5399999999999998,26780.702272126447,14.860537006894264,5.840285926074446,2.4032394981196226,120.08201752987053,20.42975312453822,5.697039313055833,0.0,5.907179729351506,0.0,5.969305287951849,10.203820789863345,4.794537184071822,0.0,11.761884949391115,0.0,6.923737199690624,23.62356814947542,24.402248625579546,19.802129157825057,29.97690532921636,5.409283605791522,10.216698334856808,5.917906046161393,25.490366039512896,12.297610012659364,10.60217582694588,0.0,0.0,5.316788604006331,0.0,0.0,11.761884949391115,57.77140212991274,9.589074368143644,11.327189651952915,13.344558822616634,10.60217582694588,0.0,0.0,0.0,113.72,17.991177721861547,19.802129157825057,0.0,17.6460598715553,23.62356814947542,6.338535362521884,16.66179468024159,6.923737199690624,0.0,5.316788604006331,5.409283605791522,0.0,1.381147959183673,25.241550971475213,28.424071683604065,0.0525491307634167,-1.291253044427648,-0.2298177542621988,0.8081633269061113,2.1135877267573697,0.0,0.5833333333333334,20,4,7,0,2,2,0,0,0,5,4,8,7,0,1,1,2,-0.1760299999999992,74.32800000000002,1,1,1,0,0,0,0,0,1,1,2,1,0,0,0,1,2,0,0,0,0,0,0,0,0,0,0,1,0,0,0,0,0,0,0,0,1,0,0,0,0,0,0,0,0,0,0,0,0,0,0,0,0,1,0,0,0,0,0,0,0,0,0,0,0,0,0,0,0,0,0,0,0,0,0,1,0,0,0,0,0,0,0,0,0,562.0,Escherichia coli,Bacteria
116667,,64660,CHEMBL676358,In vitro synergistic activity against Escherichia coli C600N + (SHV-1),F,BAO_0002146,BAO_0000218,organism-based format,C[C@@H](O)[C@H]1C(=O)N2C(C(=O)O)=C(SCCNC=N)C[C@H]12,CHEMBL1131794,Bioorg Med Chem Lett,1999.0,CHEMBL148,IMIPENEM,CHEMBL148,0,http://www.openphacts.org/units/MicrogramPerMilliliter,105537,=,1,1,=,MIC,ug.mL-1,0.12,CHEMBL354,Escherichia coli,Escherichia coli,562.0,,MIC,ug ml-1,UO_0000274,0.12,CHEMBL148,C[C@@H](O)[C@H]1C(=O)N2C(C(=O)O)=C(SCCNC=N)C[C@H]12,11.938415027282725,11.938415027282725,0.0525491307634167,-1.1042536428151506,0.2244518620524577,26.1,299.35200000000003,282.216,299.093977024,110,0,0.3529509073866828,-0.476539273562781,0.476539273562781,0.3529509073866828,1.7,2.4,2.95,32.166556857764256,9.833875079461713,2.561482694646401,-2.4403845350686675,2.463138387068772,-2.6135386201861994,8.02677725587747,-0.160639580206206,2.6858592189475927,2.087764500996557,477.3228932913104,14.861442840636297,10.997107078209613,11.813603659137335,9.485269665192932,6.31366315432601,7.299261713979498,4.769957713644343,5.959680418529764,3.5153745522316604,4.632100387425021,2.6650822818980893,3.7423837922770335,-1.5399999999999998,26780.702272126447,14.860537006894264,5.840285926074446,2.4032394981196226,120.08201752987053,20.42975312453822,5.697039313055833,0.0,5.907179729351506,0.0,5.969305287951849,10.203820789863345,4.794537184071822,0.0,11.761884949391115,0.0,6.923737199690624,23.62356814947542,24.402248625579546,19.802129157825057,29.97690532921636,5.409283605791522,10.216698334856808,5.917906046161393,25.490366039512896,12.297610012659364,10.60217582694588,0.0,0.0,5.316788604006331,0.0,0.0,11.761884949391115,57.77140212991274,9.589074368143644,11.327189651952915,13.344558822616634,10.60217582694588,0.0,0.0,0.0,113.72,17.991177721861547,19.802129157825057,0.0,17.6460598715553,23.62356814947542,6.338535362521884,16.66179468024159,6.923737199690624,0.0,5.316788604006331,5.409283605791522,0.0,1.381147959183673,25.241550971475213,28.424071683604065,0.0525491307634167,-1.291253044427648,-0.2298177542621988,0.8081633269061113,2.1135877267573697,0.0,0.5833333333333334,20,4,7,0,2,2,0,0,0,5,4,8,7,0,1,1,2,-0.1760299999999992,74.32800000000002,1,1,1,0,0,0,0,0,1,1,2,1,0,0,0,1,2,0,0,0,0,0,0,0,0,0,0,1,0,0,0,0,0,0,0,0,1,0,0,0,0,0,0,0,0,0,0,0,0,0,0,0,0,1,0,0,0,0,0,0,0,0,0,0,0,0,0,0,0,0,0,0,0,0,0,1,0,0,0,0,0,0,0,0,0,562.0,Escherichia coli,Bacteria
116668,,64661,CHEMBL679012,In vitro synergistic activity against Escherichia coli C600N + (IRT-2),F,BAO_0002146,BAO_0000218,organism-based format,C[C@@H](O)[C@H]1C(=O)N2C(C(=O)O)=C(SCCNC=N)C[C@H]12,CHEMBL1131794,Bioorg Med Chem Lett,1999.0,CHEMBL148,IMIPENEM,CHEMBL148,0,http://www.openphacts.org/units/MicrogramPerMilliliter,105537,=,1,1,=,MIC,ug.mL-1,0.25,CHEMBL354,Escherichia coli,Escherichia coli,562.0,,MIC,ug ml-1,UO_0000274,0.25,CHEMBL148,C[C@@H](O)[C@H]1C(=O)N2C(C(=O)O)=C(SCCNC=N)C[C@H]12,11.938415027282725,11.938415027282725,0.0525491307634167,-1.1042536428151506,0.2244518620524577,26.1,299.35200000000003,282.216,299.093977024,110,0,0.3529509073866828,-0.476539273562781,0.476539273562781,0.3529509073866828,1.7,2.4,2.95,32.166556857764256,9.833875079461713,2.561482694646401,-2.4403845350686675,2.463138387068772,-2.6135386201861994,8.02677725587747,-0.160639580206206,2.6858592189475927,2.087764500996557,477.3228932913104,14.861442840636297,10.997107078209613,11.813603659137335,9.485269665192932,6.31366315432601,7.299261713979498,4.769957713644343,5.959680418529764,3.5153745522316604,4.632100387425021,2.6650822818980893,3.7423837922770335,-1.5399999999999998,26780.702272126447,14.860537006894264,5.840285926074446,2.4032394981196226,120.08201752987053,20.42975312453822,5.697039313055833,0.0,5.907179729351506,0.0,5.969305287951849,10.203820789863345,4.794537184071822,0.0,11.761884949391115,0.0,6.923737199690624,23.62356814947542,24.402248625579546,19.802129157825057,29.97690532921636,5.409283605791522,10.216698334856808,5.917906046161393,25.490366039512896,12.297610012659364,10.60217582694588,0.0,0.0,5.316788604006331,0.0,0.0,11.761884949391115,57.77140212991274,9.589074368143644,11.327189651952915,13.344558822616634,10.60217582694588,0.0,0.0,0.0,113.72,17.991177721861547,19.802129157825057,0.0,17.6460598715553,23.62356814947542,6.338535362521884,16.66179468024159,6.923737199690624,0.0,5.316788604006331,5.409283605791522,0.0,1.381147959183673,25.241550971475213,28.424071683604065,0.0525491307634167,-1.291253044427648,-0.2298177542621988,0.8081633269061113,2.1135877267573697,0.0,0.5833333333333334,20,4,7,0,2,2,0,0,0,5,4,8,7,0,1,1,2,-0.1760299999999992,74.32800000000002,1,1,1,0,0,0,0,0,1,1,2,1,0,0,0,1,2,0,0,0,0,0,0,0,0,0,0,1,0,0,0,0,0,0,0,0,1,0,0,0,0,0,0,0,0,0,0,0,0,0,0,0,0,1,0,0,0,0,0,0,0,0,0,0,0,0,0,0,0,0,0,0,0,0,0,1,0,0,0,0,0,0,0,0,0,562.0,Escherichia coli,Bacteria
116668,,64661,CHEMBL679012,In vitro synergistic activity against Escherichia coli C600N + (IRT-2),F,BAO_0002146,BAO_0000218,organism-based format,C[C@@H](O)[C@H]1C(=O)N2C(C(=O)O)=C(SCCNC=N)C[C@H]12,CHEMBL1131794,Bioorg Med Chem Lett,1999.0,CHEMBL148,IMIPENEM,CHEMBL148,0,http://www.openphacts.org/units/MicrogramPerMilliliter,105537,=,1,1,=,MIC,ug.mL-1,0.25,CHEMBL354,Escherichia coli,Escherichia coli,562.0,,MIC,ug ml-1,UO_0000274,0.25,CHEMBL148,C[C@@H](O)[C@H]1C(=O)N2C(C(=O)O)=C(SCCNC=N)C[C@H]12,11.938415027282725,11.938415027282725,0.0525491307634167,-1.1042536428151506,0.2244518620524577,26.1,299.35200000000003,282.216,299.093977024,110,0,0.3529509073866828,-0.476539273562781,0.476539273562781,0.3529509073866828,1.7,2.4,2.95,32.166556857764256,9.833875079461713,2.561482694646401,-2.4403845350686675,2.463138387068772,-2.6135386201861994,8.02677725587747,-0.160639580206206,2.6858592189475927,2.087764500996557,477.3228932913104,14.861442840636297,10.997107078209613,11.813603659137335,9.485269665192932,6.31366315432601,7.299261713979498,4.769957713644343,5.959680418529764,3.5153745522316604,4.632100387425021,2.6650822818980893,3.7423837922770335,-1.5399999999999998,26780.702272126447,14.860537006894264,5.840285926074446,2.4032394981196226,120.08201752987053,20.42975312453822,5.697039313055833,0.0,5.907179729351506,0.0,5.969305287951849,10.203820789863345,4.794537184071822,0.0,11.761884949391115,0.0,6.923737199690624,23.62356814947542,24.402248625579546,19.802129157825057,29.97690532921636,5.409283605791522,10.216698334856808,5.917906046161393,25.490366039512896,12.297610012659364,10.60217582694588,0.0,0.0,5.316788604006331,0.0,0.0,11.761884949391115,57.77140212991274,9.589074368143644,11.327189651952915,13.344558822616634,10.60217582694588,0.0,0.0,0.0,113.72,17.991177721861547,19.802129157825057,0.0,17.6460598715553,23.62356814947542,6.338535362521884,16.66179468024159,6.923737199690624,0.0,5.316788604006331,5.409283605791522,0.0,1.381147959183673,25.241550971475213,28.424071683604065,0.0525491307634167,-1.291253044427648,-0.2298177542621988,0.8081633269061113,2.1135877267573697,0.0,0.5833333333333334,20,4,7,0,2,2,0,0,0,5,4,8,7,0,1,1,2,-0.1760299999999992,74.32800000000002,1,1,1,0,0,0,0,0,1,1,2,1,0,0,0,1,2,0,0,0,0,0,0,0,0,0,0,1,0,0,0,0,0,0,0,0,1,0,0,0,0,0,0,0,0,0,0,0,0,0,0,0,0,1,0,0,0,0,0,0,0,0,0,0,0,0,0,0,0,0,0,0,0,0,0,1,0,0,0,0,0,0,0,0,0,562.0,Escherichia coli,Bacteria
116668,,64661,CHEMBL679012,In vitro synergistic activity against Escherichia coli C600N + (IRT-2),F,BAO_0002146,BAO_0000218,organism-based format,C[C@@H](O)[C@H]1C(=O)N2C(C(=O)O)=C(SCCNC=N)C[C@H]12,CHEMBL1131794,Bioorg Med Chem Lett,1999.0,CHEMBL148,IMIPENEM,CHEMBL148,0,http://www.openphacts.org/units/MicrogramPerMilliliter,105537,=,1,1,=,MIC,ug.mL-1,0.25,CHEMBL354,Escherichia coli,Escherichia coli,562.0,,MIC,ug ml-1,UO_0000274,0.25,CHEMBL148,C[C@@H](O)[C@H]1C(=O)N2C(C(=O)O)=C(SCCNC=N)C[C@H]12,11.938415027282725,11.938415027282725,0.0525491307634167,-1.1042536428151506,0.2244518620524577,26.1,299.35200000000003,282.216,299.093977024,110,0,0.3529509073866828,-0.476539273562781,0.476539273562781,0.3529509073866828,1.7,2.4,2.95,32.166556857764256,9.833875079461713,2.561482694646401,-2.4403845350686675,2.463138387068772,-2.6135386201861994,8.02677725587747,-0.160639580206206,2.6858592189475927,2.087764500996557,477.3228932913104,14.861442840636297,10.997107078209613,11.813603659137335,9.485269665192932,6.31366315432601,7.299261713979498,4.769957713644343,5.959680418529764,3.5153745522316604,4.632100387425021,2.6650822818980893,3.7423837922770335,-1.5399999999999998,26780.702272126447,14.860537006894264,5.840285926074446,2.4032394981196226,120.08201752987053,20.42975312453822,5.697039313055833,0.0,5.907179729351506,0.0,5.969305287951849,10.203820789863345,4.794537184071822,0.0,11.761884949391115,0.0,6.923737199690624,23.62356814947542,24.402248625579546,19.802129157825057,29.97690532921636,5.409283605791522,10.216698334856808,5.917906046161393,25.490366039512896,12.297610012659364,10.60217582694588,0.0,0.0,5.316788604006331,0.0,0.0,11.761884949391115,57.77140212991274,9.589074368143644,11.327189651952915,13.344558822616634,10.60217582694588,0.0,0.0,0.0,113.72,17.991177721861547,19.802129157825057,0.0,17.6460598715553,23.62356814947542,6.338535362521884,16.66179468024159,6.923737199690624,0.0,5.316788604006331,5.409283605791522,0.0,1.381147959183673,25.241550971475213,28.424071683604065,0.0525491307634167,-1.291253044427648,-0.2298177542621988,0.8081633269061113,2.1135877267573697,0.0,0.5833333333333334,20,4,7,0,2,2,0,0,0,5,4,8,7,0,1,1,2,-0.1760299999999992,74.32800000000002,1,1,1,0,0,0,0,0,1,1,2,1,0,0,0,1,2,0,0,0,0,0,0,0,0,0,0,1,0,0,0,0,0,0,0,0,1,0,0,0,0,0,0,0,0,0,0,0,0,0,0,0,0,1,0,0,0,0,0,0,0,0,0,0,0,0,0,0,0,0,0,0,0,0,0,1,0,0,0,0,0,0,0,0,0,562.0,Escherichia coli,Bacteria
116668,,64661,CHEMBL679012,In vitro synergistic activity against Escherichia coli C600N + (IRT-2),F,BAO_0002146,BAO_0000218,organism-based format,C[C@@H](O)[C@H]1C(=O)N2C(C(=O)O)=C(SCCNC=N)C[C@H]12,CHEMBL1131794,Bioorg Med Chem Lett,1999.0,CHEMBL148,IMIPENEM,CHEMBL148,0,http://www.openphacts.org/units/MicrogramPerMilliliter,105537,=,1,1,=,MIC,ug.mL-1,0.25,CHEMBL354,Escherichia coli,Escherichia coli,562.0,,MIC,ug ml-1,UO_0000274,0.25,CHEMBL148,C[C@@H](O)[C@H]1C(=O)N2C(C(=O)O)=C(SCCNC=N)C[C@H]12,11.938415027282725,11.938415027282725,0.0525491307634167,-1.1042536428151506,0.2244518620524577,26.1,299.35200000000003,282.216,299.093977024,110,0,0.3529509073866828,-0.476539273562781,0.476539273562781,0.3529509073866828,1.7,2.4,2.95,32.166556857764256,9.833875079461713,2.561482694646401,-2.4403845350686675,2.463138387068772,-2.6135386201861994,8.02677725587747,-0.160639580206206,2.6858592189475927,2.087764500996557,477.3228932913104,14.861442840636297,10.997107078209613,11.813603659137335,9.485269665192932,6.31366315432601,7.299261713979498,4.769957713644343,5.959680418529764,3.5153745522316604,4.632100387425021,2.6650822818980893,3.7423837922770335,-1.5399999999999998,26780.702272126447,14.860537006894264,5.840285926074446,2.4032394981196226,120.08201752987053,20.42975312453822,5.697039313055833,0.0,5.907179729351506,0.0,5.969305287951849,10.203820789863345,4.794537184071822,0.0,11.761884949391115,0.0,6.923737199690624,23.62356814947542,24.402248625579546,19.802129157825057,29.97690532921636,5.409283605791522,10.216698334856808,5.917906046161393,25.490366039512896,12.297610012659364,10.60217582694588,0.0,0.0,5.316788604006331,0.0,0.0,11.761884949391115,57.77140212991274,9.589074368143644,11.327189651952915,13.344558822616634,10.60217582694588,0.0,0.0,0.0,113.72,17.991177721861547,19.802129157825057,0.0,17.6460598715553,23.62356814947542,6.338535362521884,16.66179468024159,6.923737199690624,0.0,5.316788604006331,5.409283605791522,0.0,1.381147959183673,25.241550971475213,28.424071683604065,0.0525491307634167,-1.291253044427648,-0.2298177542621988,0.8081633269061113,2.1135877267573697,0.0,0.5833333333333334,20,4,7,0,2,2,0,0,0,5,4,8,7,0,1,1,2,-0.1760299999999992,74.32800000000002,1,1,1,0,0,0,0,0,1,1,2,1,0,0,0,1,2,0,0,0,0,0,0,0,0,0,0,1,0,0,0,0,0,0,0,0,1,0,0,0,0,0,0,0,0,0,0,0,0,0,0,0,0,1,0,0,0,0,0,0,0,0,0,0,0,0,0,0,0,0,0,0,0,0,0,1,0,0,0,0,0,0,0,0,0,562.0,Escherichia coli,Bacteria
116669,,64662,CHEMBL676359,In vitro synergistic activity against Escherichia coli C600N + (SHV-4),F,BAO_0002146,BAO_0000218,organism-based format,C[C@@H](O)[C@H]1C(=O)N2C(C(=O)O)=C(SCCNC=N)C[C@H]12,CHEMBL1131794,Bioorg Med Chem Lett,1999.0,CHEMBL148,IMIPENEM,CHEMBL148,0,http://www.openphacts.org/units/MicrogramPerMilliliter,105537,=,1,1,=,MIC,ug.mL-1,0.12,CHEMBL354,Escherichia coli,Escherichia coli,562.0,,MIC,ug ml-1,UO_0000274,0.12,CHEMBL148,C[C@@H](O)[C@H]1C(=O)N2C(C(=O)O)=C(SCCNC=N)C[C@H]12,11.938415027282725,11.938415027282725,0.0525491307634167,-1.1042536428151506,0.2244518620524577,26.1,299.35200000000003,282.216,299.093977024,110,0,0.3529509073866828,-0.476539273562781,0.476539273562781,0.3529509073866828,1.7,2.4,2.95,32.166556857764256,9.833875079461713,2.561482694646401,-2.4403845350686675,2.463138387068772,-2.6135386201861994,8.02677725587747,-0.160639580206206,2.6858592189475927,2.087764500996557,477.3228932913104,14.861442840636297,10.997107078209613,11.813603659137335,9.485269665192932,6.31366315432601,7.299261713979498,4.769957713644343,5.959680418529764,3.5153745522316604,4.632100387425021,2.6650822818980893,3.7423837922770335,-1.5399999999999998,26780.702272126447,14.860537006894264,5.840285926074446,2.4032394981196226,120.08201752987053,20.42975312453822,5.697039313055833,0.0,5.907179729351506,0.0,5.969305287951849,10.203820789863345,4.794537184071822,0.0,11.761884949391115,0.0,6.923737199690624,23.62356814947542,24.402248625579546,19.802129157825057,29.97690532921636,5.409283605791522,10.216698334856808,5.917906046161393,25.490366039512896,12.297610012659364,10.60217582694588,0.0,0.0,5.316788604006331,0.0,0.0,11.761884949391115,57.77140212991274,9.589074368143644,11.327189651952915,13.344558822616634,10.60217582694588,0.0,0.0,0.0,113.72,17.991177721861547,19.802129157825057,0.0,17.6460598715553,23.62356814947542,6.338535362521884,16.66179468024159,6.923737199690624,0.0,5.316788604006331,5.409283605791522,0.0,1.381147959183673,25.241550971475213,28.424071683604065,0.0525491307634167,-1.291253044427648,-0.2298177542621988,0.8081633269061113,2.1135877267573697,0.0,0.5833333333333334,20,4,7,0,2,2,0,0,0,5,4,8,7,0,1,1,2,-0.1760299999999992,74.32800000000002,1,1,1,0,0,0,0,0,1,1,2,1,0,0,0,1,2,0,0,0,0,0,0,0,0,0,0,1,0,0,0,0,0,0,0,0,1,0,0,0,0,0,0,0,0,0,0,0,0,0,0,0,0,1,0,0,0,0,0,0,0,0,0,0,0,0,0,0,0,0,0,0,0,0,0,1,0,0,0,0,0,0,0,0,0,562.0,Escherichia coli,Bacteria
116669,,64662,CHEMBL676359,In vitro synergistic activity against Escherichia coli C600N + (SHV-4),F,BAO_0002146,BAO_0000218,organism-based format,C[C@@H](O)[C@H]1C(=O)N2C(C(=O)O)=C(SCCNC=N)C[C@H]12,CHEMBL1131794,Bioorg Med Chem Lett,1999.0,CHEMBL148,IMIPENEM,CHEMBL148,0,http://www.openphacts.org/units/MicrogramPerMilliliter,105537,=,1,1,=,MIC,ug.mL-1,0.12,CHEMBL354,Escherichia coli,Escherichia coli,562.0,,MIC,ug ml-1,UO_0000274,0.12,CHEMBL148,C[C@@H](O)[C@H]1C(=O)N2C(C(=O)O)=C(SCCNC=N)C[C@H]12,11.938415027282725,11.938415027282725,0.0525491307634167,-1.1042536428151506,0.2244518620524577,26.1,299.35200000000003,282.216,299.093977024,110,0,0.3529509073866828,-0.476539273562781,0.476539273562781,0.3529509073866828,1.7,2.4,2.95,32.166556857764256,9.833875079461713,2.561482694646401,-2.4403845350686675,2.463138387068772,-2.6135386201861994,8.02677725587747,-0.160639580206206,2.6858592189475927,2.087764500996557,477.3228932913104,14.861442840636297,10.997107078209613,11.813603659137335,9.485269665192932,6.31366315432601,7.299261713979498,4.769957713644343,5.959680418529764,3.5153745522316604,4.632100387425021,2.6650822818980893,3.7423837922770335,-1.5399999999999998,26780.702272126447,14.860537006894264,5.840285926074446,2.4032394981196226,120.08201752987053,20.42975312453822,5.697039313055833,0.0,5.907179729351506,0.0,5.969305287951849,10.203820789863345,4.794537184071822,0.0,11.761884949391115,0.0,6.923737199690624,23.62356814947542,24.402248625579546,19.802129157825057,29.97690532921636,5.409283605791522,10.216698334856808,5.917906046161393,25.490366039512896,12.297610012659364,10.60217582694588,0.0,0.0,5.316788604006331,0.0,0.0,11.761884949391115,57.77140212991274,9.589074368143644,11.327189651952915,13.344558822616634,10.60217582694588,0.0,0.0,0.0,113.72,17.991177721861547,19.802129157825057,0.0,17.6460598715553,23.62356814947542,6.338535362521884,16.66179468024159,6.923737199690624,0.0,5.316788604006331,5.409283605791522,0.0,1.381147959183673,25.241550971475213,28.424071683604065,0.0525491307634167,-1.291253044427648,-0.2298177542621988,0.8081633269061113,2.1135877267573697,0.0,0.5833333333333334,20,4,7,0,2,2,0,0,0,5,4,8,7,0,1,1,2,-0.1760299999999992,74.32800000000002,1,1,1,0,0,0,0,0,1,1,2,1,0,0,0,1,2,0,0,0,0,0,0,0,0,0,0,1,0,0,0,0,0,0,0,0,1,0,0,0,0,0,0,0,0,0,0,0,0,0,0,0,0,1,0,0,0,0,0,0,0,0,0,0,0,0,0,0,0,0,0,0,0,0,0,1,0,0,0,0,0,0,0,0,0,562.0,Escherichia coli,Bacteria
116669,,64662,CHEMBL676359,In vitro synergistic activity against Escherichia coli C600N + (SHV-4),F,BAO_0002146,BAO_0000218,organism-based format,C[C@@H](O)[C@H]1C(=O)N2C(C(=O)O)=C(SCCNC=N)C[C@H]12,CHEMBL1131794,Bioorg Med Chem Lett,1999.0,CHEMBL148,IMIPENEM,CHEMBL148,0,http://www.openphacts.org/units/MicrogramPerMilliliter,105537,=,1,1,=,MIC,ug.mL-1,0.12,CHEMBL354,Escherichia coli,Escherichia coli,562.0,,MIC,ug ml-1,UO_0000274,0.12,CHEMBL148,C[C@@H](O)[C@H]1C(=O)N2C(C(=O)O)=C(SCCNC=N)C[C@H]12,11.938415027282725,11.938415027282725,0.0525491307634167,-1.1042536428151506,0.2244518620524577,26.1,299.35200000000003,282.216,299.093977024,110,0,0.3529509073866828,-0.476539273562781,0.476539273562781,0.3529509073866828,1.7,2.4,2.95,32.166556857764256,9.833875079461713,2.561482694646401,-2.4403845350686675,2.463138387068772,-2.6135386201861994,8.02677725587747,-0.160639580206206,2.6858592189475927,2.087764500996557,477.3228932913104,14.861442840636297,10.997107078209613,11.813603659137335,9.485269665192932,6.31366315432601,7.299261713979498,4.769957713644343,5.959680418529764,3.5153745522316604,4.632100387425021,2.6650822818980893,3.7423837922770335,-1.5399999999999998,26780.702272126447,14.860537006894264,5.840285926074446,2.4032394981196226,120.08201752987053,20.42975312453822,5.697039313055833,0.0,5.907179729351506,0.0,5.969305287951849,10.203820789863345,4.794537184071822,0.0,11.761884949391115,0.0,6.923737199690624,23.62356814947542,24.402248625579546,19.802129157825057,29.97690532921636,5.409283605791522,10.216698334856808,5.917906046161393,25.490366039512896,12.297610012659364,10.60217582694588,0.0,0.0,5.316788604006331,0.0,0.0,11.761884949391115,57.77140212991274,9.589074368143644,11.327189651952915,13.344558822616634,10.60217582694588,0.0,0.0,0.0,113.72,17.991177721861547,19.802129157825057,0.0,17.6460598715553,23.62356814947542,6.338535362521884,16.66179468024159,6.923737199690624,0.0,5.316788604006331,5.409283605791522,0.0,1.381147959183673,25.241550971475213,28.424071683604065,0.0525491307634167,-1.291253044427648,-0.2298177542621988,0.8081633269061113,2.1135877267573697,0.0,0.5833333333333334,20,4,7,0,2,2,0,0,0,5,4,8,7,0,1,1,2,-0.1760299999999992,74.32800000000002,1,1,1,0,0,0,0,0,1,1,2,1,0,0,0,1,2,0,0,0,0,0,0,0,0,0,0,1,0,0,0,0,0,0,0,0,1,0,0,0,0,0,0,0,0,0,0,0,0,0,0,0,0,1,0,0,0,0,0,0,0,0,0,0,0,0,0,0,0,0,0,0,0,0,0,1,0,0,0,0,0,0,0,0,0,562.0,Escherichia coli,Bacteria
116669,,64662,CHEMBL676359,In vitro synergistic activity against Escherichia coli C600N + (SHV-4),F,BAO_0002146,BAO_0000218,organism-based format,C[C@@H](O)[C@H]1C(=O)N2C(C(=O)O)=C(SCCNC=N)C[C@H]12,CHEMBL1131794,Bioorg Med Chem Lett,1999.0,CHEMBL148,IMIPENEM,CHEMBL148,0,http://www.openphacts.org/units/MicrogramPerMilliliter,105537,=,1,1,=,MIC,ug.mL-1,0.12,CHEMBL354,Escherichia coli,Escherichia coli,562.0,,MIC,ug ml-1,UO_0000274,0.12,CHEMBL148,C[C@@H](O)[C@H]1C(=O)N2C(C(=O)O)=C(SCCNC=N)C[C@H]12,11.938415027282725,11.938415027282725,0.0525491307634167,-1.1042536428151506,0.2244518620524577,26.1,299.35200000000003,282.216,299.093977024,110,0,0.3529509073866828,-0.476539273562781,0.476539273562781,0.3529509073866828,1.7,2.4,2.95,32.166556857764256,9.833875079461713,2.561482694646401,-2.4403845350686675,2.463138387068772,-2.6135386201861994,8.02677725587747,-0.160639580206206,2.6858592189475927,2.087764500996557,477.3228932913104,14.861442840636297,10.997107078209613,11.813603659137335,9.485269665192932,6.31366315432601,7.299261713979498,4.769957713644343,5.959680418529764,3.5153745522316604,4.632100387425021,2.6650822818980893,3.7423837922770335,-1.5399999999999998,26780.702272126447,14.860537006894264,5.840285926074446,2.4032394981196226,120.08201752987053,20.42975312453822,5.697039313055833,0.0,5.907179729351506,0.0,5.969305287951849,10.203820789863345,4.794537184071822,0.0,11.761884949391115,0.0,6.923737199690624,23.62356814947542,24.402248625579546,19.802129157825057,29.97690532921636,5.409283605791522,10.216698334856808,5.917906046161393,25.490366039512896,12.297610012659364,10.60217582694588,0.0,0.0,5.316788604006331,0.0,0.0,11.761884949391115,57.77140212991274,9.589074368143644,11.327189651952915,13.344558822616634,10.60217582694588,0.0,0.0,0.0,113.72,17.991177721861547,19.802129157825057,0.0,17.6460598715553,23.62356814947542,6.338535362521884,16.66179468024159,6.923737199690624,0.0,5.316788604006331,5.409283605791522,0.0,1.381147959183673,25.241550971475213,28.424071683604065,0.0525491307634167,-1.291253044427648,-0.2298177542621988,0.8081633269061113,2.1135877267573697,0.0,0.5833333333333334,20,4,7,0,2,2,0,0,0,5,4,8,7,0,1,1,2,-0.1760299999999992,74.32800000000002,1,1,1,0,0,0,0,0,1,1,2,1,0,0,0,1,2,0,0,0,0,0,0,0,0,0,0,1,0,0,0,0,0,0,0,0,1,0,0,0,0,0,0,0,0,0,0,0,0,0,0,0,0,1,0,0,0,0,0,0,0,0,0,0,0,0,0,0,0,0,0,0,0,0,0,1,0,0,0,0,0,0,0,0,0,562.0,Escherichia coli,Bacteria
116670,,64663,CHEMBL676357,In vitro synergistic activity against Escherichia coli C600N + (PSE-1),F,BAO_0002146,BAO_0000218,organism-based format,C[C@@H](O)[C@H]1C(=O)N2C(C(=O)O)=C(SCCNC=N)C[C@H]12,CHEMBL1131794,Bioorg Med Chem Lett,1999.0,CHEMBL148,IMIPENEM,CHEMBL148,0,http://www.openphacts.org/units/MicrogramPerMilliliter,105537,=,1,1,=,MIC,ug.mL-1,0.12,CHEMBL354,Escherichia coli,Escherichia coli,562.0,,MIC,ug ml-1,UO_0000274,0.12,CHEMBL148,C[C@@H](O)[C@H]1C(=O)N2C(C(=O)O)=C(SCCNC=N)C[C@H]12,11.938415027282725,11.938415027282725,0.0525491307634167,-1.1042536428151506,0.2244518620524577,26.1,299.35200000000003,282.216,299.093977024,110,0,0.3529509073866828,-0.476539273562781,0.476539273562781,0.3529509073866828,1.7,2.4,2.95,32.166556857764256,9.833875079461713,2.561482694646401,-2.4403845350686675,2.463138387068772,-2.6135386201861994,8.02677725587747,-0.160639580206206,2.6858592189475927,2.087764500996557,477.3228932913104,14.861442840636297,10.997107078209613,11.813603659137335,9.485269665192932,6.31366315432601,7.299261713979498,4.769957713644343,5.959680418529764,3.5153745522316604,4.632100387425021,2.6650822818980893,3.7423837922770335,-1.5399999999999998,26780.702272126447,14.860537006894264,5.840285926074446,2.4032394981196226,120.08201752987053,20.42975312453822,5.697039313055833,0.0,5.907179729351506,0.0,5.969305287951849,10.203820789863345,4.794537184071822,0.0,11.761884949391115,0.0,6.923737199690624,23.62356814947542,24.402248625579546,19.802129157825057,29.97690532921636,5.409283605791522,10.216698334856808,5.917906046161393,25.490366039512896,12.297610012659364,10.60217582694588,0.0,0.0,5.316788604006331,0.0,0.0,11.761884949391115,57.77140212991274,9.589074368143644,11.327189651952915,13.344558822616634,10.60217582694588,0.0,0.0,0.0,113.72,17.991177721861547,19.802129157825057,0.0,17.6460598715553,23.62356814947542,6.338535362521884,16.66179468024159,6.923737199690624,0.0,5.316788604006331,5.409283605791522,0.0,1.381147959183673,25.241550971475213,28.424071683604065,0.0525491307634167,-1.291253044427648,-0.2298177542621988,0.8081633269061113,2.1135877267573697,0.0,0.5833333333333334,20,4,7,0,2,2,0,0,0,5,4,8,7,0,1,1,2,-0.1760299999999992,74.32800000000002,1,1,1,0,0,0,0,0,1,1,2,1,0,0,0,1,2,0,0,0,0,0,0,0,0,0,0,1,0,0,0,0,0,0,0,0,1,0,0,0,0,0,0,0,0,0,0,0,0,0,0,0,0,1,0,0,0,0,0,0,0,0,0,0,0,0,0,0,0,0,0,0,0,0,0,1,0,0,0,0,0,0,0,0,0,562.0,Escherichia coli,Bacteria
116670,,64663,CHEMBL676357,In vitro synergistic activity against Escherichia coli C600N + (PSE-1),F,BAO_0002146,BAO_0000218,organism-based format,C[C@@H](O)[C@H]1C(=O)N2C(C(=O)O)=C(SCCNC=N)C[C@H]12,CHEMBL1131794,Bioorg Med Chem Lett,1999.0,CHEMBL148,IMIPENEM,CHEMBL148,0,http://www.openphacts.org/units/MicrogramPerMilliliter,105537,=,1,1,=,MIC,ug.mL-1,0.12,CHEMBL354,Escherichia coli,Escherichia coli,562.0,,MIC,ug ml-1,UO_0000274,0.12,CHEMBL148,C[C@@H](O)[C@H]1C(=O)N2C(C(=O)O)=C(SCCNC=N)C[C@H]12,11.938415027282725,11.938415027282725,0.0525491307634167,-1.1042536428151506,0.2244518620524577,26.1,299.35200000000003,282.216,299.093977024,110,0,0.3529509073866828,-0.476539273562781,0.476539273562781,0.3529509073866828,1.7,2.4,2.95,32.166556857764256,9.833875079461713,2.561482694646401,-2.4403845350686675,2.463138387068772,-2.6135386201861994,8.02677725587747,-0.160639580206206,2.6858592189475927,2.087764500996557,477.3228932913104,14.861442840636297,10.997107078209613,11.813603659137335,9.485269665192932,6.31366315432601,7.299261713979498,4.769957713644343,5.959680418529764,3.5153745522316604,4.632100387425021,2.6650822818980893,3.7423837922770335,-1.5399999999999998,26780.702272126447,14.860537006894264,5.840285926074446,2.4032394981196226,120.08201752987053,20.42975312453822,5.697039313055833,0.0,5.907179729351506,0.0,5.969305287951849,10.203820789863345,4.794537184071822,0.0,11.761884949391115,0.0,6.923737199690624,23.62356814947542,24.402248625579546,19.802129157825057,29.97690532921636,5.409283605791522,10.216698334856808,5.917906046161393,25.490366039512896,12.297610012659364,10.60217582694588,0.0,0.0,5.316788604006331,0.0,0.0,11.761884949391115,57.77140212991274,9.589074368143644,11.327189651952915,13.344558822616634,10.60217582694588,0.0,0.0,0.0,113.72,17.991177721861547,19.802129157825057,0.0,17.6460598715553,23.62356814947542,6.338535362521884,16.66179468024159,6.923737199690624,0.0,5.316788604006331,5.409283605791522,0.0,1.381147959183673,25.241550971475213,28.424071683604065,0.0525491307634167,-1.291253044427648,-0.2298177542621988,0.8081633269061113,2.1135877267573697,0.0,0.5833333333333334,20,4,7,0,2,2,0,0,0,5,4,8,7,0,1,1,2,-0.1760299999999992,74.32800000000002,1,1,1,0,0,0,0,0,1,1,2,1,0,0,0,1,2,0,0,0,0,0,0,0,0,0,0,1,0,0,0,0,0,0,0,0,1,0,0,0,0,0,0,0,0,0,0,0,0,0,0,0,0,1,0,0,0,0,0,0,0,0,0,0,0,0,0,0,0,0,0,0,0,0,0,1,0,0,0,0,0,0,0,0,0,562.0,Escherichia coli,Bacteria
116670,,64663,CHEMBL676357,In vitro synergistic activity against Escherichia coli C600N + (PSE-1),F,BAO_0002146,BAO_0000218,organism-based format,C[C@@H](O)[C@H]1C(=O)N2C(C(=O)O)=C(SCCNC=N)C[C@H]12,CHEMBL1131794,Bioorg Med Chem Lett,1999.0,CHEMBL148,IMIPENEM,CHEMBL148,0,http://www.openphacts.org/units/MicrogramPerMilliliter,105537,=,1,1,=,MIC,ug.mL-1,0.12,CHEMBL354,Escherichia coli,Escherichia coli,562.0,,MIC,ug ml-1,UO_0000274,0.12,CHEMBL148,C[C@@H](O)[C@H]1C(=O)N2C(C(=O)O)=C(SCCNC=N)C[C@H]12,11.938415027282725,11.938415027282725,0.0525491307634167,-1.1042536428151506,0.2244518620524577,26.1,299.35200000000003,282.216,299.093977024,110,0,0.3529509073866828,-0.476539273562781,0.476539273562781,0.3529509073866828,1.7,2.4,2.95,32.166556857764256,9.833875079461713,2.561482694646401,-2.4403845350686675,2.463138387068772,-2.6135386201861994,8.02677725587747,-0.160639580206206,2.6858592189475927,2.087764500996557,477.3228932913104,14.861442840636297,10.997107078209613,11.813603659137335,9.485269665192932,6.31366315432601,7.299261713979498,4.769957713644343,5.959680418529764,3.5153745522316604,4.632100387425021,2.6650822818980893,3.7423837922770335,-1.5399999999999998,26780.702272126447,14.860537006894264,5.840285926074446,2.4032394981196226,120.08201752987053,20.42975312453822,5.697039313055833,0.0,5.907179729351506,0.0,5.969305287951849,10.203820789863345,4.794537184071822,0.0,11.761884949391115,0.0,6.923737199690624,23.62356814947542,24.402248625579546,19.802129157825057,29.97690532921636,5.409283605791522,10.216698334856808,5.917906046161393,25.490366039512896,12.297610012659364,10.60217582694588,0.0,0.0,5.316788604006331,0.0,0.0,11.761884949391115,57.77140212991274,9.589074368143644,11.327189651952915,13.344558822616634,10.60217582694588,0.0,0.0,0.0,113.72,17.991177721861547,19.802129157825057,0.0,17.6460598715553,23.62356814947542,6.338535362521884,16.66179468024159,6.923737199690624,0.0,5.316788604006331,5.409283605791522,0.0,1.381147959183673,25.241550971475213,28.424071683604065,0.0525491307634167,-1.291253044427648,-0.2298177542621988,0.8081633269061113,2.1135877267573697,0.0,0.5833333333333334,20,4,7,0,2,2,0,0,0,5,4,8,7,0,1,1,2,-0.1760299999999992,74.32800000000002,1,1,1,0,0,0,0,0,1,1,2,1,0,0,0,1,2,0,0,0,0,0,0,0,0,0,0,1,0,0,0,0,0,0,0,0,1,0,0,0,0,0,0,0,0,0,0,0,0,0,0,0,0,1,0,0,0,0,0,0,0,0,0,0,0,0,0,0,0,0,0,0,0,0,0,1,0,0,0,0,0,0,0,0,0,562.0,Escherichia coli,Bacteria
116670,,64663,CHEMBL676357,In vitro synergistic activity against Escherichia coli C600N + (PSE-1),F,BAO_0002146,BAO_0000218,organism-based format,C[C@@H](O)[C@H]1C(=O)N2C(C(=O)O)=C(SCCNC=N)C[C@H]12,CHEMBL1131794,Bioorg Med Chem Lett,1999.0,CHEMBL148,IMIPENEM,CHEMBL148,0,http://www.openphacts.org/units/MicrogramPerMilliliter,105537,=,1,1,=,MIC,ug.mL-1,0.12,CHEMBL354,Escherichia coli,Escherichia coli,562.0,,MIC,ug ml-1,UO_0000274,0.12,CHEMBL148,C[C@@H](O)[C@H]1C(=O)N2C(C(=O)O)=C(SCCNC=N)C[C@H]12,11.938415027282725,11.938415027282725,0.0525491307634167,-1.1042536428151506,0.2244518620524577,26.1,299.35200000000003,282.216,299.093977024,110,0,0.3529509073866828,-0.476539273562781,0.476539273562781,0.3529509073866828,1.7,2.4,2.95,32.166556857764256,9.833875079461713,2.561482694646401,-2.4403845350686675,2.463138387068772,-2.6135386201861994,8.02677725587747,-0.160639580206206,2.6858592189475927,2.087764500996557,477.3228932913104,14.861442840636297,10.997107078209613,11.813603659137335,9.485269665192932,6.31366315432601,7.299261713979498,4.769957713644343,5.959680418529764,3.5153745522316604,4.632100387425021,2.6650822818980893,3.7423837922770335,-1.5399999999999998,26780.702272126447,14.860537006894264,5.840285926074446,2.4032394981196226,120.08201752987053,20.42975312453822,5.697039313055833,0.0,5.907179729351506,0.0,5.969305287951849,10.203820789863345,4.794537184071822,0.0,11.761884949391115,0.0,6.923737199690624,23.62356814947542,24.402248625579546,19.802129157825057,29.97690532921636,5.409283605791522,10.216698334856808,5.917906046161393,25.490366039512896,12.297610012659364,10.60217582694588,0.0,0.0,5.316788604006331,0.0,0.0,11.761884949391115,57.77140212991274,9.589074368143644,11.327189651952915,13.344558822616634,10.60217582694588,0.0,0.0,0.0,113.72,17.991177721861547,19.802129157825057,0.0,17.6460598715553,23.62356814947542,6.338535362521884,16.66179468024159,6.923737199690624,0.0,5.316788604006331,5.409283605791522,0.0,1.381147959183673,25.241550971475213,28.424071683604065,0.0525491307634167,-1.291253044427648,-0.2298177542621988,0.8081633269061113,2.1135877267573697,0.0,0.5833333333333334,20,4,7,0,2,2,0,0,0,5,4,8,7,0,1,1,2,-0.1760299999999992,74.32800000000002,1,1,1,0,0,0,0,0,1,1,2,1,0,0,0,1,2,0,0,0,0,0,0,0,0,0,0,1,0,0,0,0,0,0,0,0,1,0,0,0,0,0,0,0,0,0,0,0,0,0,0,0,0,1,0,0,0,0,0,0,0,0,0,0,0,0,0,0,0,0,0,0,0,0,0,1,0,0,0,0,0,0,0,0,0,562.0,Escherichia coli,Bacteria
116671,,64664,CHEMBL676356,In vitro synergistic activity against Escherichia coli C600N + (OXA-10) {PSE-2},F,BAO_0002146,BAO_0000218,organism-based format,C[C@@H](O)[C@H]1C(=O)N2C(C(=O)O)=C(SCCNC=N)C[C@H]12,CHEMBL1131794,Bioorg Med Chem Lett,1999.0,CHEMBL148,IMIPENEM,CHEMBL148,0,http://www.openphacts.org/units/MicrogramPerMilliliter,105537,=,1,1,=,MIC,ug.mL-1,0.12,CHEMBL354,Escherichia coli,Escherichia coli,562.0,,MIC,ug ml-1,UO_0000274,0.12,CHEMBL148,C[C@@H](O)[C@H]1C(=O)N2C(C(=O)O)=C(SCCNC=N)C[C@H]12,11.938415027282725,11.938415027282725,0.0525491307634167,-1.1042536428151506,0.2244518620524577,26.1,299.35200000000003,282.216,299.093977024,110,0,0.3529509073866828,-0.476539273562781,0.476539273562781,0.3529509073866828,1.7,2.4,2.95,32.166556857764256,9.833875079461713,2.561482694646401,-2.4403845350686675,2.463138387068772,-2.6135386201861994,8.02677725587747,-0.160639580206206,2.6858592189475927,2.087764500996557,477.3228932913104,14.861442840636297,10.997107078209613,11.813603659137335,9.485269665192932,6.31366315432601,7.299261713979498,4.769957713644343,5.959680418529764,3.5153745522316604,4.632100387425021,2.6650822818980893,3.7423837922770335,-1.5399999999999998,26780.702272126447,14.860537006894264,5.840285926074446,2.4032394981196226,120.08201752987053,20.42975312453822,5.697039313055833,0.0,5.907179729351506,0.0,5.969305287951849,10.203820789863345,4.794537184071822,0.0,11.761884949391115,0.0,6.923737199690624,23.62356814947542,24.402248625579546,19.802129157825057,29.97690532921636,5.409283605791522,10.216698334856808,5.917906046161393,25.490366039512896,12.297610012659364,10.60217582694588,0.0,0.0,5.316788604006331,0.0,0.0,11.761884949391115,57.77140212991274,9.589074368143644,11.327189651952915,13.344558822616634,10.60217582694588,0.0,0.0,0.0,113.72,17.991177721861547,19.802129157825057,0.0,17.6460598715553,23.62356814947542,6.338535362521884,16.66179468024159,6.923737199690624,0.0,5.316788604006331,5.409283605791522,0.0,1.381147959183673,25.241550971475213,28.424071683604065,0.0525491307634167,-1.291253044427648,-0.2298177542621988,0.8081633269061113,2.1135877267573697,0.0,0.5833333333333334,20,4,7,0,2,2,0,0,0,5,4,8,7,0,1,1,2,-0.1760299999999992,74.32800000000002,1,1,1,0,0,0,0,0,1,1,2,1,0,0,0,1,2,0,0,0,0,0,0,0,0,0,0,1,0,0,0,0,0,0,0,0,1,0,0,0,0,0,0,0,0,0,0,0,0,0,0,0,0,1,0,0,0,0,0,0,0,0,0,0,0,0,0,0,0,0,0,0,0,0,0,1,0,0,0,0,0,0,0,0,0,562.0,Escherichia coli,Bacteria
116671,,64664,CHEMBL676356,In vitro synergistic activity against Escherichia coli C600N + (OXA-10) {PSE-2},F,BAO_0002146,BAO_0000218,organism-based format,C[C@@H](O)[C@H]1C(=O)N2C(C(=O)O)=C(SCCNC=N)C[C@H]12,CHEMBL1131794,Bioorg Med Chem Lett,1999.0,CHEMBL148,IMIPENEM,CHEMBL148,0,http://www.openphacts.org/units/MicrogramPerMilliliter,105537,=,1,1,=,MIC,ug.mL-1,0.12,CHEMBL354,Escherichia coli,Escherichia coli,562.0,,MIC,ug ml-1,UO_0000274,0.12,CHEMBL148,C[C@@H](O)[C@H]1C(=O)N2C(C(=O)O)=C(SCCNC=N)C[C@H]12,11.938415027282725,11.938415027282725,0.0525491307634167,-1.1042536428151506,0.2244518620524577,26.1,299.35200000000003,282.216,299.093977024,110,0,0.3529509073866828,-0.476539273562781,0.476539273562781,0.3529509073866828,1.7,2.4,2.95,32.166556857764256,9.833875079461713,2.561482694646401,-2.4403845350686675,2.463138387068772,-2.6135386201861994,8.02677725587747,-0.160639580206206,2.6858592189475927,2.087764500996557,477.3228932913104,14.861442840636297,10.997107078209613,11.813603659137335,9.485269665192932,6.31366315432601,7.299261713979498,4.769957713644343,5.959680418529764,3.5153745522316604,4.632100387425021,2.6650822818980893,3.7423837922770335,-1.5399999999999998,26780.702272126447,14.860537006894264,5.840285926074446,2.4032394981196226,120.08201752987053,20.42975312453822,5.697039313055833,0.0,5.907179729351506,0.0,5.969305287951849,10.203820789863345,4.794537184071822,0.0,11.761884949391115,0.0,6.923737199690624,23.62356814947542,24.402248625579546,19.802129157825057,29.97690532921636,5.409283605791522,10.216698334856808,5.917906046161393,25.490366039512896,12.297610012659364,10.60217582694588,0.0,0.0,5.316788604006331,0.0,0.0,11.761884949391115,57.77140212991274,9.589074368143644,11.327189651952915,13.344558822616634,10.60217582694588,0.0,0.0,0.0,113.72,17.991177721861547,19.802129157825057,0.0,17.6460598715553,23.62356814947542,6.338535362521884,16.66179468024159,6.923737199690624,0.0,5.316788604006331,5.409283605791522,0.0,1.381147959183673,25.241550971475213,28.424071683604065,0.0525491307634167,-1.291253044427648,-0.2298177542621988,0.8081633269061113,2.1135877267573697,0.0,0.5833333333333334,20,4,7,0,2,2,0,0,0,5,4,8,7,0,1,1,2,-0.1760299999999992,74.32800000000002,1,1,1,0,0,0,0,0,1,1,2,1,0,0,0,1,2,0,0,0,0,0,0,0,0,0,0,1,0,0,0,0,0,0,0,0,1,0,0,0,0,0,0,0,0,0,0,0,0,0,0,0,0,1,0,0,0,0,0,0,0,0,0,0,0,0,0,0,0,0,0,0,0,0,0,1,0,0,0,0,0,0,0,0,0,562.0,Escherichia coli,Bacteria
116671,,64664,CHEMBL676356,In vitro synergistic activity against Escherichia coli C600N + (OXA-10) {PSE-2},F,BAO_0002146,BAO_0000218,organism-based format,C[C@@H](O)[C@H]1C(=O)N2C(C(=O)O)=C(SCCNC=N)C[C@H]12,CHEMBL1131794,Bioorg Med Chem Lett,1999.0,CHEMBL148,IMIPENEM,CHEMBL148,0,http://www.openphacts.org/units/MicrogramPerMilliliter,105537,=,1,1,=,MIC,ug.mL-1,0.12,CHEMBL354,Escherichia coli,Escherichia coli,562.0,,MIC,ug ml-1,UO_0000274,0.12,CHEMBL148,C[C@@H](O)[C@H]1C(=O)N2C(C(=O)O)=C(SCCNC=N)C[C@H]12,11.938415027282725,11.938415027282725,0.0525491307634167,-1.1042536428151506,0.2244518620524577,26.1,299.35200000000003,282.216,299.093977024,110,0,0.3529509073866828,-0.476539273562781,0.476539273562781,0.3529509073866828,1.7,2.4,2.95,32.166556857764256,9.833875079461713,2.561482694646401,-2.4403845350686675,2.463138387068772,-2.6135386201861994,8.02677725587747,-0.160639580206206,2.6858592189475927,2.087764500996557,477.3228932913104,14.861442840636297,10.997107078209613,11.813603659137335,9.485269665192932,6.31366315432601,7.299261713979498,4.769957713644343,5.959680418529764,3.5153745522316604,4.632100387425021,2.6650822818980893,3.7423837922770335,-1.5399999999999998,26780.702272126447,14.860537006894264,5.840285926074446,2.4032394981196226,120.08201752987053,20.42975312453822,5.697039313055833,0.0,5.907179729351506,0.0,5.969305287951849,10.203820789863345,4.794537184071822,0.0,11.761884949391115,0.0,6.923737199690624,23.62356814947542,24.402248625579546,19.802129157825057,29.97690532921636,5.409283605791522,10.216698334856808,5.917906046161393,25.490366039512896,12.297610012659364,10.60217582694588,0.0,0.0,5.316788604006331,0.0,0.0,11.761884949391115,57.77140212991274,9.589074368143644,11.327189651952915,13.344558822616634,10.60217582694588,0.0,0.0,0.0,113.72,17.991177721861547,19.802129157825057,0.0,17.6460598715553,23.62356814947542,6.338535362521884,16.66179468024159,6.923737199690624,0.0,5.316788604006331,5.409283605791522,0.0,1.381147959183673,25.241550971475213,28.424071683604065,0.0525491307634167,-1.291253044427648,-0.2298177542621988,0.8081633269061113,2.1135877267573697,0.0,0.5833333333333334,20,4,7,0,2,2,0,0,0,5,4,8,7,0,1,1,2,-0.1760299999999992,74.32800000000002,1,1,1,0,0,0,0,0,1,1,2,1,0,0,0,1,2,0,0,0,0,0,0,0,0,0,0,1,0,0,0,0,0,0,0,0,1,0,0,0,0,0,0,0,0,0,0,0,0,0,0,0,0,1,0,0,0,0,0,0,0,0,0,0,0,0,0,0,0,0,0,0,0,0,0,1,0,0,0,0,0,0,0,0,0,562.0,Escherichia coli,Bacteria
116671,,64664,CHEMBL676356,In vitro synergistic activity against Escherichia coli C600N + (OXA-10) {PSE-2},F,BAO_0002146,BAO_0000218,organism-based format,C[C@@H](O)[C@H]1C(=O)N2C(C(=O)O)=C(SCCNC=N)C[C@H]12,CHEMBL1131794,Bioorg Med Chem Lett,1999.0,CHEMBL148,IMIPENEM,CHEMBL148,0,http://www.openphacts.org/units/MicrogramPerMilliliter,105537,=,1,1,=,MIC,ug.mL-1,0.12,CHEMBL354,Escherichia coli,Escherichia coli,562.0,,MIC,ug ml-1,UO_0000274,0.12,CHEMBL148,C[C@@H](O)[C@H]1C(=O)N2C(C(=O)O)=C(SCCNC=N)C[C@H]12,11.938415027282725,11.938415027282725,0.0525491307634167,-1.1042536428151506,0.2244518620524577,26.1,299.35200000000003,282.216,299.093977024,110,0,0.3529509073866828,-0.476539273562781,0.476539273562781,0.3529509073866828,1.7,2.4,2.95,32.166556857764256,9.833875079461713,2.561482694646401,-2.4403845350686675,2.463138387068772,-2.6135386201861994,8.02677725587747,-0.160639580206206,2.6858592189475927,2.087764500996557,477.3228932913104,14.861442840636297,10.997107078209613,11.813603659137335,9.485269665192932,6.31366315432601,7.299261713979498,4.769957713644343,5.959680418529764,3.5153745522316604,4.632100387425021,2.6650822818980893,3.7423837922770335,-1.5399999999999998,26780.702272126447,14.860537006894264,5.840285926074446,2.4032394981196226,120.08201752987053,20.42975312453822,5.697039313055833,0.0,5.907179729351506,0.0,5.969305287951849,10.203820789863345,4.794537184071822,0.0,11.761884949391115,0.0,6.923737199690624,23.62356814947542,24.402248625579546,19.802129157825057,29.97690532921636,5.409283605791522,10.216698334856808,5.917906046161393,25.490366039512896,12.297610012659364,10.60217582694588,0.0,0.0,5.316788604006331,0.0,0.0,11.761884949391115,57.77140212991274,9.589074368143644,11.327189651952915,13.344558822616634,10.60217582694588,0.0,0.0,0.0,113.72,17.991177721861547,19.802129157825057,0.0,17.6460598715553,23.62356814947542,6.338535362521884,16.66179468024159,6.923737199690624,0.0,5.316788604006331,5.409283605791522,0.0,1.381147959183673,25.241550971475213,28.424071683604065,0.0525491307634167,-1.291253044427648,-0.2298177542621988,0.8081633269061113,2.1135877267573697,0.0,0.5833333333333334,20,4,7,0,2,2,0,0,0,5,4,8,7,0,1,1,2,-0.1760299999999992,74.32800000000002,1,1,1,0,0,0,0,0,1,1,2,1,0,0,0,1,2,0,0,0,0,0,0,0,0,0,0,1,0,0,0,0,0,0,0,0,1,0,0,0,0,0,0,0,0,0,0,0,0,0,0,0,0,1,0,0,0,0,0,0,0,0,0,0,0,0,0,0,0,0,0,0,0,0,0,1,0,0,0,0,0,0,0,0,0,562.0,Escherichia coli,Bacteria
116672,,64665,CHEMBL676355,In vitro synergistic activity against Escherichia coli C600N + (MIR-1),F,BAO_0002146,BAO_0000218,organism-based format,C[C@@H](O)[C@H]1C(=O)N2C(C(=O)O)=C(SCCNC=N)C[C@H]12,CHEMBL1131794,Bioorg Med Chem Lett,1999.0,CHEMBL148,IMIPENEM,CHEMBL148,0,http://www.openphacts.org/units/MicrogramPerMilliliter,105537,=,1,1,=,MIC,ug.mL-1,0.5,CHEMBL354,Escherichia coli,Escherichia coli,562.0,,MIC,ug ml-1,UO_0000274,0.5,CHEMBL148,C[C@@H](O)[C@H]1C(=O)N2C(C(=O)O)=C(SCCNC=N)C[C@H]12,11.938415027282725,11.938415027282725,0.0525491307634167,-1.1042536428151506,0.2244518620524577,26.1,299.35200000000003,282.216,299.093977024,110,0,0.3529509073866828,-0.476539273562781,0.476539273562781,0.3529509073866828,1.7,2.4,2.95,32.166556857764256,9.833875079461713,2.561482694646401,-2.4403845350686675,2.463138387068772,-2.6135386201861994,8.02677725587747,-0.160639580206206,2.6858592189475927,2.087764500996557,477.3228932913104,14.861442840636297,10.997107078209613,11.813603659137335,9.485269665192932,6.31366315432601,7.299261713979498,4.769957713644343,5.959680418529764,3.5153745522316604,4.632100387425021,2.6650822818980893,3.7423837922770335,-1.5399999999999998,26780.702272126447,14.860537006894264,5.840285926074446,2.4032394981196226,120.08201752987053,20.42975312453822,5.697039313055833,0.0,5.907179729351506,0.0,5.969305287951849,10.203820789863345,4.794537184071822,0.0,11.761884949391115,0.0,6.923737199690624,23.62356814947542,24.402248625579546,19.802129157825057,29.97690532921636,5.409283605791522,10.216698334856808,5.917906046161393,25.490366039512896,12.297610012659364,10.60217582694588,0.0,0.0,5.316788604006331,0.0,0.0,11.761884949391115,57.77140212991274,9.589074368143644,11.327189651952915,13.344558822616634,10.60217582694588,0.0,0.0,0.0,113.72,17.991177721861547,19.802129157825057,0.0,17.6460598715553,23.62356814947542,6.338535362521884,16.66179468024159,6.923737199690624,0.0,5.316788604006331,5.409283605791522,0.0,1.381147959183673,25.241550971475213,28.424071683604065,0.0525491307634167,-1.291253044427648,-0.2298177542621988,0.8081633269061113,2.1135877267573697,0.0,0.5833333333333334,20,4,7,0,2,2,0,0,0,5,4,8,7,0,1,1,2,-0.1760299999999992,74.32800000000002,1,1,1,0,0,0,0,0,1,1,2,1,0,0,0,1,2,0,0,0,0,0,0,0,0,0,0,1,0,0,0,0,0,0,0,0,1,0,0,0,0,0,0,0,0,0,0,0,0,0,0,0,0,1,0,0,0,0,0,0,0,0,0,0,0,0,0,0,0,0,0,0,0,0,0,1,0,0,0,0,0,0,0,0,0,562.0,Escherichia coli,Bacteria
116672,,64665,CHEMBL676355,In vitro synergistic activity against Escherichia coli C600N + (MIR-1),F,BAO_0002146,BAO_0000218,organism-based format,C[C@@H](O)[C@H]1C(=O)N2C(C(=O)O)=C(SCCNC=N)C[C@H]12,CHEMBL1131794,Bioorg Med Chem Lett,1999.0,CHEMBL148,IMIPENEM,CHEMBL148,0,http://www.openphacts.org/units/MicrogramPerMilliliter,105537,=,1,1,=,MIC,ug.mL-1,0.5,CHEMBL354,Escherichia coli,Escherichia coli,562.0,,MIC,ug ml-1,UO_0000274,0.5,CHEMBL148,C[C@@H](O)[C@H]1C(=O)N2C(C(=O)O)=C(SCCNC=N)C[C@H]12,11.938415027282725,11.938415027282725,0.0525491307634167,-1.1042536428151506,0.2244518620524577,26.1,299.35200000000003,282.216,299.093977024,110,0,0.3529509073866828,-0.476539273562781,0.476539273562781,0.3529509073866828,1.7,2.4,2.95,32.166556857764256,9.833875079461713,2.561482694646401,-2.4403845350686675,2.463138387068772,-2.6135386201861994,8.02677725587747,-0.160639580206206,2.6858592189475927,2.087764500996557,477.3228932913104,14.861442840636297,10.997107078209613,11.813603659137335,9.485269665192932,6.31366315432601,7.299261713979498,4.769957713644343,5.959680418529764,3.5153745522316604,4.632100387425021,2.6650822818980893,3.7423837922770335,-1.5399999999999998,26780.702272126447,14.860537006894264,5.840285926074446,2.4032394981196226,120.08201752987053,20.42975312453822,5.697039313055833,0.0,5.907179729351506,0.0,5.969305287951849,10.203820789863345,4.794537184071822,0.0,11.761884949391115,0.0,6.923737199690624,23.62356814947542,24.402248625579546,19.802129157825057,29.97690532921636,5.409283605791522,10.216698334856808,5.917906046161393,25.490366039512896,12.297610012659364,10.60217582694588,0.0,0.0,5.316788604006331,0.0,0.0,11.761884949391115,57.77140212991274,9.589074368143644,11.327189651952915,13.344558822616634,10.60217582694588,0.0,0.0,0.0,113.72,17.991177721861547,19.802129157825057,0.0,17.6460598715553,23.62356814947542,6.338535362521884,16.66179468024159,6.923737199690624,0.0,5.316788604006331,5.409283605791522,0.0,1.381147959183673,25.241550971475213,28.424071683604065,0.0525491307634167,-1.291253044427648,-0.2298177542621988,0.8081633269061113,2.1135877267573697,0.0,0.5833333333333334,20,4,7,0,2,2,0,0,0,5,4,8,7,0,1,1,2,-0.1760299999999992,74.32800000000002,1,1,1,0,0,0,0,0,1,1,2,1,0,0,0,1,2,0,0,0,0,0,0,0,0,0,0,1,0,0,0,0,0,0,0,0,1,0,0,0,0,0,0,0,0,0,0,0,0,0,0,0,0,1,0,0,0,0,0,0,0,0,0,0,0,0,0,0,0,0,0,0,0,0,0,1,0,0,0,0,0,0,0,0,0,562.0,Escherichia coli,Bacteria
116672,,64665,CHEMBL676355,In vitro synergistic activity against Escherichia coli C600N + (MIR-1),F,BAO_0002146,BAO_0000218,organism-based format,C[C@@H](O)[C@H]1C(=O)N2C(C(=O)O)=C(SCCNC=N)C[C@H]12,CHEMBL1131794,Bioorg Med Chem Lett,1999.0,CHEMBL148,IMIPENEM,CHEMBL148,0,http://www.openphacts.org/units/MicrogramPerMilliliter,105537,=,1,1,=,MIC,ug.mL-1,0.5,CHEMBL354,Escherichia coli,Escherichia coli,562.0,,MIC,ug ml-1,UO_0000274,0.5,CHEMBL148,C[C@@H](O)[C@H]1C(=O)N2C(C(=O)O)=C(SCCNC=N)C[C@H]12,11.938415027282725,11.938415027282725,0.0525491307634167,-1.1042536428151506,0.2244518620524577,26.1,299.35200000000003,282.216,299.093977024,110,0,0.3529509073866828,-0.476539273562781,0.476539273562781,0.3529509073866828,1.7,2.4,2.95,32.166556857764256,9.833875079461713,2.561482694646401,-2.4403845350686675,2.463138387068772,-2.6135386201861994,8.02677725587747,-0.160639580206206,2.6858592189475927,2.087764500996557,477.3228932913104,14.861442840636297,10.997107078209613,11.813603659137335,9.485269665192932,6.31366315432601,7.299261713979498,4.769957713644343,5.959680418529764,3.5153745522316604,4.632100387425021,2.6650822818980893,3.7423837922770335,-1.5399999999999998,26780.702272126447,14.860537006894264,5.840285926074446,2.4032394981196226,120.08201752987053,20.42975312453822,5.697039313055833,0.0,5.907179729351506,0.0,5.969305287951849,10.203820789863345,4.794537184071822,0.0,11.761884949391115,0.0,6.923737199690624,23.62356814947542,24.402248625579546,19.802129157825057,29.97690532921636,5.409283605791522,10.216698334856808,5.917906046161393,25.490366039512896,12.297610012659364,10.60217582694588,0.0,0.0,5.316788604006331,0.0,0.0,11.761884949391115,57.77140212991274,9.589074368143644,11.327189651952915,13.344558822616634,10.60217582694588,0.0,0.0,0.0,113.72,17.991177721861547,19.802129157825057,0.0,17.6460598715553,23.62356814947542,6.338535362521884,16.66179468024159,6.923737199690624,0.0,5.316788604006331,5.409283605791522,0.0,1.381147959183673,25.241550971475213,28.424071683604065,0.0525491307634167,-1.291253044427648,-0.2298177542621988,0.8081633269061113,2.1135877267573697,0.0,0.5833333333333334,20,4,7,0,2,2,0,0,0,5,4,8,7,0,1,1,2,-0.1760299999999992,74.32800000000002,1,1,1,0,0,0,0,0,1,1,2,1,0,0,0,1,2,0,0,0,0,0,0,0,0,0,0,1,0,0,0,0,0,0,0,0,1,0,0,0,0,0,0,0,0,0,0,0,0,0,0,0,0,1,0,0,0,0,0,0,0,0,0,0,0,0,0,0,0,0,0,0,0,0,0,1,0,0,0,0,0,0,0,0,0,562.0,Escherichia coli,Bacteria
116672,,64665,CHEMBL676355,In vitro synergistic activity against Escherichia coli C600N + (MIR-1),F,BAO_0002146,BAO_0000218,organism-based format,C[C@@H](O)[C@H]1C(=O)N2C(C(=O)O)=C(SCCNC=N)C[C@H]12,CHEMBL1131794,Bioorg Med Chem Lett,1999.0,CHEMBL148,IMIPENEM,CHEMBL148,0,http://www.openphacts.org/units/MicrogramPerMilliliter,105537,=,1,1,=,MIC,ug.mL-1,0.5,CHEMBL354,Escherichia coli,Escherichia coli,562.0,,MIC,ug ml-1,UO_0000274,0.5,CHEMBL148,C[C@@H](O)[C@H]1C(=O)N2C(C(=O)O)=C(SCCNC=N)C[C@H]12,11.938415027282725,11.938415027282725,0.0525491307634167,-1.1042536428151506,0.2244518620524577,26.1,299.35200000000003,282.216,299.093977024,110,0,0.3529509073866828,-0.476539273562781,0.476539273562781,0.3529509073866828,1.7,2.4,2.95,32.166556857764256,9.833875079461713,2.561482694646401,-2.4403845350686675,2.463138387068772,-2.6135386201861994,8.02677725587747,-0.160639580206206,2.6858592189475927,2.087764500996557,477.3228932913104,14.861442840636297,10.997107078209613,11.813603659137335,9.485269665192932,6.31366315432601,7.299261713979498,4.769957713644343,5.959680418529764,3.5153745522316604,4.632100387425021,2.6650822818980893,3.7423837922770335,-1.5399999999999998,26780.702272126447,14.860537006894264,5.840285926074446,2.4032394981196226,120.08201752987053,20.42975312453822,5.697039313055833,0.0,5.907179729351506,0.0,5.969305287951849,10.203820789863345,4.794537184071822,0.0,11.761884949391115,0.0,6.923737199690624,23.62356814947542,24.402248625579546,19.802129157825057,29.97690532921636,5.409283605791522,10.216698334856808,5.917906046161393,25.490366039512896,12.297610012659364,10.60217582694588,0.0,0.0,5.316788604006331,0.0,0.0,11.761884949391115,57.77140212991274,9.589074368143644,11.327189651952915,13.344558822616634,10.60217582694588,0.0,0.0,0.0,113.72,17.991177721861547,19.802129157825057,0.0,17.6460598715553,23.62356814947542,6.338535362521884,16.66179468024159,6.923737199690624,0.0,5.316788604006331,5.409283605791522,0.0,1.381147959183673,25.241550971475213,28.424071683604065,0.0525491307634167,-1.291253044427648,-0.2298177542621988,0.8081633269061113,2.1135877267573697,0.0,0.5833333333333334,20,4,7,0,2,2,0,0,0,5,4,8,7,0,1,1,2,-0.1760299999999992,74.32800000000002,1,1,1,0,0,0,0,0,1,1,2,1,0,0,0,1,2,0,0,0,0,0,0,0,0,0,0,1,0,0,0,0,0,0,0,0,1,0,0,0,0,0,0,0,0,0,0,0,0,0,0,0,0,1,0,0,0,0,0,0,0,0,0,0,0,0,0,0,0,0,0,0,0,0,0,1,0,0,0,0,0,0,0,0,0,562.0,Escherichia coli,Bacteria
116673,,64666,CHEMBL676363,In vitro synergistic activity against Escherichia coli C600N + (ampR ampC),F,BAO_0002146,BAO_0000218,organism-based format,C[C@@H](O)[C@H]1C(=O)N2C(C(=O)O)=C(SCCNC=N)C[C@H]12,CHEMBL1131794,Bioorg Med Chem Lett,1999.0,CHEMBL148,IMIPENEM,CHEMBL148,0,http://www.openphacts.org/units/MicrogramPerMilliliter,105537,=,1,1,=,MIC,ug.mL-1,0.5,CHEMBL354,Escherichia coli,Escherichia coli,562.0,,MIC,ug ml-1,UO_0000274,0.5,CHEMBL148,C[C@@H](O)[C@H]1C(=O)N2C(C(=O)O)=C(SCCNC=N)C[C@H]12,11.938415027282725,11.938415027282725,0.0525491307634167,-1.1042536428151506,0.2244518620524577,26.1,299.35200000000003,282.216,299.093977024,110,0,0.3529509073866828,-0.476539273562781,0.476539273562781,0.3529509073866828,1.7,2.4,2.95,32.166556857764256,9.833875079461713,2.561482694646401,-2.4403845350686675,2.463138387068772,-2.6135386201861994,8.02677725587747,-0.160639580206206,2.6858592189475927,2.087764500996557,477.3228932913104,14.861442840636297,10.997107078209613,11.813603659137335,9.485269665192932,6.31366315432601,7.299261713979498,4.769957713644343,5.959680418529764,3.5153745522316604,4.632100387425021,2.6650822818980893,3.7423837922770335,-1.5399999999999998,26780.702272126447,14.860537006894264,5.840285926074446,2.4032394981196226,120.08201752987053,20.42975312453822,5.697039313055833,0.0,5.907179729351506,0.0,5.969305287951849,10.203820789863345,4.794537184071822,0.0,11.761884949391115,0.0,6.923737199690624,23.62356814947542,24.402248625579546,19.802129157825057,29.97690532921636,5.409283605791522,10.216698334856808,5.917906046161393,25.490366039512896,12.297610012659364,10.60217582694588,0.0,0.0,5.316788604006331,0.0,0.0,11.761884949391115,57.77140212991274,9.589074368143644,11.327189651952915,13.344558822616634,10.60217582694588,0.0,0.0,0.0,113.72,17.991177721861547,19.802129157825057,0.0,17.6460598715553,23.62356814947542,6.338535362521884,16.66179468024159,6.923737199690624,0.0,5.316788604006331,5.409283605791522,0.0,1.381147959183673,25.241550971475213,28.424071683604065,0.0525491307634167,-1.291253044427648,-0.2298177542621988,0.8081633269061113,2.1135877267573697,0.0,0.5833333333333334,20,4,7,0,2,2,0,0,0,5,4,8,7,0,1,1,2,-0.1760299999999992,74.32800000000002,1,1,1,0,0,0,0,0,1,1,2,1,0,0,0,1,2,0,0,0,0,0,0,0,0,0,0,1,0,0,0,0,0,0,0,0,1,0,0,0,0,0,0,0,0,0,0,0,0,0,0,0,0,1,0,0,0,0,0,0,0,0,0,0,0,0,0,0,0,0,0,0,0,0,0,1,0,0,0,0,0,0,0,0,0,562.0,Escherichia coli,Bacteria
116673,,64666,CHEMBL676363,In vitro synergistic activity against Escherichia coli C600N + (ampR ampC),F,BAO_0002146,BAO_0000218,organism-based format,C[C@@H](O)[C@H]1C(=O)N2C(C(=O)O)=C(SCCNC=N)C[C@H]12,CHEMBL1131794,Bioorg Med Chem Lett,1999.0,CHEMBL148,IMIPENEM,CHEMBL148,0,http://www.openphacts.org/units/MicrogramPerMilliliter,105537,=,1,1,=,MIC,ug.mL-1,0.5,CHEMBL354,Escherichia coli,Escherichia coli,562.0,,MIC,ug ml-1,UO_0000274,0.5,CHEMBL148,C[C@@H](O)[C@H]1C(=O)N2C(C(=O)O)=C(SCCNC=N)C[C@H]12,11.938415027282725,11.938415027282725,0.0525491307634167,-1.1042536428151506,0.2244518620524577,26.1,299.35200000000003,282.216,299.093977024,110,0,0.3529509073866828,-0.476539273562781,0.476539273562781,0.3529509073866828,1.7,2.4,2.95,32.166556857764256,9.833875079461713,2.561482694646401,-2.4403845350686675,2.463138387068772,-2.6135386201861994,8.02677725587747,-0.160639580206206,2.6858592189475927,2.087764500996557,477.3228932913104,14.861442840636297,10.997107078209613,11.813603659137335,9.485269665192932,6.31366315432601,7.299261713979498,4.769957713644343,5.959680418529764,3.5153745522316604,4.632100387425021,2.6650822818980893,3.7423837922770335,-1.5399999999999998,26780.702272126447,14.860537006894264,5.840285926074446,2.4032394981196226,120.08201752987053,20.42975312453822,5.697039313055833,0.0,5.907179729351506,0.0,5.969305287951849,10.203820789863345,4.794537184071822,0.0,11.761884949391115,0.0,6.923737199690624,23.62356814947542,24.402248625579546,19.802129157825057,29.97690532921636,5.409283605791522,10.216698334856808,5.917906046161393,25.490366039512896,12.297610012659364,10.60217582694588,0.0,0.0,5.316788604006331,0.0,0.0,11.761884949391115,57.77140212991274,9.589074368143644,11.327189651952915,13.344558822616634,10.60217582694588,0.0,0.0,0.0,113.72,17.991177721861547,19.802129157825057,0.0,17.6460598715553,23.62356814947542,6.338535362521884,16.66179468024159,6.923737199690624,0.0,5.316788604006331,5.409283605791522,0.0,1.381147959183673,25.241550971475213,28.424071683604065,0.0525491307634167,-1.291253044427648,-0.2298177542621988,0.8081633269061113,2.1135877267573697,0.0,0.5833333333333334,20,4,7,0,2,2,0,0,0,5,4,8,7,0,1,1,2,-0.1760299999999992,74.32800000000002,1,1,1,0,0,0,0,0,1,1,2,1,0,0,0,1,2,0,0,0,0,0,0,0,0,0,0,1,0,0,0,0,0,0,0,0,1,0,0,0,0,0,0,0,0,0,0,0,0,0,0,0,0,1,0,0,0,0,0,0,0,0,0,0,0,0,0,0,0,0,0,0,0,0,0,1,0,0,0,0,0,0,0,0,0,562.0,Escherichia coli,Bacteria
116673,,64666,CHEMBL676363,In vitro synergistic activity against Escherichia coli C600N + (ampR ampC),F,BAO_0002146,BAO_0000218,organism-based format,C[C@@H](O)[C@H]1C(=O)N2C(C(=O)O)=C(SCCNC=N)C[C@H]12,CHEMBL1131794,Bioorg Med Chem Lett,1999.0,CHEMBL148,IMIPENEM,CHEMBL148,0,http://www.openphacts.org/units/MicrogramPerMilliliter,105537,=,1,1,=,MIC,ug.mL-1,0.5,CHEMBL354,Escherichia coli,Escherichia coli,562.0,,MIC,ug ml-1,UO_0000274,0.5,CHEMBL148,C[C@@H](O)[C@H]1C(=O)N2C(C(=O)O)=C(SCCNC=N)C[C@H]12,11.938415027282725,11.938415027282725,0.0525491307634167,-1.1042536428151506,0.2244518620524577,26.1,299.35200000000003,282.216,299.093977024,110,0,0.3529509073866828,-0.476539273562781,0.476539273562781,0.3529509073866828,1.7,2.4,2.95,32.166556857764256,9.833875079461713,2.561482694646401,-2.4403845350686675,2.463138387068772,-2.6135386201861994,8.02677725587747,-0.160639580206206,2.6858592189475927,2.087764500996557,477.3228932913104,14.861442840636297,10.997107078209613,11.813603659137335,9.485269665192932,6.31366315432601,7.299261713979498,4.769957713644343,5.959680418529764,3.5153745522316604,4.632100387425021,2.6650822818980893,3.7423837922770335,-1.5399999999999998,26780.702272126447,14.860537006894264,5.840285926074446,2.4032394981196226,120.08201752987053,20.42975312453822,5.697039313055833,0.0,5.907179729351506,0.0,5.969305287951849,10.203820789863345,4.794537184071822,0.0,11.761884949391115,0.0,6.923737199690624,23.62356814947542,24.402248625579546,19.802129157825057,29.97690532921636,5.409283605791522,10.216698334856808,5.917906046161393,25.490366039512896,12.297610012659364,10.60217582694588,0.0,0.0,5.316788604006331,0.0,0.0,11.761884949391115,57.77140212991274,9.589074368143644,11.327189651952915,13.344558822616634,10.60217582694588,0.0,0.0,0.0,113.72,17.991177721861547,19.802129157825057,0.0,17.6460598715553,23.62356814947542,6.338535362521884,16.66179468024159,6.923737199690624,0.0,5.316788604006331,5.409283605791522,0.0,1.381147959183673,25.241550971475213,28.424071683604065,0.0525491307634167,-1.291253044427648,-0.2298177542621988,0.8081633269061113,2.1135877267573697,0.0,0.5833333333333334,20,4,7,0,2,2,0,0,0,5,4,8,7,0,1,1,2,-0.1760299999999992,74.32800000000002,1,1,1,0,0,0,0,0,1,1,2,1,0,0,0,1,2,0,0,0,0,0,0,0,0,0,0,1,0,0,0,0,0,0,0,0,1,0,0,0,0,0,0,0,0,0,0,0,0,0,0,0,0,1,0,0,0,0,0,0,0,0,0,0,0,0,0,0,0,0,0,0,0,0,0,1,0,0,0,0,0,0,0,0,0,562.0,Escherichia coli,Bacteria
116673,,64666,CHEMBL676363,In vitro synergistic activity against Escherichia coli C600N + (ampR ampC),F,BAO_0002146,BAO_0000218,organism-based format,C[C@@H](O)[C@H]1C(=O)N2C(C(=O)O)=C(SCCNC=N)C[C@H]12,CHEMBL1131794,Bioorg Med Chem Lett,1999.0,CHEMBL148,IMIPENEM,CHEMBL148,0,http://www.openphacts.org/units/MicrogramPerMilliliter,105537,=,1,1,=,MIC,ug.mL-1,0.5,CHEMBL354,Escherichia coli,Escherichia coli,562.0,,MIC,ug ml-1,UO_0000274,0.5,CHEMBL148,C[C@@H](O)[C@H]1C(=O)N2C(C(=O)O)=C(SCCNC=N)C[C@H]12,11.938415027282725,11.938415027282725,0.0525491307634167,-1.1042536428151506,0.2244518620524577,26.1,299.35200000000003,282.216,299.093977024,110,0,0.3529509073866828,-0.476539273562781,0.476539273562781,0.3529509073866828,1.7,2.4,2.95,32.166556857764256,9.833875079461713,2.561482694646401,-2.4403845350686675,2.463138387068772,-2.6135386201861994,8.02677725587747,-0.160639580206206,2.6858592189475927,2.087764500996557,477.3228932913104,14.861442840636297,10.997107078209613,11.813603659137335,9.485269665192932,6.31366315432601,7.299261713979498,4.769957713644343,5.959680418529764,3.5153745522316604,4.632100387425021,2.6650822818980893,3.7423837922770335,-1.5399999999999998,26780.702272126447,14.860537006894264,5.840285926074446,2.4032394981196226,120.08201752987053,20.42975312453822,5.697039313055833,0.0,5.907179729351506,0.0,5.969305287951849,10.203820789863345,4.794537184071822,0.0,11.761884949391115,0.0,6.923737199690624,23.62356814947542,24.402248625579546,19.802129157825057,29.97690532921636,5.409283605791522,10.216698334856808,5.917906046161393,25.490366039512896,12.297610012659364,10.60217582694588,0.0,0.0,5.316788604006331,0.0,0.0,11.761884949391115,57.77140212991274,9.589074368143644,11.327189651952915,13.344558822616634,10.60217582694588,0.0,0.0,0.0,113.72,17.991177721861547,19.802129157825057,0.0,17.6460598715553,23.62356814947542,6.338535362521884,16.66179468024159,6.923737199690624,0.0,5.316788604006331,5.409283605791522,0.0,1.381147959183673,25.241550971475213,28.424071683604065,0.0525491307634167,-1.291253044427648,-0.2298177542621988,0.8081633269061113,2.1135877267573697,0.0,0.5833333333333334,20,4,7,0,2,2,0,0,0,5,4,8,7,0,1,1,2,-0.1760299999999992,74.32800000000002,1,1,1,0,0,0,0,0,1,1,2,1,0,0,0,1,2,0,0,0,0,0,0,0,0,0,0,1,0,0,0,0,0,0,0,0,1,0,0,0,0,0,0,0,0,0,0,0,0,0,0,0,0,1,0,0,0,0,0,0,0,0,0,0,0,0,0,0,0,0,0,0,0,0,0,1,0,0,0,0,0,0,0,0,0,562.0,Escherichia coli,Bacteria
116674,,64667,CHEMBL840934,In vitro synergistic activity against Escherichia coli C600N + (P99),F,BAO_0002146,BAO_0000218,organism-based format,C[C@@H](O)[C@H]1C(=O)N2C(C(=O)O)=C(SCCNC=N)C[C@H]12,CHEMBL1131794,Bioorg Med Chem Lett,1999.0,CHEMBL148,IMIPENEM,CHEMBL148,0,http://www.openphacts.org/units/MicrogramPerMilliliter,105537,=,1,1,=,MIC,ug.mL-1,0.25,CHEMBL354,Escherichia coli,Escherichia coli,562.0,,MIC,ug ml-1,UO_0000274,0.25,CHEMBL148,C[C@@H](O)[C@H]1C(=O)N2C(C(=O)O)=C(SCCNC=N)C[C@H]12,11.938415027282725,11.938415027282725,0.0525491307634167,-1.1042536428151506,0.2244518620524577,26.1,299.35200000000003,282.216,299.093977024,110,0,0.3529509073866828,-0.476539273562781,0.476539273562781,0.3529509073866828,1.7,2.4,2.95,32.166556857764256,9.833875079461713,2.561482694646401,-2.4403845350686675,2.463138387068772,-2.6135386201861994,8.02677725587747,-0.160639580206206,2.6858592189475927,2.087764500996557,477.3228932913104,14.861442840636297,10.997107078209613,11.813603659137335,9.485269665192932,6.31366315432601,7.299261713979498,4.769957713644343,5.959680418529764,3.5153745522316604,4.632100387425021,2.6650822818980893,3.7423837922770335,-1.5399999999999998,26780.702272126447,14.860537006894264,5.840285926074446,2.4032394981196226,120.08201752987053,20.42975312453822,5.697039313055833,0.0,5.907179729351506,0.0,5.969305287951849,10.203820789863345,4.794537184071822,0.0,11.761884949391115,0.0,6.923737199690624,23.62356814947542,24.402248625579546,19.802129157825057,29.97690532921636,5.409283605791522,10.216698334856808,5.917906046161393,25.490366039512896,12.297610012659364,10.60217582694588,0.0,0.0,5.316788604006331,0.0,0.0,11.761884949391115,57.77140212991274,9.589074368143644,11.327189651952915,13.344558822616634,10.60217582694588,0.0,0.0,0.0,113.72,17.991177721861547,19.802129157825057,0.0,17.6460598715553,23.62356814947542,6.338535362521884,16.66179468024159,6.923737199690624,0.0,5.316788604006331,5.409283605791522,0.0,1.381147959183673,25.241550971475213,28.424071683604065,0.0525491307634167,-1.291253044427648,-0.2298177542621988,0.8081633269061113,2.1135877267573697,0.0,0.5833333333333334,20,4,7,0,2,2,0,0,0,5,4,8,7,0,1,1,2,-0.1760299999999992,74.32800000000002,1,1,1,0,0,0,0,0,1,1,2,1,0,0,0,1,2,0,0,0,0,0,0,0,0,0,0,1,0,0,0,0,0,0,0,0,1,0,0,0,0,0,0,0,0,0,0,0,0,0,0,0,0,1,0,0,0,0,0,0,0,0,0,0,0,0,0,0,0,0,0,0,0,0,0,1,0,0,0,0,0,0,0,0,0,562.0,Escherichia coli,Bacteria
116674,,64667,CHEMBL840934,In vitro synergistic activity against Escherichia coli C600N + (P99),F,BAO_0002146,BAO_0000218,organism-based format,C[C@@H](O)[C@H]1C(=O)N2C(C(=O)O)=C(SCCNC=N)C[C@H]12,CHEMBL1131794,Bioorg Med Chem Lett,1999.0,CHEMBL148,IMIPENEM,CHEMBL148,0,http://www.openphacts.org/units/MicrogramPerMilliliter,105537,=,1,1,=,MIC,ug.mL-1,0.25,CHEMBL354,Escherichia coli,Escherichia coli,562.0,,MIC,ug ml-1,UO_0000274,0.25,CHEMBL148,C[C@@H](O)[C@H]1C(=O)N2C(C(=O)O)=C(SCCNC=N)C[C@H]12,11.938415027282725,11.938415027282725,0.0525491307634167,-1.1042536428151506,0.2244518620524577,26.1,299.35200000000003,282.216,299.093977024,110,0,0.3529509073866828,-0.476539273562781,0.476539273562781,0.3529509073866828,1.7,2.4,2.95,32.166556857764256,9.833875079461713,2.561482694646401,-2.4403845350686675,2.463138387068772,-2.6135386201861994,8.02677725587747,-0.160639580206206,2.6858592189475927,2.087764500996557,477.3228932913104,14.861442840636297,10.997107078209613,11.813603659137335,9.485269665192932,6.31366315432601,7.299261713979498,4.769957713644343,5.959680418529764,3.5153745522316604,4.632100387425021,2.6650822818980893,3.7423837922770335,-1.5399999999999998,26780.702272126447,14.860537006894264,5.840285926074446,2.4032394981196226,120.08201752987053,20.42975312453822,5.697039313055833,0.0,5.907179729351506,0.0,5.969305287951849,10.203820789863345,4.794537184071822,0.0,11.761884949391115,0.0,6.923737199690624,23.62356814947542,24.402248625579546,19.802129157825057,29.97690532921636,5.409283605791522,10.216698334856808,5.917906046161393,25.490366039512896,12.297610012659364,10.60217582694588,0.0,0.0,5.316788604006331,0.0,0.0,11.761884949391115,57.77140212991274,9.589074368143644,11.327189651952915,13.344558822616634,10.60217582694588,0.0,0.0,0.0,113.72,17.991177721861547,19.802129157825057,0.0,17.6460598715553,23.62356814947542,6.338535362521884,16.66179468024159,6.923737199690624,0.0,5.316788604006331,5.409283605791522,0.0,1.381147959183673,25.241550971475213,28.424071683604065,0.0525491307634167,-1.291253044427648,-0.2298177542621988,0.8081633269061113,2.1135877267573697,0.0,0.5833333333333334,20,4,7,0,2,2,0,0,0,5,4,8,7,0,1,1,2,-0.1760299999999992,74.32800000000002,1,1,1,0,0,0,0,0,1,1,2,1,0,0,0,1,2,0,0,0,0,0,0,0,0,0,0,1,0,0,0,0,0,0,0,0,1,0,0,0,0,0,0,0,0,0,0,0,0,0,0,0,0,1,0,0,0,0,0,0,0,0,0,0,0,0,0,0,0,0,0,0,0,0,0,1,0,0,0,0,0,0,0,0,0,562.0,Escherichia coli,Bacteria
116674,,64667,CHEMBL840934,In vitro synergistic activity against Escherichia coli C600N + (P99),F,BAO_0002146,BAO_0000218,organism-based format,C[C@@H](O)[C@H]1C(=O)N2C(C(=O)O)=C(SCCNC=N)C[C@H]12,CHEMBL1131794,Bioorg Med Chem Lett,1999.0,CHEMBL148,IMIPENEM,CHEMBL148,0,http://www.openphacts.org/units/MicrogramPerMilliliter,105537,=,1,1,=,MIC,ug.mL-1,0.25,CHEMBL354,Escherichia coli,Escherichia coli,562.0,,MIC,ug ml-1,UO_0000274,0.25,CHEMBL148,C[C@@H](O)[C@H]1C(=O)N2C(C(=O)O)=C(SCCNC=N)C[C@H]12,11.938415027282725,11.938415027282725,0.0525491307634167,-1.1042536428151506,0.2244518620524577,26.1,299.35200000000003,282.216,299.093977024,110,0,0.3529509073866828,-0.476539273562781,0.476539273562781,0.3529509073866828,1.7,2.4,2.95,32.166556857764256,9.833875079461713,2.561482694646401,-2.4403845350686675,2.463138387068772,-2.6135386201861994,8.02677725587747,-0.160639580206206,2.6858592189475927,2.087764500996557,477.3228932913104,14.861442840636297,10.997107078209613,11.813603659137335,9.485269665192932,6.31366315432601,7.299261713979498,4.769957713644343,5.959680418529764,3.5153745522316604,4.632100387425021,2.6650822818980893,3.7423837922770335,-1.5399999999999998,26780.702272126447,14.860537006894264,5.840285926074446,2.4032394981196226,120.08201752987053,20.42975312453822,5.697039313055833,0.0,5.907179729351506,0.0,5.969305287951849,10.203820789863345,4.794537184071822,0.0,11.761884949391115,0.0,6.923737199690624,23.62356814947542,24.402248625579546,19.802129157825057,29.97690532921636,5.409283605791522,10.216698334856808,5.917906046161393,25.490366039512896,12.297610012659364,10.60217582694588,0.0,0.0,5.316788604006331,0.0,0.0,11.761884949391115,57.77140212991274,9.589074368143644,11.327189651952915,13.344558822616634,10.60217582694588,0.0,0.0,0.0,113.72,17.991177721861547,19.802129157825057,0.0,17.6460598715553,23.62356814947542,6.338535362521884,16.66179468024159,6.923737199690624,0.0,5.316788604006331,5.409283605791522,0.0,1.381147959183673,25.241550971475213,28.424071683604065,0.0525491307634167,-1.291253044427648,-0.2298177542621988,0.8081633269061113,2.1135877267573697,0.0,0.5833333333333334,20,4,7,0,2,2,0,0,0,5,4,8,7,0,1,1,2,-0.1760299999999992,74.32800000000002,1,1,1,0,0,0,0,0,1,1,2,1,0,0,0,1,2,0,0,0,0,0,0,0,0,0,0,1,0,0,0,0,0,0,0,0,1,0,0,0,0,0,0,0,0,0,0,0,0,0,0,0,0,1,0,0,0,0,0,0,0,0,0,0,0,0,0,0,0,0,0,0,0,0,0,1,0,0,0,0,0,0,0,0,0,562.0,Escherichia coli,Bacteria
116674,,64667,CHEMBL840934,In vitro synergistic activity against Escherichia coli C600N + (P99),F,BAO_0002146,BAO_0000218,organism-based format,C[C@@H](O)[C@H]1C(=O)N2C(C(=O)O)=C(SCCNC=N)C[C@H]12,CHEMBL1131794,Bioorg Med Chem Lett,1999.0,CHEMBL148,IMIPENEM,CHEMBL148,0,http://www.openphacts.org/units/MicrogramPerMilliliter,105537,=,1,1,=,MIC,ug.mL-1,0.25,CHEMBL354,Escherichia coli,Escherichia coli,562.0,,MIC,ug ml-1,UO_0000274,0.25,CHEMBL148,C[C@@H](O)[C@H]1C(=O)N2C(C(=O)O)=C(SCCNC=N)C[C@H]12,11.938415027282725,11.938415027282725,0.0525491307634167,-1.1042536428151506,0.2244518620524577,26.1,299.35200000000003,282.216,299.093977024,110,0,0.3529509073866828,-0.476539273562781,0.476539273562781,0.3529509073866828,1.7,2.4,2.95,32.166556857764256,9.833875079461713,2.561482694646401,-2.4403845350686675,2.463138387068772,-2.6135386201861994,8.02677725587747,-0.160639580206206,2.6858592189475927,2.087764500996557,477.3228932913104,14.861442840636297,10.997107078209613,11.813603659137335,9.485269665192932,6.31366315432601,7.299261713979498,4.769957713644343,5.959680418529764,3.5153745522316604,4.632100387425021,2.6650822818980893,3.7423837922770335,-1.5399999999999998,26780.702272126447,14.860537006894264,5.840285926074446,2.4032394981196226,120.08201752987053,20.42975312453822,5.697039313055833,0.0,5.907179729351506,0.0,5.969305287951849,10.203820789863345,4.794537184071822,0.0,11.761884949391115,0.0,6.923737199690624,23.62356814947542,24.402248625579546,19.802129157825057,29.97690532921636,5.409283605791522,10.216698334856808,5.917906046161393,25.490366039512896,12.297610012659364,10.60217582694588,0.0,0.0,5.316788604006331,0.0,0.0,11.761884949391115,57.77140212991274,9.589074368143644,11.327189651952915,13.344558822616634,10.60217582694588,0.0,0.0,0.0,113.72,17.991177721861547,19.802129157825057,0.0,17.6460598715553,23.62356814947542,6.338535362521884,16.66179468024159,6.923737199690624,0.0,5.316788604006331,5.409283605791522,0.0,1.381147959183673,25.241550971475213,28.424071683604065,0.0525491307634167,-1.291253044427648,-0.2298177542621988,0.8081633269061113,2.1135877267573697,0.0,0.5833333333333334,20,4,7,0,2,2,0,0,0,5,4,8,7,0,1,1,2,-0.1760299999999992,74.32800000000002,1,1,1,0,0,0,0,0,1,1,2,1,0,0,0,1,2,0,0,0,0,0,0,0,0,0,0,1,0,0,0,0,0,0,0,0,1,0,0,0,0,0,0,0,0,0,0,0,0,0,0,0,0,1,0,0,0,0,0,0,0,0,0,0,0,0,0,0,0,0,0,0,0,0,0,1,0,0,0,0,0,0,0,0,0,562.0,Escherichia coli,Bacteria
116675,,64668,CHEMBL676360,In vitro synergistic activity against Escherichia coli C600N + (Sme-1),F,BAO_0002146,BAO_0000218,organism-based format,C[C@@H](O)[C@H]1C(=O)N2C(C(=O)O)=C(SCCNC=N)C[C@H]12,CHEMBL1131794,Bioorg Med Chem Lett,1999.0,CHEMBL148,IMIPENEM,CHEMBL148,0,http://www.openphacts.org/units/MicrogramPerMilliliter,105537,=,1,1,=,MIC,ug.mL-1,64.0,CHEMBL354,Escherichia coli,Escherichia coli,562.0,,MIC,ug ml-1,UO_0000274,64.0,CHEMBL148,C[C@@H](O)[C@H]1C(=O)N2C(C(=O)O)=C(SCCNC=N)C[C@H]12,11.938415027282725,11.938415027282725,0.0525491307634167,-1.1042536428151506,0.2244518620524577,26.1,299.35200000000003,282.216,299.093977024,110,0,0.3529509073866828,-0.476539273562781,0.476539273562781,0.3529509073866828,1.7,2.4,2.95,32.166556857764256,9.833875079461713,2.561482694646401,-2.4403845350686675,2.463138387068772,-2.6135386201861994,8.02677725587747,-0.160639580206206,2.6858592189475927,2.087764500996557,477.3228932913104,14.861442840636297,10.997107078209613,11.813603659137335,9.485269665192932,6.31366315432601,7.299261713979498,4.769957713644343,5.959680418529764,3.5153745522316604,4.632100387425021,2.6650822818980893,3.7423837922770335,-1.5399999999999998,26780.702272126447,14.860537006894264,5.840285926074446,2.4032394981196226,120.08201752987053,20.42975312453822,5.697039313055833,0.0,5.907179729351506,0.0,5.969305287951849,10.203820789863345,4.794537184071822,0.0,11.761884949391115,0.0,6.923737199690624,23.62356814947542,24.402248625579546,19.802129157825057,29.97690532921636,5.409283605791522,10.216698334856808,5.917906046161393,25.490366039512896,12.297610012659364,10.60217582694588,0.0,0.0,5.316788604006331,0.0,0.0,11.761884949391115,57.77140212991274,9.589074368143644,11.327189651952915,13.344558822616634,10.60217582694588,0.0,0.0,0.0,113.72,17.991177721861547,19.802129157825057,0.0,17.6460598715553,23.62356814947542,6.338535362521884,16.66179468024159,6.923737199690624,0.0,5.316788604006331,5.409283605791522,0.0,1.381147959183673,25.241550971475213,28.424071683604065,0.0525491307634167,-1.291253044427648,-0.2298177542621988,0.8081633269061113,2.1135877267573697,0.0,0.5833333333333334,20,4,7,0,2,2,0,0,0,5,4,8,7,0,1,1,2,-0.1760299999999992,74.32800000000002,1,1,1,0,0,0,0,0,1,1,2,1,0,0,0,1,2,0,0,0,0,0,0,0,0,0,0,1,0,0,0,0,0,0,0,0,1,0,0,0,0,0,0,0,0,0,0,0,0,0,0,0,0,1,0,0,0,0,0,0,0,0,0,0,0,0,0,0,0,0,0,0,0,0,0,1,0,0,0,0,0,0,0,0,0,562.0,Escherichia coli,Bacteria
116675,,64668,CHEMBL676360,In vitro synergistic activity against Escherichia coli C600N + (Sme-1),F,BAO_0002146,BAO_0000218,organism-based format,C[C@@H](O)[C@H]1C(=O)N2C(C(=O)O)=C(SCCNC=N)C[C@H]12,CHEMBL1131794,Bioorg Med Chem Lett,1999.0,CHEMBL148,IMIPENEM,CHEMBL148,0,http://www.openphacts.org/units/MicrogramPerMilliliter,105537,=,1,1,=,MIC,ug.mL-1,64.0,CHEMBL354,Escherichia coli,Escherichia coli,562.0,,MIC,ug ml-1,UO_0000274,64.0,CHEMBL148,C[C@@H](O)[C@H]1C(=O)N2C(C(=O)O)=C(SCCNC=N)C[C@H]12,11.938415027282725,11.938415027282725,0.0525491307634167,-1.1042536428151506,0.2244518620524577,26.1,299.35200000000003,282.216,299.093977024,110,0,0.3529509073866828,-0.476539273562781,0.476539273562781,0.3529509073866828,1.7,2.4,2.95,32.166556857764256,9.833875079461713,2.561482694646401,-2.4403845350686675,2.463138387068772,-2.6135386201861994,8.02677725587747,-0.160639580206206,2.6858592189475927,2.087764500996557,477.3228932913104,14.861442840636297,10.997107078209613,11.813603659137335,9.485269665192932,6.31366315432601,7.299261713979498,4.769957713644343,5.959680418529764,3.5153745522316604,4.632100387425021,2.6650822818980893,3.7423837922770335,-1.5399999999999998,26780.702272126447,14.860537006894264,5.840285926074446,2.4032394981196226,120.08201752987053,20.42975312453822,5.697039313055833,0.0,5.907179729351506,0.0,5.969305287951849,10.203820789863345,4.794537184071822,0.0,11.761884949391115,0.0,6.923737199690624,23.62356814947542,24.402248625579546,19.802129157825057,29.97690532921636,5.409283605791522,10.216698334856808,5.917906046161393,25.490366039512896,12.297610012659364,10.60217582694588,0.0,0.0,5.316788604006331,0.0,0.0,11.761884949391115,57.77140212991274,9.589074368143644,11.327189651952915,13.344558822616634,10.60217582694588,0.0,0.0,0.0,113.72,17.991177721861547,19.802129157825057,0.0,17.6460598715553,23.62356814947542,6.338535362521884,16.66179468024159,6.923737199690624,0.0,5.316788604006331,5.409283605791522,0.0,1.381147959183673,25.241550971475213,28.424071683604065,0.0525491307634167,-1.291253044427648,-0.2298177542621988,0.8081633269061113,2.1135877267573697,0.0,0.5833333333333334,20,4,7,0,2,2,0,0,0,5,4,8,7,0,1,1,2,-0.1760299999999992,74.32800000000002,1,1,1,0,0,0,0,0,1,1,2,1,0,0,0,1,2,0,0,0,0,0,0,0,0,0,0,1,0,0,0,0,0,0,0,0,1,0,0,0,0,0,0,0,0,0,0,0,0,0,0,0,0,1,0,0,0,0,0,0,0,0,0,0,0,0,0,0,0,0,0,0,0,0,0,1,0,0,0,0,0,0,0,0,0,562.0,Escherichia coli,Bacteria
116675,,64668,CHEMBL676360,In vitro synergistic activity against Escherichia coli C600N + (Sme-1),F,BAO_0002146,BAO_0000218,organism-based format,C[C@@H](O)[C@H]1C(=O)N2C(C(=O)O)=C(SCCNC=N)C[C@H]12,CHEMBL1131794,Bioorg Med Chem Lett,1999.0,CHEMBL148,IMIPENEM,CHEMBL148,0,http://www.openphacts.org/units/MicrogramPerMilliliter,105537,=,1,1,=,MIC,ug.mL-1,64.0,CHEMBL354,Escherichia coli,Escherichia coli,562.0,,MIC,ug ml-1,UO_0000274,64.0,CHEMBL148,C[C@@H](O)[C@H]1C(=O)N2C(C(=O)O)=C(SCCNC=N)C[C@H]12,11.938415027282725,11.938415027282725,0.0525491307634167,-1.1042536428151506,0.2244518620524577,26.1,299.35200000000003,282.216,299.093977024,110,0,0.3529509073866828,-0.476539273562781,0.476539273562781,0.3529509073866828,1.7,2.4,2.95,32.166556857764256,9.833875079461713,2.561482694646401,-2.4403845350686675,2.463138387068772,-2.6135386201861994,8.02677725587747,-0.160639580206206,2.6858592189475927,2.087764500996557,477.3228932913104,14.861442840636297,10.997107078209613,11.813603659137335,9.485269665192932,6.31366315432601,7.299261713979498,4.769957713644343,5.959680418529764,3.5153745522316604,4.632100387425021,2.6650822818980893,3.7423837922770335,-1.5399999999999998,26780.702272126447,14.860537006894264,5.840285926074446,2.4032394981196226,120.08201752987053,20.42975312453822,5.697039313055833,0.0,5.907179729351506,0.0,5.969305287951849,10.203820789863345,4.794537184071822,0.0,11.761884949391115,0.0,6.923737199690624,23.62356814947542,24.402248625579546,19.802129157825057,29.97690532921636,5.409283605791522,10.216698334856808,5.917906046161393,25.490366039512896,12.297610012659364,10.60217582694588,0.0,0.0,5.316788604006331,0.0,0.0,11.761884949391115,57.77140212991274,9.589074368143644,11.327189651952915,13.344558822616634,10.60217582694588,0.0,0.0,0.0,113.72,17.991177721861547,19.802129157825057,0.0,17.6460598715553,23.62356814947542,6.338535362521884,16.66179468024159,6.923737199690624,0.0,5.316788604006331,5.409283605791522,0.0,1.381147959183673,25.241550971475213,28.424071683604065,0.0525491307634167,-1.291253044427648,-0.2298177542621988,0.8081633269061113,2.1135877267573697,0.0,0.5833333333333334,20,4,7,0,2,2,0,0,0,5,4,8,7,0,1,1,2,-0.1760299999999992,74.32800000000002,1,1,1,0,0,0,0,0,1,1,2,1,0,0,0,1,2,0,0,0,0,0,0,0,0,0,0,1,0,0,0,0,0,0,0,0,1,0,0,0,0,0,0,0,0,0,0,0,0,0,0,0,0,1,0,0,0,0,0,0,0,0,0,0,0,0,0,0,0,0,0,0,0,0,0,1,0,0,0,0,0,0,0,0,0,562.0,Escherichia coli,Bacteria
116675,,64668,CHEMBL676360,In vitro synergistic activity against Escherichia coli C600N + (Sme-1),F,BAO_0002146,BAO_0000218,organism-based format,C[C@@H](O)[C@H]1C(=O)N2C(C(=O)O)=C(SCCNC=N)C[C@H]12,CHEMBL1131794,Bioorg Med Chem Lett,1999.0,CHEMBL148,IMIPENEM,CHEMBL148,0,http://www.openphacts.org/units/MicrogramPerMilliliter,105537,=,1,1,=,MIC,ug.mL-1,64.0,CHEMBL354,Escherichia coli,Escherichia coli,562.0,,MIC,ug ml-1,UO_0000274,64.0,CHEMBL148,C[C@@H](O)[C@H]1C(=O)N2C(C(=O)O)=C(SCCNC=N)C[C@H]12,11.938415027282725,11.938415027282725,0.0525491307634167,-1.1042536428151506,0.2244518620524577,26.1,299.35200000000003,282.216,299.093977024,110,0,0.3529509073866828,-0.476539273562781,0.476539273562781,0.3529509073866828,1.7,2.4,2.95,32.166556857764256,9.833875079461713,2.561482694646401,-2.4403845350686675,2.463138387068772,-2.6135386201861994,8.02677725587747,-0.160639580206206,2.6858592189475927,2.087764500996557,477.3228932913104,14.861442840636297,10.997107078209613,11.813603659137335,9.485269665192932,6.31366315432601,7.299261713979498,4.769957713644343,5.959680418529764,3.5153745522316604,4.632100387425021,2.6650822818980893,3.7423837922770335,-1.5399999999999998,26780.702272126447,14.860537006894264,5.840285926074446,2.4032394981196226,120.08201752987053,20.42975312453822,5.697039313055833,0.0,5.907179729351506,0.0,5.969305287951849,10.203820789863345,4.794537184071822,0.0,11.761884949391115,0.0,6.923737199690624,23.62356814947542,24.402248625579546,19.802129157825057,29.97690532921636,5.409283605791522,10.216698334856808,5.917906046161393,25.490366039512896,12.297610012659364,10.60217582694588,0.0,0.0,5.316788604006331,0.0,0.0,11.761884949391115,57.77140212991274,9.589074368143644,11.327189651952915,13.344558822616634,10.60217582694588,0.0,0.0,0.0,113.72,17.991177721861547,19.802129157825057,0.0,17.6460598715553,23.62356814947542,6.338535362521884,16.66179468024159,6.923737199690624,0.0,5.316788604006331,5.409283605791522,0.0,1.381147959183673,25.241550971475213,28.424071683604065,0.0525491307634167,-1.291253044427648,-0.2298177542621988,0.8081633269061113,2.1135877267573697,0.0,0.5833333333333334,20,4,7,0,2,2,0,0,0,5,4,8,7,0,1,1,2,-0.1760299999999992,74.32800000000002,1,1,1,0,0,0,0,0,1,1,2,1,0,0,0,1,2,0,0,0,0,0,0,0,0,0,0,1,0,0,0,0,0,0,0,0,1,0,0,0,0,0,0,0,0,0,0,0,0,0,0,0,0,1,0,0,0,0,0,0,0,0,0,0,0,0,0,0,0,0,0,0,0,0,0,1,0,0,0,0,0,0,0,0,0,562.0,Escherichia coli,Bacteria
116676,,64669,CHEMBL676353,In vitro synergistic activity against Escherichia coli C600N + (Imi-1),F,BAO_0002146,BAO_0000218,organism-based format,C[C@@H](O)[C@H]1C(=O)N2C(C(=O)O)=C(SCCNC=N)C[C@H]12,CHEMBL1131794,Bioorg Med Chem Lett,1999.0,CHEMBL148,IMIPENEM,CHEMBL148,0,http://www.openphacts.org/units/MicrogramPerMilliliter,105537,=,1,1,=,MIC,ug.mL-1,4.0,CHEMBL354,Escherichia coli,Escherichia coli,562.0,,MIC,ug ml-1,UO_0000274,4.0,CHEMBL148,C[C@@H](O)[C@H]1C(=O)N2C(C(=O)O)=C(SCCNC=N)C[C@H]12,11.938415027282725,11.938415027282725,0.0525491307634167,-1.1042536428151506,0.2244518620524577,26.1,299.35200000000003,282.216,299.093977024,110,0,0.3529509073866828,-0.476539273562781,0.476539273562781,0.3529509073866828,1.7,2.4,2.95,32.166556857764256,9.833875079461713,2.561482694646401,-2.4403845350686675,2.463138387068772,-2.6135386201861994,8.02677725587747,-0.160639580206206,2.6858592189475927,2.087764500996557,477.3228932913104,14.861442840636297,10.997107078209613,11.813603659137335,9.485269665192932,6.31366315432601,7.299261713979498,4.769957713644343,5.959680418529764,3.5153745522316604,4.632100387425021,2.6650822818980893,3.7423837922770335,-1.5399999999999998,26780.702272126447,14.860537006894264,5.840285926074446,2.4032394981196226,120.08201752987053,20.42975312453822,5.697039313055833,0.0,5.907179729351506,0.0,5.969305287951849,10.203820789863345,4.794537184071822,0.0,11.761884949391115,0.0,6.923737199690624,23.62356814947542,24.402248625579546,19.802129157825057,29.97690532921636,5.409283605791522,10.216698334856808,5.917906046161393,25.490366039512896,12.297610012659364,10.60217582694588,0.0,0.0,5.316788604006331,0.0,0.0,11.761884949391115,57.77140212991274,9.589074368143644,11.327189651952915,13.344558822616634,10.60217582694588,0.0,0.0,0.0,113.72,17.991177721861547,19.802129157825057,0.0,17.6460598715553,23.62356814947542,6.338535362521884,16.66179468024159,6.923737199690624,0.0,5.316788604006331,5.409283605791522,0.0,1.381147959183673,25.241550971475213,28.424071683604065,0.0525491307634167,-1.291253044427648,-0.2298177542621988,0.8081633269061113,2.1135877267573697,0.0,0.5833333333333334,20,4,7,0,2,2,0,0,0,5,4,8,7,0,1,1,2,-0.1760299999999992,74.32800000000002,1,1,1,0,0,0,0,0,1,1,2,1,0,0,0,1,2,0,0,0,0,0,0,0,0,0,0,1,0,0,0,0,0,0,0,0,1,0,0,0,0,0,0,0,0,0,0,0,0,0,0,0,0,1,0,0,0,0,0,0,0,0,0,0,0,0,0,0,0,0,0,0,0,0,0,1,0,0,0,0,0,0,0,0,0,562.0,Escherichia coli,Bacteria
116676,,64669,CHEMBL676353,In vitro synergistic activity against Escherichia coli C600N + (Imi-1),F,BAO_0002146,BAO_0000218,organism-based format,C[C@@H](O)[C@H]1C(=O)N2C(C(=O)O)=C(SCCNC=N)C[C@H]12,CHEMBL1131794,Bioorg Med Chem Lett,1999.0,CHEMBL148,IMIPENEM,CHEMBL148,0,http://www.openphacts.org/units/MicrogramPerMilliliter,105537,=,1,1,=,MIC,ug.mL-1,4.0,CHEMBL354,Escherichia coli,Escherichia coli,562.0,,MIC,ug ml-1,UO_0000274,4.0,CHEMBL148,C[C@@H](O)[C@H]1C(=O)N2C(C(=O)O)=C(SCCNC=N)C[C@H]12,11.938415027282725,11.938415027282725,0.0525491307634167,-1.1042536428151506,0.2244518620524577,26.1,299.35200000000003,282.216,299.093977024,110,0,0.3529509073866828,-0.476539273562781,0.476539273562781,0.3529509073866828,1.7,2.4,2.95,32.166556857764256,9.833875079461713,2.561482694646401,-2.4403845350686675,2.463138387068772,-2.6135386201861994,8.02677725587747,-0.160639580206206,2.6858592189475927,2.087764500996557,477.3228932913104,14.861442840636297,10.997107078209613,11.813603659137335,9.485269665192932,6.31366315432601,7.299261713979498,4.769957713644343,5.959680418529764,3.5153745522316604,4.632100387425021,2.6650822818980893,3.7423837922770335,-1.5399999999999998,26780.702272126447,14.860537006894264,5.840285926074446,2.4032394981196226,120.08201752987053,20.42975312453822,5.697039313055833,0.0,5.907179729351506,0.0,5.969305287951849,10.203820789863345,4.794537184071822,0.0,11.761884949391115,0.0,6.923737199690624,23.62356814947542,24.402248625579546,19.802129157825057,29.97690532921636,5.409283605791522,10.216698334856808,5.917906046161393,25.490366039512896,12.297610012659364,10.60217582694588,0.0,0.0,5.316788604006331,0.0,0.0,11.761884949391115,57.77140212991274,9.589074368143644,11.327189651952915,13.344558822616634,10.60217582694588,0.0,0.0,0.0,113.72,17.991177721861547,19.802129157825057,0.0,17.6460598715553,23.62356814947542,6.338535362521884,16.66179468024159,6.923737199690624,0.0,5.316788604006331,5.409283605791522,0.0,1.381147959183673,25.241550971475213,28.424071683604065,0.0525491307634167,-1.291253044427648,-0.2298177542621988,0.8081633269061113,2.1135877267573697,0.0,0.5833333333333334,20,4,7,0,2,2,0,0,0,5,4,8,7,0,1,1,2,-0.1760299999999992,74.32800000000002,1,1,1,0,0,0,0,0,1,1,2,1,0,0,0,1,2,0,0,0,0,0,0,0,0,0,0,1,0,0,0,0,0,0,0,0,1,0,0,0,0,0,0,0,0,0,0,0,0,0,0,0,0,1,0,0,0,0,0,0,0,0,0,0,0,0,0,0,0,0,0,0,0,0,0,1,0,0,0,0,0,0,0,0,0,562.0,Escherichia coli,Bacteria
116676,,64669,CHEMBL676353,In vitro synergistic activity against Escherichia coli C600N + (Imi-1),F,BAO_0002146,BAO_0000218,organism-based format,C[C@@H](O)[C@H]1C(=O)N2C(C(=O)O)=C(SCCNC=N)C[C@H]12,CHEMBL1131794,Bioorg Med Chem Lett,1999.0,CHEMBL148,IMIPENEM,CHEMBL148,0,http://www.openphacts.org/units/MicrogramPerMilliliter,105537,=,1,1,=,MIC,ug.mL-1,4.0,CHEMBL354,Escherichia coli,Escherichia coli,562.0,,MIC,ug ml-1,UO_0000274,4.0,CHEMBL148,C[C@@H](O)[C@H]1C(=O)N2C(C(=O)O)=C(SCCNC=N)C[C@H]12,11.938415027282725,11.938415027282725,0.0525491307634167,-1.1042536428151506,0.2244518620524577,26.1,299.35200000000003,282.216,299.093977024,110,0,0.3529509073866828,-0.476539273562781,0.476539273562781,0.3529509073866828,1.7,2.4,2.95,32.166556857764256,9.833875079461713,2.561482694646401,-2.4403845350686675,2.463138387068772,-2.6135386201861994,8.02677725587747,-0.160639580206206,2.6858592189475927,2.087764500996557,477.3228932913104,14.861442840636297,10.997107078209613,11.813603659137335,9.485269665192932,6.31366315432601,7.299261713979498,4.769957713644343,5.959680418529764,3.5153745522316604,4.632100387425021,2.6650822818980893,3.7423837922770335,-1.5399999999999998,26780.702272126447,14.860537006894264,5.840285926074446,2.4032394981196226,120.08201752987053,20.42975312453822,5.697039313055833,0.0,5.907179729351506,0.0,5.969305287951849,10.203820789863345,4.794537184071822,0.0,11.761884949391115,0.0,6.923737199690624,23.62356814947542,24.402248625579546,19.802129157825057,29.97690532921636,5.409283605791522,10.216698334856808,5.917906046161393,25.490366039512896,12.297610012659364,10.60217582694588,0.0,0.0,5.316788604006331,0.0,0.0,11.761884949391115,57.77140212991274,9.589074368143644,11.327189651952915,13.344558822616634,10.60217582694588,0.0,0.0,0.0,113.72,17.991177721861547,19.802129157825057,0.0,17.6460598715553,23.62356814947542,6.338535362521884,16.66179468024159,6.923737199690624,0.0,5.316788604006331,5.409283605791522,0.0,1.381147959183673,25.241550971475213,28.424071683604065,0.0525491307634167,-1.291253044427648,-0.2298177542621988,0.8081633269061113,2.1135877267573697,0.0,0.5833333333333334,20,4,7,0,2,2,0,0,0,5,4,8,7,0,1,1,2,-0.1760299999999992,74.32800000000002,1,1,1,0,0,0,0,0,1,1,2,1,0,0,0,1,2,0,0,0,0,0,0,0,0,0,0,1,0,0,0,0,0,0,0,0,1,0,0,0,0,0,0,0,0,0,0,0,0,0,0,0,0,1,0,0,0,0,0,0,0,0,0,0,0,0,0,0,0,0,0,0,0,0,0,1,0,0,0,0,0,0,0,0,0,562.0,Escherichia coli,Bacteria
116676,,64669,CHEMBL676353,In vitro synergistic activity against Escherichia coli C600N + (Imi-1),F,BAO_0002146,BAO_0000218,organism-based format,C[C@@H](O)[C@H]1C(=O)N2C(C(=O)O)=C(SCCNC=N)C[C@H]12,CHEMBL1131794,Bioorg Med Chem Lett,1999.0,CHEMBL148,IMIPENEM,CHEMBL148,0,http://www.openphacts.org/units/MicrogramPerMilliliter,105537,=,1,1,=,MIC,ug.mL-1,4.0,CHEMBL354,Escherichia coli,Escherichia coli,562.0,,MIC,ug ml-1,UO_0000274,4.0,CHEMBL148,C[C@@H](O)[C@H]1C(=O)N2C(C(=O)O)=C(SCCNC=N)C[C@H]12,11.938415027282725,11.938415027282725,0.0525491307634167,-1.1042536428151506,0.2244518620524577,26.1,299.35200000000003,282.216,299.093977024,110,0,0.3529509073866828,-0.476539273562781,0.476539273562781,0.3529509073866828,1.7,2.4,2.95,32.166556857764256,9.833875079461713,2.561482694646401,-2.4403845350686675,2.463138387068772,-2.6135386201861994,8.02677725587747,-0.160639580206206,2.6858592189475927,2.087764500996557,477.3228932913104,14.861442840636297,10.997107078209613,11.813603659137335,9.485269665192932,6.31366315432601,7.299261713979498,4.769957713644343,5.959680418529764,3.5153745522316604,4.632100387425021,2.6650822818980893,3.7423837922770335,-1.5399999999999998,26780.702272126447,14.860537006894264,5.840285926074446,2.4032394981196226,120.08201752987053,20.42975312453822,5.697039313055833,0.0,5.907179729351506,0.0,5.969305287951849,10.203820789863345,4.794537184071822,0.0,11.761884949391115,0.0,6.923737199690624,23.62356814947542,24.402248625579546,19.802129157825057,29.97690532921636,5.409283605791522,10.216698334856808,5.917906046161393,25.490366039512896,12.297610012659364,10.60217582694588,0.0,0.0,5.316788604006331,0.0,0.0,11.761884949391115,57.77140212991274,9.589074368143644,11.327189651952915,13.344558822616634,10.60217582694588,0.0,0.0,0.0,113.72,17.991177721861547,19.802129157825057,0.0,17.6460598715553,23.62356814947542,6.338535362521884,16.66179468024159,6.923737199690624,0.0,5.316788604006331,5.409283605791522,0.0,1.381147959183673,25.241550971475213,28.424071683604065,0.0525491307634167,-1.291253044427648,-0.2298177542621988,0.8081633269061113,2.1135877267573697,0.0,0.5833333333333334,20,4,7,0,2,2,0,0,0,5,4,8,7,0,1,1,2,-0.1760299999999992,74.32800000000002,1,1,1,0,0,0,0,0,1,1,2,1,0,0,0,1,2,0,0,0,0,0,0,0,0,0,0,1,0,0,0,0,0,0,0,0,1,0,0,0,0,0,0,0,0,0,0,0,0,0,0,0,0,1,0,0,0,0,0,0,0,0,0,0,0,0,0,0,0,0,0,0,0,0,0,1,0,0,0,0,0,0,0,0,0,562.0,Escherichia coli,Bacteria
116677,,64670,CHEMBL676354,In vitro synergistic activity against Escherichia coli C600N + (L1),F,BAO_0002146,BAO_0000218,organism-based format,C[C@@H](O)[C@H]1C(=O)N2C(C(=O)O)=C(SCCNC=N)C[C@H]12,CHEMBL1131794,Bioorg Med Chem Lett,1999.0,CHEMBL148,IMIPENEM,CHEMBL148,0,http://www.openphacts.org/units/MicrogramPerMilliliter,105537,=,1,1,=,MIC,ug.mL-1,2.0,CHEMBL354,Escherichia coli,Escherichia coli,562.0,,MIC,ug ml-1,UO_0000274,2.0,CHEMBL148,C[C@@H](O)[C@H]1C(=O)N2C(C(=O)O)=C(SCCNC=N)C[C@H]12,11.938415027282725,11.938415027282725,0.0525491307634167,-1.1042536428151506,0.2244518620524577,26.1,299.35200000000003,282.216,299.093977024,110,0,0.3529509073866828,-0.476539273562781,0.476539273562781,0.3529509073866828,1.7,2.4,2.95,32.166556857764256,9.833875079461713,2.561482694646401,-2.4403845350686675,2.463138387068772,-2.6135386201861994,8.02677725587747,-0.160639580206206,2.6858592189475927,2.087764500996557,477.3228932913104,14.861442840636297,10.997107078209613,11.813603659137335,9.485269665192932,6.31366315432601,7.299261713979498,4.769957713644343,5.959680418529764,3.5153745522316604,4.632100387425021,2.6650822818980893,3.7423837922770335,-1.5399999999999998,26780.702272126447,14.860537006894264,5.840285926074446,2.4032394981196226,120.08201752987053,20.42975312453822,5.697039313055833,0.0,5.907179729351506,0.0,5.969305287951849,10.203820789863345,4.794537184071822,0.0,11.761884949391115,0.0,6.923737199690624,23.62356814947542,24.402248625579546,19.802129157825057,29.97690532921636,5.409283605791522,10.216698334856808,5.917906046161393,25.490366039512896,12.297610012659364,10.60217582694588,0.0,0.0,5.316788604006331,0.0,0.0,11.761884949391115,57.77140212991274,9.589074368143644,11.327189651952915,13.344558822616634,10.60217582694588,0.0,0.0,0.0,113.72,17.991177721861547,19.802129157825057,0.0,17.6460598715553,23.62356814947542,6.338535362521884,16.66179468024159,6.923737199690624,0.0,5.316788604006331,5.409283605791522,0.0,1.381147959183673,25.241550971475213,28.424071683604065,0.0525491307634167,-1.291253044427648,-0.2298177542621988,0.8081633269061113,2.1135877267573697,0.0,0.5833333333333334,20,4,7,0,2,2,0,0,0,5,4,8,7,0,1,1,2,-0.1760299999999992,74.32800000000002,1,1,1,0,0,0,0,0,1,1,2,1,0,0,0,1,2,0,0,0,0,0,0,0,0,0,0,1,0,0,0,0,0,0,0,0,1,0,0,0,0,0,0,0,0,0,0,0,0,0,0,0,0,1,0,0,0,0,0,0,0,0,0,0,0,0,0,0,0,0,0,0,0,0,0,1,0,0,0,0,0,0,0,0,0,562.0,Escherichia coli,Bacteria
116677,,64670,CHEMBL676354,In vitro synergistic activity against Escherichia coli C600N + (L1),F,BAO_0002146,BAO_0000218,organism-based format,C[C@@H](O)[C@H]1C(=O)N2C(C(=O)O)=C(SCCNC=N)C[C@H]12,CHEMBL1131794,Bioorg Med Chem Lett,1999.0,CHEMBL148,IMIPENEM,CHEMBL148,0,http://www.openphacts.org/units/MicrogramPerMilliliter,105537,=,1,1,=,MIC,ug.mL-1,2.0,CHEMBL354,Escherichia coli,Escherichia coli,562.0,,MIC,ug ml-1,UO_0000274,2.0,CHEMBL148,C[C@@H](O)[C@H]1C(=O)N2C(C(=O)O)=C(SCCNC=N)C[C@H]12,11.938415027282725,11.938415027282725,0.0525491307634167,-1.1042536428151506,0.2244518620524577,26.1,299.35200000000003,282.216,299.093977024,110,0,0.3529509073866828,-0.476539273562781,0.476539273562781,0.3529509073866828,1.7,2.4,2.95,32.166556857764256,9.833875079461713,2.561482694646401,-2.4403845350686675,2.463138387068772,-2.6135386201861994,8.02677725587747,-0.160639580206206,2.6858592189475927,2.087764500996557,477.3228932913104,14.861442840636297,10.997107078209613,11.813603659137335,9.485269665192932,6.31366315432601,7.299261713979498,4.769957713644343,5.959680418529764,3.5153745522316604,4.632100387425021,2.6650822818980893,3.7423837922770335,-1.5399999999999998,26780.702272126447,14.860537006894264,5.840285926074446,2.4032394981196226,120.08201752987053,20.42975312453822,5.697039313055833,0.0,5.907179729351506,0.0,5.969305287951849,10.203820789863345,4.794537184071822,0.0,11.761884949391115,0.0,6.923737199690624,23.62356814947542,24.402248625579546,19.802129157825057,29.97690532921636,5.409283605791522,10.216698334856808,5.917906046161393,25.490366039512896,12.297610012659364,10.60217582694588,0.0,0.0,5.316788604006331,0.0,0.0,11.761884949391115,57.77140212991274,9.589074368143644,11.327189651952915,13.344558822616634,10.60217582694588,0.0,0.0,0.0,113.72,17.991177721861547,19.802129157825057,0.0,17.6460598715553,23.62356814947542,6.338535362521884,16.66179468024159,6.923737199690624,0.0,5.316788604006331,5.409283605791522,0.0,1.381147959183673,25.241550971475213,28.424071683604065,0.0525491307634167,-1.291253044427648,-0.2298177542621988,0.8081633269061113,2.1135877267573697,0.0,0.5833333333333334,20,4,7,0,2,2,0,0,0,5,4,8,7,0,1,1,2,-0.1760299999999992,74.32800000000002,1,1,1,0,0,0,0,0,1,1,2,1,0,0,0,1,2,0,0,0,0,0,0,0,0,0,0,1,0,0,0,0,0,0,0,0,1,0,0,0,0,0,0,0,0,0,0,0,0,0,0,0,0,1,0,0,0,0,0,0,0,0,0,0,0,0,0,0,0,0,0,0,0,0,0,1,0,0,0,0,0,0,0,0,0,562.0,Escherichia coli,Bacteria
116677,,64670,CHEMBL676354,In vitro synergistic activity against Escherichia coli C600N + (L1),F,BAO_0002146,BAO_0000218,organism-based format,C[C@@H](O)[C@H]1C(=O)N2C(C(=O)O)=C(SCCNC=N)C[C@H]12,CHEMBL1131794,Bioorg Med Chem Lett,1999.0,CHEMBL148,IMIPENEM,CHEMBL148,0,http://www.openphacts.org/units/MicrogramPerMilliliter,105537,=,1,1,=,MIC,ug.mL-1,2.0,CHEMBL354,Escherichia coli,Escherichia coli,562.0,,MIC,ug ml-1,UO_0000274,2.0,CHEMBL148,C[C@@H](O)[C@H]1C(=O)N2C(C(=O)O)=C(SCCNC=N)C[C@H]12,11.938415027282725,11.938415027282725,0.0525491307634167,-1.1042536428151506,0.2244518620524577,26.1,299.35200000000003,282.216,299.093977024,110,0,0.3529509073866828,-0.476539273562781,0.476539273562781,0.3529509073866828,1.7,2.4,2.95,32.166556857764256,9.833875079461713,2.561482694646401,-2.4403845350686675,2.463138387068772,-2.6135386201861994,8.02677725587747,-0.160639580206206,2.6858592189475927,2.087764500996557,477.3228932913104,14.861442840636297,10.997107078209613,11.813603659137335,9.485269665192932,6.31366315432601,7.299261713979498,4.769957713644343,5.959680418529764,3.5153745522316604,4.632100387425021,2.6650822818980893,3.7423837922770335,-1.5399999999999998,26780.702272126447,14.860537006894264,5.840285926074446,2.4032394981196226,120.08201752987053,20.42975312453822,5.697039313055833,0.0,5.907179729351506,0.0,5.969305287951849,10.203820789863345,4.794537184071822,0.0,11.761884949391115,0.0,6.923737199690624,23.62356814947542,24.402248625579546,19.802129157825057,29.97690532921636,5.409283605791522,10.216698334856808,5.917906046161393,25.490366039512896,12.297610012659364,10.60217582694588,0.0,0.0,5.316788604006331,0.0,0.0,11.761884949391115,57.77140212991274,9.589074368143644,11.327189651952915,13.344558822616634,10.60217582694588,0.0,0.0,0.0,113.72,17.991177721861547,19.802129157825057,0.0,17.6460598715553,23.62356814947542,6.338535362521884,16.66179468024159,6.923737199690624,0.0,5.316788604006331,5.409283605791522,0.0,1.381147959183673,25.241550971475213,28.424071683604065,0.0525491307634167,-1.291253044427648,-0.2298177542621988,0.8081633269061113,2.1135877267573697,0.0,0.5833333333333334,20,4,7,0,2,2,0,0,0,5,4,8,7,0,1,1,2,-0.1760299999999992,74.32800000000002,1,1,1,0,0,0,0,0,1,1,2,1,0,0,0,1,2,0,0,0,0,0,0,0,0,0,0,1,0,0,0,0,0,0,0,0,1,0,0,0,0,0,0,0,0,0,0,0,0,0,0,0,0,1,0,0,0,0,0,0,0,0,0,0,0,0,0,0,0,0,0,0,0,0,0,1,0,0,0,0,0,0,0,0,0,562.0,Escherichia coli,Bacteria
116677,,64670,CHEMBL676354,In vitro synergistic activity against Escherichia coli C600N + (L1),F,BAO_0002146,BAO_0000218,organism-based format,C[C@@H](O)[C@H]1C(=O)N2C(C(=O)O)=C(SCCNC=N)C[C@H]12,CHEMBL1131794,Bioorg Med Chem Lett,1999.0,CHEMBL148,IMIPENEM,CHEMBL148,0,http://www.openphacts.org/units/MicrogramPerMilliliter,105537,=,1,1,=,MIC,ug.mL-1,2.0,CHEMBL354,Escherichia coli,Escherichia coli,562.0,,MIC,ug ml-1,UO_0000274,2.0,CHEMBL148,C[C@@H](O)[C@H]1C(=O)N2C(C(=O)O)=C(SCCNC=N)C[C@H]12,11.938415027282725,11.938415027282725,0.0525491307634167,-1.1042536428151506,0.2244518620524577,26.1,299.35200000000003,282.216,299.093977024,110,0,0.3529509073866828,-0.476539273562781,0.476539273562781,0.3529509073866828,1.7,2.4,2.95,32.166556857764256,9.833875079461713,2.561482694646401,-2.4403845350686675,2.463138387068772,-2.6135386201861994,8.02677725587747,-0.160639580206206,2.6858592189475927,2.087764500996557,477.3228932913104,14.861442840636297,10.997107078209613,11.813603659137335,9.485269665192932,6.31366315432601,7.299261713979498,4.769957713644343,5.959680418529764,3.5153745522316604,4.632100387425021,2.6650822818980893,3.7423837922770335,-1.5399999999999998,26780.702272126447,14.860537006894264,5.840285926074446,2.4032394981196226,120.08201752987053,20.42975312453822,5.697039313055833,0.0,5.907179729351506,0.0,5.969305287951849,10.203820789863345,4.794537184071822,0.0,11.761884949391115,0.0,6.923737199690624,23.62356814947542,24.402248625579546,19.802129157825057,29.97690532921636,5.409283605791522,10.216698334856808,5.917906046161393,25.490366039512896,12.297610012659364,10.60217582694588,0.0,0.0,5.316788604006331,0.0,0.0,11.761884949391115,57.77140212991274,9.589074368143644,11.327189651952915,13.344558822616634,10.60217582694588,0.0,0.0,0.0,113.72,17.991177721861547,19.802129157825057,0.0,17.6460598715553,23.62356814947542,6.338535362521884,16.66179468024159,6.923737199690624,0.0,5.316788604006331,5.409283605791522,0.0,1.381147959183673,25.241550971475213,28.424071683604065,0.0525491307634167,-1.291253044427648,-0.2298177542621988,0.8081633269061113,2.1135877267573697,0.0,0.5833333333333334,20,4,7,0,2,2,0,0,0,5,4,8,7,0,1,1,2,-0.1760299999999992,74.32800000000002,1,1,1,0,0,0,0,0,1,1,2,1,0,0,0,1,2,0,0,0,0,0,0,0,0,0,0,1,0,0,0,0,0,0,0,0,1,0,0,0,0,0,0,0,0,0,0,0,0,0,0,0,0,1,0,0,0,0,0,0,0,0,0,0,0,0,0,0,0,0,0,0,0,0,0,1,0,0,0,0,0,0,0,0,0,562.0,Escherichia coli,Bacteria
116678,,64671,CHEMBL679008,In vitro synergistic activity against Escherichia coli 4100 (no beta-lactamase),F,BAO_0002146,BAO_0000218,organism-based format,C[C@@H](O)[C@H]1C(=O)N2C(C(=O)O)=C(SCCNC=N)C[C@H]12,CHEMBL1131794,Bioorg Med Chem Lett,1999.0,CHEMBL148,IMIPENEM,CHEMBL148,0,http://www.openphacts.org/units/MicrogramPerMilliliter,105537,=,1,1,=,MIC,ug.mL-1,0.12,CHEMBL354,Escherichia coli,Escherichia coli,562.0,,MIC,ug ml-1,UO_0000274,0.12,CHEMBL148,C[C@@H](O)[C@H]1C(=O)N2C(C(=O)O)=C(SCCNC=N)C[C@H]12,11.938415027282725,11.938415027282725,0.0525491307634167,-1.1042536428151506,0.2244518620524577,26.1,299.35200000000003,282.216,299.093977024,110,0,0.3529509073866828,-0.476539273562781,0.476539273562781,0.3529509073866828,1.7,2.4,2.95,32.166556857764256,9.833875079461713,2.561482694646401,-2.4403845350686675,2.463138387068772,-2.6135386201861994,8.02677725587747,-0.160639580206206,2.6858592189475927,2.087764500996557,477.3228932913104,14.861442840636297,10.997107078209613,11.813603659137335,9.485269665192932,6.31366315432601,7.299261713979498,4.769957713644343,5.959680418529764,3.5153745522316604,4.632100387425021,2.6650822818980893,3.7423837922770335,-1.5399999999999998,26780.702272126447,14.860537006894264,5.840285926074446,2.4032394981196226,120.08201752987053,20.42975312453822,5.697039313055833,0.0,5.907179729351506,0.0,5.969305287951849,10.203820789863345,4.794537184071822,0.0,11.761884949391115,0.0,6.923737199690624,23.62356814947542,24.402248625579546,19.802129157825057,29.97690532921636,5.409283605791522,10.216698334856808,5.917906046161393,25.490366039512896,12.297610012659364,10.60217582694588,0.0,0.0,5.316788604006331,0.0,0.0,11.761884949391115,57.77140212991274,9.589074368143644,11.327189651952915,13.344558822616634,10.60217582694588,0.0,0.0,0.0,113.72,17.991177721861547,19.802129157825057,0.0,17.6460598715553,23.62356814947542,6.338535362521884,16.66179468024159,6.923737199690624,0.0,5.316788604006331,5.409283605791522,0.0,1.381147959183673,25.241550971475213,28.424071683604065,0.0525491307634167,-1.291253044427648,-0.2298177542621988,0.8081633269061113,2.1135877267573697,0.0,0.5833333333333334,20,4,7,0,2,2,0,0,0,5,4,8,7,0,1,1,2,-0.1760299999999992,74.32800000000002,1,1,1,0,0,0,0,0,1,1,2,1,0,0,0,1,2,0,0,0,0,0,0,0,0,0,0,1,0,0,0,0,0,0,0,0,1,0,0,0,0,0,0,0,0,0,0,0,0,0,0,0,0,1,0,0,0,0,0,0,0,0,0,0,0,0,0,0,0,0,0,0,0,0,0,1,0,0,0,0,0,0,0,0,0,562.0,Escherichia coli,Bacteria
116678,,64671,CHEMBL679008,In vitro synergistic activity against Escherichia coli 4100 (no beta-lactamase),F,BAO_0002146,BAO_0000218,organism-based format,C[C@@H](O)[C@H]1C(=O)N2C(C(=O)O)=C(SCCNC=N)C[C@H]12,CHEMBL1131794,Bioorg Med Chem Lett,1999.0,CHEMBL148,IMIPENEM,CHEMBL148,0,http://www.openphacts.org/units/MicrogramPerMilliliter,105537,=,1,1,=,MIC,ug.mL-1,0.12,CHEMBL354,Escherichia coli,Escherichia coli,562.0,,MIC,ug ml-1,UO_0000274,0.12,CHEMBL148,C[C@@H](O)[C@H]1C(=O)N2C(C(=O)O)=C(SCCNC=N)C[C@H]12,11.938415027282725,11.938415027282725,0.0525491307634167,-1.1042536428151506,0.2244518620524577,26.1,299.35200000000003,282.216,299.093977024,110,0,0.3529509073866828,-0.476539273562781,0.476539273562781,0.3529509073866828,1.7,2.4,2.95,32.166556857764256,9.833875079461713,2.561482694646401,-2.4403845350686675,2.463138387068772,-2.6135386201861994,8.02677725587747,-0.160639580206206,2.6858592189475927,2.087764500996557,477.3228932913104,14.861442840636297,10.997107078209613,11.813603659137335,9.485269665192932,6.31366315432601,7.299261713979498,4.769957713644343,5.959680418529764,3.5153745522316604,4.632100387425021,2.6650822818980893,3.7423837922770335,-1.5399999999999998,26780.702272126447,14.860537006894264,5.840285926074446,2.4032394981196226,120.08201752987053,20.42975312453822,5.697039313055833,0.0,5.907179729351506,0.0,5.969305287951849,10.203820789863345,4.794537184071822,0.0,11.761884949391115,0.0,6.923737199690624,23.62356814947542,24.402248625579546,19.802129157825057,29.97690532921636,5.409283605791522,10.216698334856808,5.917906046161393,25.490366039512896,12.297610012659364,10.60217582694588,0.0,0.0,5.316788604006331,0.0,0.0,11.761884949391115,57.77140212991274,9.589074368143644,11.327189651952915,13.344558822616634,10.60217582694588,0.0,0.0,0.0,113.72,17.991177721861547,19.802129157825057,0.0,17.6460598715553,23.62356814947542,6.338535362521884,16.66179468024159,6.923737199690624,0.0,5.316788604006331,5.409283605791522,0.0,1.381147959183673,25.241550971475213,28.424071683604065,0.0525491307634167,-1.291253044427648,-0.2298177542621988,0.8081633269061113,2.1135877267573697,0.0,0.5833333333333334,20,4,7,0,2,2,0,0,0,5,4,8,7,0,1,1,2,-0.1760299999999992,74.32800000000002,1,1,1,0,0,0,0,0,1,1,2,1,0,0,0,1,2,0,0,0,0,0,0,0,0,0,0,1,0,0,0,0,0,0,0,0,1,0,0,0,0,0,0,0,0,0,0,0,0,0,0,0,0,1,0,0,0,0,0,0,0,0,0,0,0,0,0,0,0,0,0,0,0,0,0,1,0,0,0,0,0,0,0,0,0,562.0,Escherichia coli,Bacteria
116678,,64671,CHEMBL679008,In vitro synergistic activity against Escherichia coli 4100 (no beta-lactamase),F,BAO_0002146,BAO_0000218,organism-based format,C[C@@H](O)[C@H]1C(=O)N2C(C(=O)O)=C(SCCNC=N)C[C@H]12,CHEMBL1131794,Bioorg Med Chem Lett,1999.0,CHEMBL148,IMIPENEM,CHEMBL148,0,http://www.openphacts.org/units/MicrogramPerMilliliter,105537,=,1,1,=,MIC,ug.mL-1,0.12,CHEMBL354,Escherichia coli,Escherichia coli,562.0,,MIC,ug ml-1,UO_0000274,0.12,CHEMBL148,C[C@@H](O)[C@H]1C(=O)N2C(C(=O)O)=C(SCCNC=N)C[C@H]12,11.938415027282725,11.938415027282725,0.0525491307634167,-1.1042536428151506,0.2244518620524577,26.1,299.35200000000003,282.216,299.093977024,110,0,0.3529509073866828,-0.476539273562781,0.476539273562781,0.3529509073866828,1.7,2.4,2.95,32.166556857764256,9.833875079461713,2.561482694646401,-2.4403845350686675,2.463138387068772,-2.6135386201861994,8.02677725587747,-0.160639580206206,2.6858592189475927,2.087764500996557,477.3228932913104,14.861442840636297,10.997107078209613,11.813603659137335,9.485269665192932,6.31366315432601,7.299261713979498,4.769957713644343,5.959680418529764,3.5153745522316604,4.632100387425021,2.6650822818980893,3.7423837922770335,-1.5399999999999998,26780.702272126447,14.860537006894264,5.840285926074446,2.4032394981196226,120.08201752987053,20.42975312453822,5.697039313055833,0.0,5.907179729351506,0.0,5.969305287951849,10.203820789863345,4.794537184071822,0.0,11.761884949391115,0.0,6.923737199690624,23.62356814947542,24.402248625579546,19.802129157825057,29.97690532921636,5.409283605791522,10.216698334856808,5.917906046161393,25.490366039512896,12.297610012659364,10.60217582694588,0.0,0.0,5.316788604006331,0.0,0.0,11.761884949391115,57.77140212991274,9.589074368143644,11.327189651952915,13.344558822616634,10.60217582694588,0.0,0.0,0.0,113.72,17.991177721861547,19.802129157825057,0.0,17.6460598715553,23.62356814947542,6.338535362521884,16.66179468024159,6.923737199690624,0.0,5.316788604006331,5.409283605791522,0.0,1.381147959183673,25.241550971475213,28.424071683604065,0.0525491307634167,-1.291253044427648,-0.2298177542621988,0.8081633269061113,2.1135877267573697,0.0,0.5833333333333334,20,4,7,0,2,2,0,0,0,5,4,8,7,0,1,1,2,-0.1760299999999992,74.32800000000002,1,1,1,0,0,0,0,0,1,1,2,1,0,0,0,1,2,0,0,0,0,0,0,0,0,0,0,1,0,0,0,0,0,0,0,0,1,0,0,0,0,0,0,0,0,0,0,0,0,0,0,0,0,1,0,0,0,0,0,0,0,0,0,0,0,0,0,0,0,0,0,0,0,0,0,1,0,0,0,0,0,0,0,0,0,562.0,Escherichia coli,Bacteria
116678,,64671,CHEMBL679008,In vitro synergistic activity against Escherichia coli 4100 (no beta-lactamase),F,BAO_0002146,BAO_0000218,organism-based format,C[C@@H](O)[C@H]1C(=O)N2C(C(=O)O)=C(SCCNC=N)C[C@H]12,CHEMBL1131794,Bioorg Med Chem Lett,1999.0,CHEMBL148,IMIPENEM,CHEMBL148,0,http://www.openphacts.org/units/MicrogramPerMilliliter,105537,=,1,1,=,MIC,ug.mL-1,0.12,CHEMBL354,Escherichia coli,Escherichia coli,562.0,,MIC,ug ml-1,UO_0000274,0.12,CHEMBL148,C[C@@H](O)[C@H]1C(=O)N2C(C(=O)O)=C(SCCNC=N)C[C@H]12,11.938415027282725,11.938415027282725,0.0525491307634167,-1.1042536428151506,0.2244518620524577,26.1,299.35200000000003,282.216,299.093977024,110,0,0.3529509073866828,-0.476539273562781,0.476539273562781,0.3529509073866828,1.7,2.4,2.95,32.166556857764256,9.833875079461713,2.561482694646401,-2.4403845350686675,2.463138387068772,-2.6135386201861994,8.02677725587747,-0.160639580206206,2.6858592189475927,2.087764500996557,477.3228932913104,14.861442840636297,10.997107078209613,11.813603659137335,9.485269665192932,6.31366315432601,7.299261713979498,4.769957713644343,5.959680418529764,3.5153745522316604,4.632100387425021,2.6650822818980893,3.7423837922770335,-1.5399999999999998,26780.702272126447,14.860537006894264,5.840285926074446,2.4032394981196226,120.08201752987053,20.42975312453822,5.697039313055833,0.0,5.907179729351506,0.0,5.969305287951849,10.203820789863345,4.794537184071822,0.0,11.761884949391115,0.0,6.923737199690624,23.62356814947542,24.402248625579546,19.802129157825057,29.97690532921636,5.409283605791522,10.216698334856808,5.917906046161393,25.490366039512896,12.297610012659364,10.60217582694588,0.0,0.0,5.316788604006331,0.0,0.0,11.761884949391115,57.77140212991274,9.589074368143644,11.327189651952915,13.344558822616634,10.60217582694588,0.0,0.0,0.0,113.72,17.991177721861547,19.802129157825057,0.0,17.6460598715553,23.62356814947542,6.338535362521884,16.66179468024159,6.923737199690624,0.0,5.316788604006331,5.409283605791522,0.0,1.381147959183673,25.241550971475213,28.424071683604065,0.0525491307634167,-1.291253044427648,-0.2298177542621988,0.8081633269061113,2.1135877267573697,0.0,0.5833333333333334,20,4,7,0,2,2,0,0,0,5,4,8,7,0,1,1,2,-0.1760299999999992,74.32800000000002,1,1,1,0,0,0,0,0,1,1,2,1,0,0,0,1,2,0,0,0,0,0,0,0,0,0,0,1,0,0,0,0,0,0,0,0,1,0,0,0,0,0,0,0,0,0,0,0,0,0,0,0,0,1,0,0,0,0,0,0,0,0,0,0,0,0,0,0,0,0,0,0,0,0,0,1,0,0,0,0,0,0,0,0,0,562.0,Escherichia coli,Bacteria
116679,,64672,CHEMBL877619,In vitro synergistic activity against Escherichia coli 4100 + (CCRA),F,BAO_0002146,BAO_0000218,organism-based format,C[C@@H](O)[C@H]1C(=O)N2C(C(=O)O)=C(SCCNC=N)C[C@H]12,CHEMBL1131794,Bioorg Med Chem Lett,1999.0,CHEMBL148,IMIPENEM,CHEMBL148,0,http://www.openphacts.org/units/MicrogramPerMilliliter,105537,=,1,1,=,MIC,ug.mL-1,16.0,CHEMBL354,Escherichia coli,Escherichia coli,562.0,,MIC,ug ml-1,UO_0000274,16.0,CHEMBL148,C[C@@H](O)[C@H]1C(=O)N2C(C(=O)O)=C(SCCNC=N)C[C@H]12,11.938415027282725,11.938415027282725,0.0525491307634167,-1.1042536428151506,0.2244518620524577,26.1,299.35200000000003,282.216,299.093977024,110,0,0.3529509073866828,-0.476539273562781,0.476539273562781,0.3529509073866828,1.7,2.4,2.95,32.166556857764256,9.833875079461713,2.561482694646401,-2.4403845350686675,2.463138387068772,-2.6135386201861994,8.02677725587747,-0.160639580206206,2.6858592189475927,2.087764500996557,477.3228932913104,14.861442840636297,10.997107078209613,11.813603659137335,9.485269665192932,6.31366315432601,7.299261713979498,4.769957713644343,5.959680418529764,3.5153745522316604,4.632100387425021,2.6650822818980893,3.7423837922770335,-1.5399999999999998,26780.702272126447,14.860537006894264,5.840285926074446,2.4032394981196226,120.08201752987053,20.42975312453822,5.697039313055833,0.0,5.907179729351506,0.0,5.969305287951849,10.203820789863345,4.794537184071822,0.0,11.761884949391115,0.0,6.923737199690624,23.62356814947542,24.402248625579546,19.802129157825057,29.97690532921636,5.409283605791522,10.216698334856808,5.917906046161393,25.490366039512896,12.297610012659364,10.60217582694588,0.0,0.0,5.316788604006331,0.0,0.0,11.761884949391115,57.77140212991274,9.589074368143644,11.327189651952915,13.344558822616634,10.60217582694588,0.0,0.0,0.0,113.72,17.991177721861547,19.802129157825057,0.0,17.6460598715553,23.62356814947542,6.338535362521884,16.66179468024159,6.923737199690624,0.0,5.316788604006331,5.409283605791522,0.0,1.381147959183673,25.241550971475213,28.424071683604065,0.0525491307634167,-1.291253044427648,-0.2298177542621988,0.8081633269061113,2.1135877267573697,0.0,0.5833333333333334,20,4,7,0,2,2,0,0,0,5,4,8,7,0,1,1,2,-0.1760299999999992,74.32800000000002,1,1,1,0,0,0,0,0,1,1,2,1,0,0,0,1,2,0,0,0,0,0,0,0,0,0,0,1,0,0,0,0,0,0,0,0,1,0,0,0,0,0,0,0,0,0,0,0,0,0,0,0,0,1,0,0,0,0,0,0,0,0,0,0,0,0,0,0,0,0,0,0,0,0,0,1,0,0,0,0,0,0,0,0,0,562.0,Escherichia coli,Bacteria
116679,,64672,CHEMBL877619,In vitro synergistic activity against Escherichia coli 4100 + (CCRA),F,BAO_0002146,BAO_0000218,organism-based format,C[C@@H](O)[C@H]1C(=O)N2C(C(=O)O)=C(SCCNC=N)C[C@H]12,CHEMBL1131794,Bioorg Med Chem Lett,1999.0,CHEMBL148,IMIPENEM,CHEMBL148,0,http://www.openphacts.org/units/MicrogramPerMilliliter,105537,=,1,1,=,MIC,ug.mL-1,16.0,CHEMBL354,Escherichia coli,Escherichia coli,562.0,,MIC,ug ml-1,UO_0000274,16.0,CHEMBL148,C[C@@H](O)[C@H]1C(=O)N2C(C(=O)O)=C(SCCNC=N)C[C@H]12,11.938415027282725,11.938415027282725,0.0525491307634167,-1.1042536428151506,0.2244518620524577,26.1,299.35200000000003,282.216,299.093977024,110,0,0.3529509073866828,-0.476539273562781,0.476539273562781,0.3529509073866828,1.7,2.4,2.95,32.166556857764256,9.833875079461713,2.561482694646401,-2.4403845350686675,2.463138387068772,-2.6135386201861994,8.02677725587747,-0.160639580206206,2.6858592189475927,2.087764500996557,477.3228932913104,14.861442840636297,10.997107078209613,11.813603659137335,9.485269665192932,6.31366315432601,7.299261713979498,4.769957713644343,5.959680418529764,3.5153745522316604,4.632100387425021,2.6650822818980893,3.7423837922770335,-1.5399999999999998,26780.702272126447,14.860537006894264,5.840285926074446,2.4032394981196226,120.08201752987053,20.42975312453822,5.697039313055833,0.0,5.907179729351506,0.0,5.969305287951849,10.203820789863345,4.794537184071822,0.0,11.761884949391115,0.0,6.923737199690624,23.62356814947542,24.402248625579546,19.802129157825057,29.97690532921636,5.409283605791522,10.216698334856808,5.917906046161393,25.490366039512896,12.297610012659364,10.60217582694588,0.0,0.0,5.316788604006331,0.0,0.0,11.761884949391115,57.77140212991274,9.589074368143644,11.327189651952915,13.344558822616634,10.60217582694588,0.0,0.0,0.0,113.72,17.991177721861547,19.802129157825057,0.0,17.6460598715553,23.62356814947542,6.338535362521884,16.66179468024159,6.923737199690624,0.0,5.316788604006331,5.409283605791522,0.0,1.381147959183673,25.241550971475213,28.424071683604065,0.0525491307634167,-1.291253044427648,-0.2298177542621988,0.8081633269061113,2.1135877267573697,0.0,0.5833333333333334,20,4,7,0,2,2,0,0,0,5,4,8,7,0,1,1,2,-0.1760299999999992,74.32800000000002,1,1,1,0,0,0,0,0,1,1,2,1,0,0,0,1,2,0,0,0,0,0,0,0,0,0,0,1,0,0,0,0,0,0,0,0,1,0,0,0,0,0,0,0,0,0,0,0,0,0,0,0,0,1,0,0,0,0,0,0,0,0,0,0,0,0,0,0,0,0,0,0,0,0,0,1,0,0,0,0,0,0,0,0,0,562.0,Escherichia coli,Bacteria
116679,,64672,CHEMBL877619,In vitro synergistic activity against Escherichia coli 4100 + (CCRA),F,BAO_0002146,BAO_0000218,organism-based format,C[C@@H](O)[C@H]1C(=O)N2C(C(=O)O)=C(SCCNC=N)C[C@H]12,CHEMBL1131794,Bioorg Med Chem Lett,1999.0,CHEMBL148,IMIPENEM,CHEMBL148,0,http://www.openphacts.org/units/MicrogramPerMilliliter,105537,=,1,1,=,MIC,ug.mL-1,16.0,CHEMBL354,Escherichia coli,Escherichia coli,562.0,,MIC,ug ml-1,UO_0000274,16.0,CHEMBL148,C[C@@H](O)[C@H]1C(=O)N2C(C(=O)O)=C(SCCNC=N)C[C@H]12,11.938415027282725,11.938415027282725,0.0525491307634167,-1.1042536428151506,0.2244518620524577,26.1,299.35200000000003,282.216,299.093977024,110,0,0.3529509073866828,-0.476539273562781,0.476539273562781,0.3529509073866828,1.7,2.4,2.95,32.166556857764256,9.833875079461713,2.561482694646401,-2.4403845350686675,2.463138387068772,-2.6135386201861994,8.02677725587747,-0.160639580206206,2.6858592189475927,2.087764500996557,477.3228932913104,14.861442840636297,10.997107078209613,11.813603659137335,9.485269665192932,6.31366315432601,7.299261713979498,4.769957713644343,5.959680418529764,3.5153745522316604,4.632100387425021,2.6650822818980893,3.7423837922770335,-1.5399999999999998,26780.702272126447,14.860537006894264,5.840285926074446,2.4032394981196226,120.08201752987053,20.42975312453822,5.697039313055833,0.0,5.907179729351506,0.0,5.969305287951849,10.203820789863345,4.794537184071822,0.0,11.761884949391115,0.0,6.923737199690624,23.62356814947542,24.402248625579546,19.802129157825057,29.97690532921636,5.409283605791522,10.216698334856808,5.917906046161393,25.490366039512896,12.297610012659364,10.60217582694588,0.0,0.0,5.316788604006331,0.0,0.0,11.761884949391115,57.77140212991274,9.589074368143644,11.327189651952915,13.344558822616634,10.60217582694588,0.0,0.0,0.0,113.72,17.991177721861547,19.802129157825057,0.0,17.6460598715553,23.62356814947542,6.338535362521884,16.66179468024159,6.923737199690624,0.0,5.316788604006331,5.409283605791522,0.0,1.381147959183673,25.241550971475213,28.424071683604065,0.0525491307634167,-1.291253044427648,-0.2298177542621988,0.8081633269061113,2.1135877267573697,0.0,0.5833333333333334,20,4,7,0,2,2,0,0,0,5,4,8,7,0,1,1,2,-0.1760299999999992,74.32800000000002,1,1,1,0,0,0,0,0,1,1,2,1,0,0,0,1,2,0,0,0,0,0,0,0,0,0,0,1,0,0,0,0,0,0,0,0,1,0,0,0,0,0,0,0,0,0,0,0,0,0,0,0,0,1,0,0,0,0,0,0,0,0,0,0,0,0,0,0,0,0,0,0,0,0,0,1,0,0,0,0,0,0,0,0,0,562.0,Escherichia coli,Bacteria
116679,,64672,CHEMBL877619,In vitro synergistic activity against Escherichia coli 4100 + (CCRA),F,BAO_0002146,BAO_0000218,organism-based format,C[C@@H](O)[C@H]1C(=O)N2C(C(=O)O)=C(SCCNC=N)C[C@H]12,CHEMBL1131794,Bioorg Med Chem Lett,1999.0,CHEMBL148,IMIPENEM,CHEMBL148,0,http://www.openphacts.org/units/MicrogramPerMilliliter,105537,=,1,1,=,MIC,ug.mL-1,16.0,CHEMBL354,Escherichia coli,Escherichia coli,562.0,,MIC,ug ml-1,UO_0000274,16.0,CHEMBL148,C[C@@H](O)[C@H]1C(=O)N2C(C(=O)O)=C(SCCNC=N)C[C@H]12,11.938415027282725,11.938415027282725,0.0525491307634167,-1.1042536428151506,0.2244518620524577,26.1,299.35200000000003,282.216,299.093977024,110,0,0.3529509073866828,-0.476539273562781,0.476539273562781,0.3529509073866828,1.7,2.4,2.95,32.166556857764256,9.833875079461713,2.561482694646401,-2.4403845350686675,2.463138387068772,-2.6135386201861994,8.02677725587747,-0.160639580206206,2.6858592189475927,2.087764500996557,477.3228932913104,14.861442840636297,10.997107078209613,11.813603659137335,9.485269665192932,6.31366315432601,7.299261713979498,4.769957713644343,5.959680418529764,3.5153745522316604,4.632100387425021,2.6650822818980893,3.7423837922770335,-1.5399999999999998,26780.702272126447,14.860537006894264,5.840285926074446,2.4032394981196226,120.08201752987053,20.42975312453822,5.697039313055833,0.0,5.907179729351506,0.0,5.969305287951849,10.203820789863345,4.794537184071822,0.0,11.761884949391115,0.0,6.923737199690624,23.62356814947542,24.402248625579546,19.802129157825057,29.97690532921636,5.409283605791522,10.216698334856808,5.917906046161393,25.490366039512896,12.297610012659364,10.60217582694588,0.0,0.0,5.316788604006331,0.0,0.0,11.761884949391115,57.77140212991274,9.589074368143644,11.327189651952915,13.344558822616634,10.60217582694588,0.0,0.0,0.0,113.72,17.991177721861547,19.802129157825057,0.0,17.6460598715553,23.62356814947542,6.338535362521884,16.66179468024159,6.923737199690624,0.0,5.316788604006331,5.409283605791522,0.0,1.381147959183673,25.241550971475213,28.424071683604065,0.0525491307634167,-1.291253044427648,-0.2298177542621988,0.8081633269061113,2.1135877267573697,0.0,0.5833333333333334,20,4,7,0,2,2,0,0,0,5,4,8,7,0,1,1,2,-0.1760299999999992,74.32800000000002,1,1,1,0,0,0,0,0,1,1,2,1,0,0,0,1,2,0,0,0,0,0,0,0,0,0,0,1,0,0,0,0,0,0,0,0,1,0,0,0,0,0,0,0,0,0,0,0,0,0,0,0,0,1,0,0,0,0,0,0,0,0,0,0,0,0,0,0,0,0,0,0,0,0,0,1,0,0,0,0,0,0,0,0,0,562.0,Escherichia coli,Bacteria
116680,,64673,CHEMBL679005,"In vitro synergistic activity against Escherichia coli 300 (no beta-lactamase, imp mutant)",F,BAO_0002146,BAO_0000218,organism-based format,C[C@@H](O)[C@H]1C(=O)N2C(C(=O)O)=C(SCCNC=N)C[C@H]12,CHEMBL1131794,Bioorg Med Chem Lett,1999.0,CHEMBL148,IMIPENEM,CHEMBL148,0,http://www.openphacts.org/units/MicrogramPerMilliliter,105537,<,1,1,<,MIC,ug.mL-1,0.06,CHEMBL354,Escherichia coli,Escherichia coli,562.0,,MIC,ug ml-1,UO_0000274,0.06,CHEMBL148,C[C@@H](O)[C@H]1C(=O)N2C(C(=O)O)=C(SCCNC=N)C[C@H]12,11.938415027282725,11.938415027282725,0.0525491307634167,-1.1042536428151506,0.2244518620524577,26.1,299.35200000000003,282.216,299.093977024,110,0,0.3529509073866828,-0.476539273562781,0.476539273562781,0.3529509073866828,1.7,2.4,2.95,32.166556857764256,9.833875079461713,2.561482694646401,-2.4403845350686675,2.463138387068772,-2.6135386201861994,8.02677725587747,-0.160639580206206,2.6858592189475927,2.087764500996557,477.3228932913104,14.861442840636297,10.997107078209613,11.813603659137335,9.485269665192932,6.31366315432601,7.299261713979498,4.769957713644343,5.959680418529764,3.5153745522316604,4.632100387425021,2.6650822818980893,3.7423837922770335,-1.5399999999999998,26780.702272126447,14.860537006894264,5.840285926074446,2.4032394981196226,120.08201752987053,20.42975312453822,5.697039313055833,0.0,5.907179729351506,0.0,5.969305287951849,10.203820789863345,4.794537184071822,0.0,11.761884949391115,0.0,6.923737199690624,23.62356814947542,24.402248625579546,19.802129157825057,29.97690532921636,5.409283605791522,10.216698334856808,5.917906046161393,25.490366039512896,12.297610012659364,10.60217582694588,0.0,0.0,5.316788604006331,0.0,0.0,11.761884949391115,57.77140212991274,9.589074368143644,11.327189651952915,13.344558822616634,10.60217582694588,0.0,0.0,0.0,113.72,17.991177721861547,19.802129157825057,0.0,17.6460598715553,23.62356814947542,6.338535362521884,16.66179468024159,6.923737199690624,0.0,5.316788604006331,5.409283605791522,0.0,1.381147959183673,25.241550971475213,28.424071683604065,0.0525491307634167,-1.291253044427648,-0.2298177542621988,0.8081633269061113,2.1135877267573697,0.0,0.5833333333333334,20,4,7,0,2,2,0,0,0,5,4,8,7,0,1,1,2,-0.1760299999999992,74.32800000000002,1,1,1,0,0,0,0,0,1,1,2,1,0,0,0,1,2,0,0,0,0,0,0,0,0,0,0,1,0,0,0,0,0,0,0,0,1,0,0,0,0,0,0,0,0,0,0,0,0,0,0,0,0,1,0,0,0,0,0,0,0,0,0,0,0,0,0,0,0,0,0,0,0,0,0,1,0,0,0,0,0,0,0,0,0,562.0,Escherichia coli,Bacteria
116680,,64673,CHEMBL679005,"In vitro synergistic activity against Escherichia coli 300 (no beta-lactamase, imp mutant)",F,BAO_0002146,BAO_0000218,organism-based format,C[C@@H](O)[C@H]1C(=O)N2C(C(=O)O)=C(SCCNC=N)C[C@H]12,CHEMBL1131794,Bioorg Med Chem Lett,1999.0,CHEMBL148,IMIPENEM,CHEMBL148,0,http://www.openphacts.org/units/MicrogramPerMilliliter,105537,<,1,1,<,MIC,ug.mL-1,0.06,CHEMBL354,Escherichia coli,Escherichia coli,562.0,,MIC,ug ml-1,UO_0000274,0.06,CHEMBL148,C[C@@H](O)[C@H]1C(=O)N2C(C(=O)O)=C(SCCNC=N)C[C@H]12,11.938415027282725,11.938415027282725,0.0525491307634167,-1.1042536428151506,0.2244518620524577,26.1,299.35200000000003,282.216,299.093977024,110,0,0.3529509073866828,-0.476539273562781,0.476539273562781,0.3529509073866828,1.7,2.4,2.95,32.166556857764256,9.833875079461713,2.561482694646401,-2.4403845350686675,2.463138387068772,-2.6135386201861994,8.02677725587747,-0.160639580206206,2.6858592189475927,2.087764500996557,477.3228932913104,14.861442840636297,10.997107078209613,11.813603659137335,9.485269665192932,6.31366315432601,7.299261713979498,4.769957713644343,5.959680418529764,3.5153745522316604,4.632100387425021,2.6650822818980893,3.7423837922770335,-1.5399999999999998,26780.702272126447,14.860537006894264,5.840285926074446,2.4032394981196226,120.08201752987053,20.42975312453822,5.697039313055833,0.0,5.907179729351506,0.0,5.969305287951849,10.203820789863345,4.794537184071822,0.0,11.761884949391115,0.0,6.923737199690624,23.62356814947542,24.402248625579546,19.802129157825057,29.97690532921636,5.409283605791522,10.216698334856808,5.917906046161393,25.490366039512896,12.297610012659364,10.60217582694588,0.0,0.0,5.316788604006331,0.0,0.0,11.761884949391115,57.77140212991274,9.589074368143644,11.327189651952915,13.344558822616634,10.60217582694588,0.0,0.0,0.0,113.72,17.991177721861547,19.802129157825057,0.0,17.6460598715553,23.62356814947542,6.338535362521884,16.66179468024159,6.923737199690624,0.0,5.316788604006331,5.409283605791522,0.0,1.381147959183673,25.241550971475213,28.424071683604065,0.0525491307634167,-1.291253044427648,-0.2298177542621988,0.8081633269061113,2.1135877267573697,0.0,0.5833333333333334,20,4,7,0,2,2,0,0,0,5,4,8,7,0,1,1,2,-0.1760299999999992,74.32800000000002,1,1,1,0,0,0,0,0,1,1,2,1,0,0,0,1,2,0,0,0,0,0,0,0,0,0,0,1,0,0,0,0,0,0,0,0,1,0,0,0,0,0,0,0,0,0,0,0,0,0,0,0,0,1,0,0,0,0,0,0,0,0,0,0,0,0,0,0,0,0,0,0,0,0,0,1,0,0,0,0,0,0,0,0,0,562.0,Escherichia coli,Bacteria
116680,,64673,CHEMBL679005,"In vitro synergistic activity against Escherichia coli 300 (no beta-lactamase, imp mutant)",F,BAO_0002146,BAO_0000218,organism-based format,C[C@@H](O)[C@H]1C(=O)N2C(C(=O)O)=C(SCCNC=N)C[C@H]12,CHEMBL1131794,Bioorg Med Chem Lett,1999.0,CHEMBL148,IMIPENEM,CHEMBL148,0,http://www.openphacts.org/units/MicrogramPerMilliliter,105537,<,1,1,<,MIC,ug.mL-1,0.06,CHEMBL354,Escherichia coli,Escherichia coli,562.0,,MIC,ug ml-1,UO_0000274,0.06,CHEMBL148,C[C@@H](O)[C@H]1C(=O)N2C(C(=O)O)=C(SCCNC=N)C[C@H]12,11.938415027282725,11.938415027282725,0.0525491307634167,-1.1042536428151506,0.2244518620524577,26.1,299.35200000000003,282.216,299.093977024,110,0,0.3529509073866828,-0.476539273562781,0.476539273562781,0.3529509073866828,1.7,2.4,2.95,32.166556857764256,9.833875079461713,2.561482694646401,-2.4403845350686675,2.463138387068772,-2.6135386201861994,8.02677725587747,-0.160639580206206,2.6858592189475927,2.087764500996557,477.3228932913104,14.861442840636297,10.997107078209613,11.813603659137335,9.485269665192932,6.31366315432601,7.299261713979498,4.769957713644343,5.959680418529764,3.5153745522316604,4.632100387425021,2.6650822818980893,3.7423837922770335,-1.5399999999999998,26780.702272126447,14.860537006894264,5.840285926074446,2.4032394981196226,120.08201752987053,20.42975312453822,5.697039313055833,0.0,5.907179729351506,0.0,5.969305287951849,10.203820789863345,4.794537184071822,0.0,11.761884949391115,0.0,6.923737199690624,23.62356814947542,24.402248625579546,19.802129157825057,29.97690532921636,5.409283605791522,10.216698334856808,5.917906046161393,25.490366039512896,12.297610012659364,10.60217582694588,0.0,0.0,5.316788604006331,0.0,0.0,11.761884949391115,57.77140212991274,9.589074368143644,11.327189651952915,13.344558822616634,10.60217582694588,0.0,0.0,0.0,113.72,17.991177721861547,19.802129157825057,0.0,17.6460598715553,23.62356814947542,6.338535362521884,16.66179468024159,6.923737199690624,0.0,5.316788604006331,5.409283605791522,0.0,1.381147959183673,25.241550971475213,28.424071683604065,0.0525491307634167,-1.291253044427648,-0.2298177542621988,0.8081633269061113,2.1135877267573697,0.0,0.5833333333333334,20,4,7,0,2,2,0,0,0,5,4,8,7,0,1,1,2,-0.1760299999999992,74.32800000000002,1,1,1,0,0,0,0,0,1,1,2,1,0,0,0,1,2,0,0,0,0,0,0,0,0,0,0,1,0,0,0,0,0,0,0,0,1,0,0,0,0,0,0,0,0,0,0,0,0,0,0,0,0,1,0,0,0,0,0,0,0,0,0,0,0,0,0,0,0,0,0,0,0,0,0,1,0,0,0,0,0,0,0,0,0,562.0,Escherichia coli,Bacteria
116680,,64673,CHEMBL679005,"In vitro synergistic activity against Escherichia coli 300 (no beta-lactamase, imp mutant)",F,BAO_0002146,BAO_0000218,organism-based format,C[C@@H](O)[C@H]1C(=O)N2C(C(=O)O)=C(SCCNC=N)C[C@H]12,CHEMBL1131794,Bioorg Med Chem Lett,1999.0,CHEMBL148,IMIPENEM,CHEMBL148,0,http://www.openphacts.org/units/MicrogramPerMilliliter,105537,<,1,1,<,MIC,ug.mL-1,0.06,CHEMBL354,Escherichia coli,Escherichia coli,562.0,,MIC,ug ml-1,UO_0000274,0.06,CHEMBL148,C[C@@H](O)[C@H]1C(=O)N2C(C(=O)O)=C(SCCNC=N)C[C@H]12,11.938415027282725,11.938415027282725,0.0525491307634167,-1.1042536428151506,0.2244518620524577,26.1,299.35200000000003,282.216,299.093977024,110,0,0.3529509073866828,-0.476539273562781,0.476539273562781,0.3529509073866828,1.7,2.4,2.95,32.166556857764256,9.833875079461713,2.561482694646401,-2.4403845350686675,2.463138387068772,-2.6135386201861994,8.02677725587747,-0.160639580206206,2.6858592189475927,2.087764500996557,477.3228932913104,14.861442840636297,10.997107078209613,11.813603659137335,9.485269665192932,6.31366315432601,7.299261713979498,4.769957713644343,5.959680418529764,3.5153745522316604,4.632100387425021,2.6650822818980893,3.7423837922770335,-1.5399999999999998,26780.702272126447,14.860537006894264,5.840285926074446,2.4032394981196226,120.08201752987053,20.42975312453822,5.697039313055833,0.0,5.907179729351506,0.0,5.969305287951849,10.203820789863345,4.794537184071822,0.0,11.761884949391115,0.0,6.923737199690624,23.62356814947542,24.402248625579546,19.802129157825057,29.97690532921636,5.409283605791522,10.216698334856808,5.917906046161393,25.490366039512896,12.297610012659364,10.60217582694588,0.0,0.0,5.316788604006331,0.0,0.0,11.761884949391115,57.77140212991274,9.589074368143644,11.327189651952915,13.344558822616634,10.60217582694588,0.0,0.0,0.0,113.72,17.991177721861547,19.802129157825057,0.0,17.6460598715553,23.62356814947542,6.338535362521884,16.66179468024159,6.923737199690624,0.0,5.316788604006331,5.409283605791522,0.0,1.381147959183673,25.241550971475213,28.424071683604065,0.0525491307634167,-1.291253044427648,-0.2298177542621988,0.8081633269061113,2.1135877267573697,0.0,0.5833333333333334,20,4,7,0,2,2,0,0,0,5,4,8,7,0,1,1,2,-0.1760299999999992,74.32800000000002,1,1,1,0,0,0,0,0,1,1,2,1,0,0,0,1,2,0,0,0,0,0,0,0,0,0,0,1,0,0,0,0,0,0,0,0,1,0,0,0,0,0,0,0,0,0,0,0,0,0,0,0,0,1,0,0,0,0,0,0,0,0,0,0,0,0,0,0,0,0,0,0,0,0,0,1,0,0,0,0,0,0,0,0,0,562.0,Escherichia coli,Bacteria
116681,,64674,CHEMBL679006,In vitro synergistic activity against Escherichia coli 300 + (TEM-1),F,BAO_0002146,BAO_0000218,organism-based format,C[C@@H](O)[C@H]1C(=O)N2C(C(=O)O)=C(SCCNC=N)C[C@H]12,CHEMBL1131794,Bioorg Med Chem Lett,1999.0,CHEMBL148,IMIPENEM,CHEMBL148,0,http://www.openphacts.org/units/MicrogramPerMilliliter,105537,<,1,1,<,MIC,ug.mL-1,0.06,CHEMBL354,Escherichia coli,Escherichia coli,562.0,,MIC,ug ml-1,UO_0000274,0.06,CHEMBL148,C[C@@H](O)[C@H]1C(=O)N2C(C(=O)O)=C(SCCNC=N)C[C@H]12,11.938415027282725,11.938415027282725,0.0525491307634167,-1.1042536428151506,0.2244518620524577,26.1,299.35200000000003,282.216,299.093977024,110,0,0.3529509073866828,-0.476539273562781,0.476539273562781,0.3529509073866828,1.7,2.4,2.95,32.166556857764256,9.833875079461713,2.561482694646401,-2.4403845350686675,2.463138387068772,-2.6135386201861994,8.02677725587747,-0.160639580206206,2.6858592189475927,2.087764500996557,477.3228932913104,14.861442840636297,10.997107078209613,11.813603659137335,9.485269665192932,6.31366315432601,7.299261713979498,4.769957713644343,5.959680418529764,3.5153745522316604,4.632100387425021,2.6650822818980893,3.7423837922770335,-1.5399999999999998,26780.702272126447,14.860537006894264,5.840285926074446,2.4032394981196226,120.08201752987053,20.42975312453822,5.697039313055833,0.0,5.907179729351506,0.0,5.969305287951849,10.203820789863345,4.794537184071822,0.0,11.761884949391115,0.0,6.923737199690624,23.62356814947542,24.402248625579546,19.802129157825057,29.97690532921636,5.409283605791522,10.216698334856808,5.917906046161393,25.490366039512896,12.297610012659364,10.60217582694588,0.0,0.0,5.316788604006331,0.0,0.0,11.761884949391115,57.77140212991274,9.589074368143644,11.327189651952915,13.344558822616634,10.60217582694588,0.0,0.0,0.0,113.72,17.991177721861547,19.802129157825057,0.0,17.6460598715553,23.62356814947542,6.338535362521884,16.66179468024159,6.923737199690624,0.0,5.316788604006331,5.409283605791522,0.0,1.381147959183673,25.241550971475213,28.424071683604065,0.0525491307634167,-1.291253044427648,-0.2298177542621988,0.8081633269061113,2.1135877267573697,0.0,0.5833333333333334,20,4,7,0,2,2,0,0,0,5,4,8,7,0,1,1,2,-0.1760299999999992,74.32800000000002,1,1,1,0,0,0,0,0,1,1,2,1,0,0,0,1,2,0,0,0,0,0,0,0,0,0,0,1,0,0,0,0,0,0,0,0,1,0,0,0,0,0,0,0,0,0,0,0,0,0,0,0,0,1,0,0,0,0,0,0,0,0,0,0,0,0,0,0,0,0,0,0,0,0,0,1,0,0,0,0,0,0,0,0,0,562.0,Escherichia coli,Bacteria
116681,,64674,CHEMBL679006,In vitro synergistic activity against Escherichia coli 300 + (TEM-1),F,BAO_0002146,BAO_0000218,organism-based format,C[C@@H](O)[C@H]1C(=O)N2C(C(=O)O)=C(SCCNC=N)C[C@H]12,CHEMBL1131794,Bioorg Med Chem Lett,1999.0,CHEMBL148,IMIPENEM,CHEMBL148,0,http://www.openphacts.org/units/MicrogramPerMilliliter,105537,<,1,1,<,MIC,ug.mL-1,0.06,CHEMBL354,Escherichia coli,Escherichia coli,562.0,,MIC,ug ml-1,UO_0000274,0.06,CHEMBL148,C[C@@H](O)[C@H]1C(=O)N2C(C(=O)O)=C(SCCNC=N)C[C@H]12,11.938415027282725,11.938415027282725,0.0525491307634167,-1.1042536428151506,0.2244518620524577,26.1,299.35200000000003,282.216,299.093977024,110,0,0.3529509073866828,-0.476539273562781,0.476539273562781,0.3529509073866828,1.7,2.4,2.95,32.166556857764256,9.833875079461713,2.561482694646401,-2.4403845350686675,2.463138387068772,-2.6135386201861994,8.02677725587747,-0.160639580206206,2.6858592189475927,2.087764500996557,477.3228932913104,14.861442840636297,10.997107078209613,11.813603659137335,9.485269665192932,6.31366315432601,7.299261713979498,4.769957713644343,5.959680418529764,3.5153745522316604,4.632100387425021,2.6650822818980893,3.7423837922770335,-1.5399999999999998,26780.702272126447,14.860537006894264,5.840285926074446,2.4032394981196226,120.08201752987053,20.42975312453822,5.697039313055833,0.0,5.907179729351506,0.0,5.969305287951849,10.203820789863345,4.794537184071822,0.0,11.761884949391115,0.0,6.923737199690624,23.62356814947542,24.402248625579546,19.802129157825057,29.97690532921636,5.409283605791522,10.216698334856808,5.917906046161393,25.490366039512896,12.297610012659364,10.60217582694588,0.0,0.0,5.316788604006331,0.0,0.0,11.761884949391115,57.77140212991274,9.589074368143644,11.327189651952915,13.344558822616634,10.60217582694588,0.0,0.0,0.0,113.72,17.991177721861547,19.802129157825057,0.0,17.6460598715553,23.62356814947542,6.338535362521884,16.66179468024159,6.923737199690624,0.0,5.316788604006331,5.409283605791522,0.0,1.381147959183673,25.241550971475213,28.424071683604065,0.0525491307634167,-1.291253044427648,-0.2298177542621988,0.8081633269061113,2.1135877267573697,0.0,0.5833333333333334,20,4,7,0,2,2,0,0,0,5,4,8,7,0,1,1,2,-0.1760299999999992,74.32800000000002,1,1,1,0,0,0,0,0,1,1,2,1,0,0,0,1,2,0,0,0,0,0,0,0,0,0,0,1,0,0,0,0,0,0,0,0,1,0,0,0,0,0,0,0,0,0,0,0,0,0,0,0,0,1,0,0,0,0,0,0,0,0,0,0,0,0,0,0,0,0,0,0,0,0,0,1,0,0,0,0,0,0,0,0,0,562.0,Escherichia coli,Bacteria
116681,,64674,CHEMBL679006,In vitro synergistic activity against Escherichia coli 300 + (TEM-1),F,BAO_0002146,BAO_0000218,organism-based format,C[C@@H](O)[C@H]1C(=O)N2C(C(=O)O)=C(SCCNC=N)C[C@H]12,CHEMBL1131794,Bioorg Med Chem Lett,1999.0,CHEMBL148,IMIPENEM,CHEMBL148,0,http://www.openphacts.org/units/MicrogramPerMilliliter,105537,<,1,1,<,MIC,ug.mL-1,0.06,CHEMBL354,Escherichia coli,Escherichia coli,562.0,,MIC,ug ml-1,UO_0000274,0.06,CHEMBL148,C[C@@H](O)[C@H]1C(=O)N2C(C(=O)O)=C(SCCNC=N)C[C@H]12,11.938415027282725,11.938415027282725,0.0525491307634167,-1.1042536428151506,0.2244518620524577,26.1,299.35200000000003,282.216,299.093977024,110,0,0.3529509073866828,-0.476539273562781,0.476539273562781,0.3529509073866828,1.7,2.4,2.95,32.166556857764256,9.833875079461713,2.561482694646401,-2.4403845350686675,2.463138387068772,-2.6135386201861994,8.02677725587747,-0.160639580206206,2.6858592189475927,2.087764500996557,477.3228932913104,14.861442840636297,10.997107078209613,11.813603659137335,9.485269665192932,6.31366315432601,7.299261713979498,4.769957713644343,5.959680418529764,3.5153745522316604,4.632100387425021,2.6650822818980893,3.7423837922770335,-1.5399999999999998,26780.702272126447,14.860537006894264,5.840285926074446,2.4032394981196226,120.08201752987053,20.42975312453822,5.697039313055833,0.0,5.907179729351506,0.0,5.969305287951849,10.203820789863345,4.794537184071822,0.0,11.761884949391115,0.0,6.923737199690624,23.62356814947542,24.402248625579546,19.802129157825057,29.97690532921636,5.409283605791522,10.216698334856808,5.917906046161393,25.490366039512896,12.297610012659364,10.60217582694588,0.0,0.0,5.316788604006331,0.0,0.0,11.761884949391115,57.77140212991274,9.589074368143644,11.327189651952915,13.344558822616634,10.60217582694588,0.0,0.0,0.0,113.72,17.991177721861547,19.802129157825057,0.0,17.6460598715553,23.62356814947542,6.338535362521884,16.66179468024159,6.923737199690624,0.0,5.316788604006331,5.409283605791522,0.0,1.381147959183673,25.241550971475213,28.424071683604065,0.0525491307634167,-1.291253044427648,-0.2298177542621988,0.8081633269061113,2.1135877267573697,0.0,0.5833333333333334,20,4,7,0,2,2,0,0,0,5,4,8,7,0,1,1,2,-0.1760299999999992,74.32800000000002,1,1,1,0,0,0,0,0,1,1,2,1,0,0,0,1,2,0,0,0,0,0,0,0,0,0,0,1,0,0,0,0,0,0,0,0,1,0,0,0,0,0,0,0,0,0,0,0,0,0,0,0,0,1,0,0,0,0,0,0,0,0,0,0,0,0,0,0,0,0,0,0,0,0,0,1,0,0,0,0,0,0,0,0,0,562.0,Escherichia coli,Bacteria
116681,,64674,CHEMBL679006,In vitro synergistic activity against Escherichia coli 300 + (TEM-1),F,BAO_0002146,BAO_0000218,organism-based format,C[C@@H](O)[C@H]1C(=O)N2C(C(=O)O)=C(SCCNC=N)C[C@H]12,CHEMBL1131794,Bioorg Med Chem Lett,1999.0,CHEMBL148,IMIPENEM,CHEMBL148,0,http://www.openphacts.org/units/MicrogramPerMilliliter,105537,<,1,1,<,MIC,ug.mL-1,0.06,CHEMBL354,Escherichia coli,Escherichia coli,562.0,,MIC,ug ml-1,UO_0000274,0.06,CHEMBL148,C[C@@H](O)[C@H]1C(=O)N2C(C(=O)O)=C(SCCNC=N)C[C@H]12,11.938415027282725,11.938415027282725,0.0525491307634167,-1.1042536428151506,0.2244518620524577,26.1,299.35200000000003,282.216,299.093977024,110,0,0.3529509073866828,-0.476539273562781,0.476539273562781,0.3529509073866828,1.7,2.4,2.95,32.166556857764256,9.833875079461713,2.561482694646401,-2.4403845350686675,2.463138387068772,-2.6135386201861994,8.02677725587747,-0.160639580206206,2.6858592189475927,2.087764500996557,477.3228932913104,14.861442840636297,10.997107078209613,11.813603659137335,9.485269665192932,6.31366315432601,7.299261713979498,4.769957713644343,5.959680418529764,3.5153745522316604,4.632100387425021,2.6650822818980893,3.7423837922770335,-1.5399999999999998,26780.702272126447,14.860537006894264,5.840285926074446,2.4032394981196226,120.08201752987053,20.42975312453822,5.697039313055833,0.0,5.907179729351506,0.0,5.969305287951849,10.203820789863345,4.794537184071822,0.0,11.761884949391115,0.0,6.923737199690624,23.62356814947542,24.402248625579546,19.802129157825057,29.97690532921636,5.409283605791522,10.216698334856808,5.917906046161393,25.490366039512896,12.297610012659364,10.60217582694588,0.0,0.0,5.316788604006331,0.0,0.0,11.761884949391115,57.77140212991274,9.589074368143644,11.327189651952915,13.344558822616634,10.60217582694588,0.0,0.0,0.0,113.72,17.991177721861547,19.802129157825057,0.0,17.6460598715553,23.62356814947542,6.338535362521884,16.66179468024159,6.923737199690624,0.0,5.316788604006331,5.409283605791522,0.0,1.381147959183673,25.241550971475213,28.424071683604065,0.0525491307634167,-1.291253044427648,-0.2298177542621988,0.8081633269061113,2.1135877267573697,0.0,0.5833333333333334,20,4,7,0,2,2,0,0,0,5,4,8,7,0,1,1,2,-0.1760299999999992,74.32800000000002,1,1,1,0,0,0,0,0,1,1,2,1,0,0,0,1,2,0,0,0,0,0,0,0,0,0,0,1,0,0,0,0,0,0,0,0,1,0,0,0,0,0,0,0,0,0,0,0,0,0,0,0,0,1,0,0,0,0,0,0,0,0,0,0,0,0,0,0,0,0,0,0,0,0,0,1,0,0,0,0,0,0,0,0,0,562.0,Escherichia coli,Bacteria
116682,,64675,CHEMBL679007,In vitro synergistic activity against Escherichia coli 300 + (ampR ampC),F,BAO_0002146,BAO_0000218,organism-based format,C[C@@H](O)[C@H]1C(=O)N2C(C(=O)O)=C(SCCNC=N)C[C@H]12,CHEMBL1131794,Bioorg Med Chem Lett,1999.0,CHEMBL148,IMIPENEM,CHEMBL148,0,http://www.openphacts.org/units/MicrogramPerMilliliter,105537,<,1,1,<,MIC,ug.mL-1,0.06,CHEMBL354,Escherichia coli,Escherichia coli,562.0,,MIC,ug ml-1,UO_0000274,0.06,CHEMBL148,C[C@@H](O)[C@H]1C(=O)N2C(C(=O)O)=C(SCCNC=N)C[C@H]12,11.938415027282725,11.938415027282725,0.0525491307634167,-1.1042536428151506,0.2244518620524577,26.1,299.35200000000003,282.216,299.093977024,110,0,0.3529509073866828,-0.476539273562781,0.476539273562781,0.3529509073866828,1.7,2.4,2.95,32.166556857764256,9.833875079461713,2.561482694646401,-2.4403845350686675,2.463138387068772,-2.6135386201861994,8.02677725587747,-0.160639580206206,2.6858592189475927,2.087764500996557,477.3228932913104,14.861442840636297,10.997107078209613,11.813603659137335,9.485269665192932,6.31366315432601,7.299261713979498,4.769957713644343,5.959680418529764,3.5153745522316604,4.632100387425021,2.6650822818980893,3.7423837922770335,-1.5399999999999998,26780.702272126447,14.860537006894264,5.840285926074446,2.4032394981196226,120.08201752987053,20.42975312453822,5.697039313055833,0.0,5.907179729351506,0.0,5.969305287951849,10.203820789863345,4.794537184071822,0.0,11.761884949391115,0.0,6.923737199690624,23.62356814947542,24.402248625579546,19.802129157825057,29.97690532921636,5.409283605791522,10.216698334856808,5.917906046161393,25.490366039512896,12.297610012659364,10.60217582694588,0.0,0.0,5.316788604006331,0.0,0.0,11.761884949391115,57.77140212991274,9.589074368143644,11.327189651952915,13.344558822616634,10.60217582694588,0.0,0.0,0.0,113.72,17.991177721861547,19.802129157825057,0.0,17.6460598715553,23.62356814947542,6.338535362521884,16.66179468024159,6.923737199690624,0.0,5.316788604006331,5.409283605791522,0.0,1.381147959183673,25.241550971475213,28.424071683604065,0.0525491307634167,-1.291253044427648,-0.2298177542621988,0.8081633269061113,2.1135877267573697,0.0,0.5833333333333334,20,4,7,0,2,2,0,0,0,5,4,8,7,0,1,1,2,-0.1760299999999992,74.32800000000002,1,1,1,0,0,0,0,0,1,1,2,1,0,0,0,1,2,0,0,0,0,0,0,0,0,0,0,1,0,0,0,0,0,0,0,0,1,0,0,0,0,0,0,0,0,0,0,0,0,0,0,0,0,1,0,0,0,0,0,0,0,0,0,0,0,0,0,0,0,0,0,0,0,0,0,1,0,0,0,0,0,0,0,0,0,562.0,Escherichia coli,Bacteria
116682,,64675,CHEMBL679007,In vitro synergistic activity against Escherichia coli 300 + (ampR ampC),F,BAO_0002146,BAO_0000218,organism-based format,C[C@@H](O)[C@H]1C(=O)N2C(C(=O)O)=C(SCCNC=N)C[C@H]12,CHEMBL1131794,Bioorg Med Chem Lett,1999.0,CHEMBL148,IMIPENEM,CHEMBL148,0,http://www.openphacts.org/units/MicrogramPerMilliliter,105537,<,1,1,<,MIC,ug.mL-1,0.06,CHEMBL354,Escherichia coli,Escherichia coli,562.0,,MIC,ug ml-1,UO_0000274,0.06,CHEMBL148,C[C@@H](O)[C@H]1C(=O)N2C(C(=O)O)=C(SCCNC=N)C[C@H]12,11.938415027282725,11.938415027282725,0.0525491307634167,-1.1042536428151506,0.2244518620524577,26.1,299.35200000000003,282.216,299.093977024,110,0,0.3529509073866828,-0.476539273562781,0.476539273562781,0.3529509073866828,1.7,2.4,2.95,32.166556857764256,9.833875079461713,2.561482694646401,-2.4403845350686675,2.463138387068772,-2.6135386201861994,8.02677725587747,-0.160639580206206,2.6858592189475927,2.087764500996557,477.3228932913104,14.861442840636297,10.997107078209613,11.813603659137335,9.485269665192932,6.31366315432601,7.299261713979498,4.769957713644343,5.959680418529764,3.5153745522316604,4.632100387425021,2.6650822818980893,3.7423837922770335,-1.5399999999999998,26780.702272126447,14.860537006894264,5.840285926074446,2.4032394981196226,120.08201752987053,20.42975312453822,5.697039313055833,0.0,5.907179729351506,0.0,5.969305287951849,10.203820789863345,4.794537184071822,0.0,11.761884949391115,0.0,6.923737199690624,23.62356814947542,24.402248625579546,19.802129157825057,29.97690532921636,5.409283605791522,10.216698334856808,5.917906046161393,25.490366039512896,12.297610012659364,10.60217582694588,0.0,0.0,5.316788604006331,0.0,0.0,11.761884949391115,57.77140212991274,9.589074368143644,11.327189651952915,13.344558822616634,10.60217582694588,0.0,0.0,0.0,113.72,17.991177721861547,19.802129157825057,0.0,17.6460598715553,23.62356814947542,6.338535362521884,16.66179468024159,6.923737199690624,0.0,5.316788604006331,5.409283605791522,0.0,1.381147959183673,25.241550971475213,28.424071683604065,0.0525491307634167,-1.291253044427648,-0.2298177542621988,0.8081633269061113,2.1135877267573697,0.0,0.5833333333333334,20,4,7,0,2,2,0,0,0,5,4,8,7,0,1,1,2,-0.1760299999999992,74.32800000000002,1,1,1,0,0,0,0,0,1,1,2,1,0,0,0,1,2,0,0,0,0,0,0,0,0,0,0,1,0,0,0,0,0,0,0,0,1,0,0,0,0,0,0,0,0,0,0,0,0,0,0,0,0,1,0,0,0,0,0,0,0,0,0,0,0,0,0,0,0,0,0,0,0,0,0,1,0,0,0,0,0,0,0,0,0,562.0,Escherichia coli,Bacteria
116682,,64675,CHEMBL679007,In vitro synergistic activity against Escherichia coli 300 + (ampR ampC),F,BAO_0002146,BAO_0000218,organism-based format,C[C@@H](O)[C@H]1C(=O)N2C(C(=O)O)=C(SCCNC=N)C[C@H]12,CHEMBL1131794,Bioorg Med Chem Lett,1999.0,CHEMBL148,IMIPENEM,CHEMBL148,0,http://www.openphacts.org/units/MicrogramPerMilliliter,105537,<,1,1,<,MIC,ug.mL-1,0.06,CHEMBL354,Escherichia coli,Escherichia coli,562.0,,MIC,ug ml-1,UO_0000274,0.06,CHEMBL148,C[C@@H](O)[C@H]1C(=O)N2C(C(=O)O)=C(SCCNC=N)C[C@H]12,11.938415027282725,11.938415027282725,0.0525491307634167,-1.1042536428151506,0.2244518620524577,26.1,299.35200000000003,282.216,299.093977024,110,0,0.3529509073866828,-0.476539273562781,0.476539273562781,0.3529509073866828,1.7,2.4,2.95,32.166556857764256,9.833875079461713,2.561482694646401,-2.4403845350686675,2.463138387068772,-2.6135386201861994,8.02677725587747,-0.160639580206206,2.6858592189475927,2.087764500996557,477.3228932913104,14.861442840636297,10.997107078209613,11.813603659137335,9.485269665192932,6.31366315432601,7.299261713979498,4.769957713644343,5.959680418529764,3.5153745522316604,4.632100387425021,2.6650822818980893,3.7423837922770335,-1.5399999999999998,26780.702272126447,14.860537006894264,5.840285926074446,2.4032394981196226,120.08201752987053,20.42975312453822,5.697039313055833,0.0,5.907179729351506,0.0,5.969305287951849,10.203820789863345,4.794537184071822,0.0,11.761884949391115,0.0,6.923737199690624,23.62356814947542,24.402248625579546,19.802129157825057,29.97690532921636,5.409283605791522,10.216698334856808,5.917906046161393,25.490366039512896,12.297610012659364,10.60217582694588,0.0,0.0,5.316788604006331,0.0,0.0,11.761884949391115,57.77140212991274,9.589074368143644,11.327189651952915,13.344558822616634,10.60217582694588,0.0,0.0,0.0,113.72,17.991177721861547,19.802129157825057,0.0,17.6460598715553,23.62356814947542,6.338535362521884,16.66179468024159,6.923737199690624,0.0,5.316788604006331,5.409283605791522,0.0,1.381147959183673,25.241550971475213,28.424071683604065,0.0525491307634167,-1.291253044427648,-0.2298177542621988,0.8081633269061113,2.1135877267573697,0.0,0.5833333333333334,20,4,7,0,2,2,0,0,0,5,4,8,7,0,1,1,2,-0.1760299999999992,74.32800000000002,1,1,1,0,0,0,0,0,1,1,2,1,0,0,0,1,2,0,0,0,0,0,0,0,0,0,0,1,0,0,0,0,0,0,0,0,1,0,0,0,0,0,0,0,0,0,0,0,0,0,0,0,0,1,0,0,0,0,0,0,0,0,0,0,0,0,0,0,0,0,0,0,0,0,0,1,0,0,0,0,0,0,0,0,0,562.0,Escherichia coli,Bacteria
116682,,64675,CHEMBL679007,In vitro synergistic activity against Escherichia coli 300 + (ampR ampC),F,BAO_0002146,BAO_0000218,organism-based format,C[C@@H](O)[C@H]1C(=O)N2C(C(=O)O)=C(SCCNC=N)C[C@H]12,CHEMBL1131794,Bioorg Med Chem Lett,1999.0,CHEMBL148,IMIPENEM,CHEMBL148,0,http://www.openphacts.org/units/MicrogramPerMilliliter,105537,<,1,1,<,MIC,ug.mL-1,0.06,CHEMBL354,Escherichia coli,Escherichia coli,562.0,,MIC,ug ml-1,UO_0000274,0.06,CHEMBL148,C[C@@H](O)[C@H]1C(=O)N2C(C(=O)O)=C(SCCNC=N)C[C@H]12,11.938415027282725,11.938415027282725,0.0525491307634167,-1.1042536428151506,0.2244518620524577,26.1,299.35200000000003,282.216,299.093977024,110,0,0.3529509073866828,-0.476539273562781,0.476539273562781,0.3529509073866828,1.7,2.4,2.95,32.166556857764256,9.833875079461713,2.561482694646401,-2.4403845350686675,2.463138387068772,-2.6135386201861994,8.02677725587747,-0.160639580206206,2.6858592189475927,2.087764500996557,477.3228932913104,14.861442840636297,10.997107078209613,11.813603659137335,9.485269665192932,6.31366315432601,7.299261713979498,4.769957713644343,5.959680418529764,3.5153745522316604,4.632100387425021,2.6650822818980893,3.7423837922770335,-1.5399999999999998,26780.702272126447,14.860537006894264,5.840285926074446,2.4032394981196226,120.08201752987053,20.42975312453822,5.697039313055833,0.0,5.907179729351506,0.0,5.969305287951849,10.203820789863345,4.794537184071822,0.0,11.761884949391115,0.0,6.923737199690624,23.62356814947542,24.402248625579546,19.802129157825057,29.97690532921636,5.409283605791522,10.216698334856808,5.917906046161393,25.490366039512896,12.297610012659364,10.60217582694588,0.0,0.0,5.316788604006331,0.0,0.0,11.761884949391115,57.77140212991274,9.589074368143644,11.327189651952915,13.344558822616634,10.60217582694588,0.0,0.0,0.0,113.72,17.991177721861547,19.802129157825057,0.0,17.6460598715553,23.62356814947542,6.338535362521884,16.66179468024159,6.923737199690624,0.0,5.316788604006331,5.409283605791522,0.0,1.381147959183673,25.241550971475213,28.424071683604065,0.0525491307634167,-1.291253044427648,-0.2298177542621988,0.8081633269061113,2.1135877267573697,0.0,0.5833333333333334,20,4,7,0,2,2,0,0,0,5,4,8,7,0,1,1,2,-0.1760299999999992,74.32800000000002,1,1,1,0,0,0,0,0,1,1,2,1,0,0,0,1,2,0,0,0,0,0,0,0,0,0,0,1,0,0,0,0,0,0,0,0,1,0,0,0,0,0,0,0,0,0,0,0,0,0,0,0,0,1,0,0,0,0,0,0,0,0,0,0,0,0,0,0,0,0,0,0,0,0,0,1,0,0,0,0,0,0,0,0,0,562.0,Escherichia coli,Bacteria
116683,,64676,CHEMBL858375,In vitro synergistic activity against Klebsiella pneumoniae KC2 (TEM-10),F,BAO_0002146,BAO_0000218,organism-based format,C[C@@H](O)[C@H]1C(=O)N2C(C(=O)O)=C(SCCNC=N)C[C@H]12,CHEMBL1131794,Bioorg Med Chem Lett,1999.0,CHEMBL148,IMIPENEM,CHEMBL148,0,http://www.openphacts.org/units/MicrogramPerMilliliter,105537,<,1,1,<,MIC,ug.mL-1,0.06,CHEMBL350,Klebsiella pneumoniae,Klebsiella pneumoniae,573.0,,MIC,ug ml-1,UO_0000274,0.06,CHEMBL148,C[C@@H](O)[C@H]1C(=O)N2C(C(=O)O)=C(SCCNC=N)C[C@H]12,11.938415027282725,11.938415027282725,0.0525491307634167,-1.1042536428151506,0.2244518620524577,26.1,299.35200000000003,282.216,299.093977024,110,0,0.3529509073866828,-0.476539273562781,0.476539273562781,0.3529509073866828,1.7,2.4,2.95,32.166556857764256,9.833875079461713,2.561482694646401,-2.4403845350686675,2.463138387068772,-2.6135386201861994,8.02677725587747,-0.160639580206206,2.6858592189475927,2.087764500996557,477.3228932913104,14.861442840636297,10.997107078209613,11.813603659137335,9.485269665192932,6.31366315432601,7.299261713979498,4.769957713644343,5.959680418529764,3.5153745522316604,4.632100387425021,2.6650822818980893,3.7423837922770335,-1.5399999999999998,26780.702272126447,14.860537006894264,5.840285926074446,2.4032394981196226,120.08201752987053,20.42975312453822,5.697039313055833,0.0,5.907179729351506,0.0,5.969305287951849,10.203820789863345,4.794537184071822,0.0,11.761884949391115,0.0,6.923737199690624,23.62356814947542,24.402248625579546,19.802129157825057,29.97690532921636,5.409283605791522,10.216698334856808,5.917906046161393,25.490366039512896,12.297610012659364,10.60217582694588,0.0,0.0,5.316788604006331,0.0,0.0,11.761884949391115,57.77140212991274,9.589074368143644,11.327189651952915,13.344558822616634,10.60217582694588,0.0,0.0,0.0,113.72,17.991177721861547,19.802129157825057,0.0,17.6460598715553,23.62356814947542,6.338535362521884,16.66179468024159,6.923737199690624,0.0,5.316788604006331,5.409283605791522,0.0,1.381147959183673,25.241550971475213,28.424071683604065,0.0525491307634167,-1.291253044427648,-0.2298177542621988,0.8081633269061113,2.1135877267573697,0.0,0.5833333333333334,20,4,7,0,2,2,0,0,0,5,4,8,7,0,1,1,2,-0.1760299999999992,74.32800000000002,1,1,1,0,0,0,0,0,1,1,2,1,0,0,0,1,2,0,0,0,0,0,0,0,0,0,0,1,0,0,0,0,0,0,0,0,1,0,0,0,0,0,0,0,0,0,0,0,0,0,0,0,0,1,0,0,0,0,0,0,0,0,0,0,0,0,0,0,0,0,0,0,0,0,0,1,0,0,0,0,0,0,0,0,0,573.0,Klebsiella pneumoniae,Bacteria
116683,,64676,CHEMBL858375,In vitro synergistic activity against Klebsiella pneumoniae KC2 (TEM-10),F,BAO_0002146,BAO_0000218,organism-based format,C[C@@H](O)[C@H]1C(=O)N2C(C(=O)O)=C(SCCNC=N)C[C@H]12,CHEMBL1131794,Bioorg Med Chem Lett,1999.0,CHEMBL148,IMIPENEM,CHEMBL148,0,http://www.openphacts.org/units/MicrogramPerMilliliter,105537,<,1,1,<,MIC,ug.mL-1,0.06,CHEMBL350,Klebsiella pneumoniae,Klebsiella pneumoniae,573.0,,MIC,ug ml-1,UO_0000274,0.06,CHEMBL148,C[C@@H](O)[C@H]1C(=O)N2C(C(=O)O)=C(SCCNC=N)C[C@H]12,11.938415027282725,11.938415027282725,0.0525491307634167,-1.1042536428151506,0.2244518620524577,26.1,299.35200000000003,282.216,299.093977024,110,0,0.3529509073866828,-0.476539273562781,0.476539273562781,0.3529509073866828,1.7,2.4,2.95,32.166556857764256,9.833875079461713,2.561482694646401,-2.4403845350686675,2.463138387068772,-2.6135386201861994,8.02677725587747,-0.160639580206206,2.6858592189475927,2.087764500996557,477.3228932913104,14.861442840636297,10.997107078209613,11.813603659137335,9.485269665192932,6.31366315432601,7.299261713979498,4.769957713644343,5.959680418529764,3.5153745522316604,4.632100387425021,2.6650822818980893,3.7423837922770335,-1.5399999999999998,26780.702272126447,14.860537006894264,5.840285926074446,2.4032394981196226,120.08201752987053,20.42975312453822,5.697039313055833,0.0,5.907179729351506,0.0,5.969305287951849,10.203820789863345,4.794537184071822,0.0,11.761884949391115,0.0,6.923737199690624,23.62356814947542,24.402248625579546,19.802129157825057,29.97690532921636,5.409283605791522,10.216698334856808,5.917906046161393,25.490366039512896,12.297610012659364,10.60217582694588,0.0,0.0,5.316788604006331,0.0,0.0,11.761884949391115,57.77140212991274,9.589074368143644,11.327189651952915,13.344558822616634,10.60217582694588,0.0,0.0,0.0,113.72,17.991177721861547,19.802129157825057,0.0,17.6460598715553,23.62356814947542,6.338535362521884,16.66179468024159,6.923737199690624,0.0,5.316788604006331,5.409283605791522,0.0,1.381147959183673,25.241550971475213,28.424071683604065,0.0525491307634167,-1.291253044427648,-0.2298177542621988,0.8081633269061113,2.1135877267573697,0.0,0.5833333333333334,20,4,7,0,2,2,0,0,0,5,4,8,7,0,1,1,2,-0.1760299999999992,74.32800000000002,1,1,1,0,0,0,0,0,1,1,2,1,0,0,0,1,2,0,0,0,0,0,0,0,0,0,0,1,0,0,0,0,0,0,0,0,1,0,0,0,0,0,0,0,0,0,0,0,0,0,0,0,0,1,0,0,0,0,0,0,0,0,0,0,0,0,0,0,0,0,0,0,0,0,0,1,0,0,0,0,0,0,0,0,0,573.0,Klebsiella pneumoniae,Bacteria
116684,,64677,CHEMBL679450,In vitro synergistic activity against Enterobacter cloacae SC12629 (AmpC inducible),F,BAO_0002146,BAO_0000218,organism-based format,C[C@@H](O)[C@H]1C(=O)N2C(C(=O)O)=C(SCCNC=N)C[C@H]12,CHEMBL1131794,Bioorg Med Chem Lett,1999.0,CHEMBL148,IMIPENEM,CHEMBL148,0,http://www.openphacts.org/units/MicrogramPerMilliliter,105537,=,1,1,=,MIC,ug.mL-1,1.0,CHEMBL349,Enterobacter cloacae,Enterobacter cloacae,550.0,,MIC,ug ml-1,UO_0000274,1.0,CHEMBL148,C[C@@H](O)[C@H]1C(=O)N2C(C(=O)O)=C(SCCNC=N)C[C@H]12,11.938415027282725,11.938415027282725,0.0525491307634167,-1.1042536428151506,0.2244518620524577,26.1,299.35200000000003,282.216,299.093977024,110,0,0.3529509073866828,-0.476539273562781,0.476539273562781,0.3529509073866828,1.7,2.4,2.95,32.166556857764256,9.833875079461713,2.561482694646401,-2.4403845350686675,2.463138387068772,-2.6135386201861994,8.02677725587747,-0.160639580206206,2.6858592189475927,2.087764500996557,477.3228932913104,14.861442840636297,10.997107078209613,11.813603659137335,9.485269665192932,6.31366315432601,7.299261713979498,4.769957713644343,5.959680418529764,3.5153745522316604,4.632100387425021,2.6650822818980893,3.7423837922770335,-1.5399999999999998,26780.702272126447,14.860537006894264,5.840285926074446,2.4032394981196226,120.08201752987053,20.42975312453822,5.697039313055833,0.0,5.907179729351506,0.0,5.969305287951849,10.203820789863345,4.794537184071822,0.0,11.761884949391115,0.0,6.923737199690624,23.62356814947542,24.402248625579546,19.802129157825057,29.97690532921636,5.409283605791522,10.216698334856808,5.917906046161393,25.490366039512896,12.297610012659364,10.60217582694588,0.0,0.0,5.316788604006331,0.0,0.0,11.761884949391115,57.77140212991274,9.589074368143644,11.327189651952915,13.344558822616634,10.60217582694588,0.0,0.0,0.0,113.72,17.991177721861547,19.802129157825057,0.0,17.6460598715553,23.62356814947542,6.338535362521884,16.66179468024159,6.923737199690624,0.0,5.316788604006331,5.409283605791522,0.0,1.381147959183673,25.241550971475213,28.424071683604065,0.0525491307634167,-1.291253044427648,-0.2298177542621988,0.8081633269061113,2.1135877267573697,0.0,0.5833333333333334,20,4,7,0,2,2,0,0,0,5,4,8,7,0,1,1,2,-0.1760299999999992,74.32800000000002,1,1,1,0,0,0,0,0,1,1,2,1,0,0,0,1,2,0,0,0,0,0,0,0,0,0,0,1,0,0,0,0,0,0,0,0,1,0,0,0,0,0,0,0,0,0,0,0,0,0,0,0,0,1,0,0,0,0,0,0,0,0,0,0,0,0,0,0,0,0,0,0,0,0,0,1,0,0,0,0,0,0,0,0,0,550.0,Enterobacter cloacae,Bacteria
116685,,64678,CHEMBL769416,In vitro synergistic activity against Pseudomonas aeruginosa Ps505A1 (AmpC derepressed),F,BAO_0002146,BAO_0000218,organism-based format,C[C@@H](O)[C@H]1C(=O)N2C(C(=O)O)=C(SCCNC=N)C[C@H]12,CHEMBL1131794,Bioorg Med Chem Lett,1999.0,CHEMBL148,IMIPENEM,CHEMBL148,0,http://www.openphacts.org/units/MicrogramPerMilliliter,105537,=,1,1,=,MIC,ug.mL-1,0.5,CHEMBL348,Pseudomonas aeruginosa,Pseudomonas aeruginosa,287.0,,MIC,ug ml-1,UO_0000274,0.5,CHEMBL148,C[C@@H](O)[C@H]1C(=O)N2C(C(=O)O)=C(SCCNC=N)C[C@H]12,11.938415027282725,11.938415027282725,0.0525491307634167,-1.1042536428151506,0.2244518620524577,26.1,299.35200000000003,282.216,299.093977024,110,0,0.3529509073866828,-0.476539273562781,0.476539273562781,0.3529509073866828,1.7,2.4,2.95,32.166556857764256,9.833875079461713,2.561482694646401,-2.4403845350686675,2.463138387068772,-2.6135386201861994,8.02677725587747,-0.160639580206206,2.6858592189475927,2.087764500996557,477.3228932913104,14.861442840636297,10.997107078209613,11.813603659137335,9.485269665192932,6.31366315432601,7.299261713979498,4.769957713644343,5.959680418529764,3.5153745522316604,4.632100387425021,2.6650822818980893,3.7423837922770335,-1.5399999999999998,26780.702272126447,14.860537006894264,5.840285926074446,2.4032394981196226,120.08201752987053,20.42975312453822,5.697039313055833,0.0,5.907179729351506,0.0,5.969305287951849,10.203820789863345,4.794537184071822,0.0,11.761884949391115,0.0,6.923737199690624,23.62356814947542,24.402248625579546,19.802129157825057,29.97690532921636,5.409283605791522,10.216698334856808,5.917906046161393,25.490366039512896,12.297610012659364,10.60217582694588,0.0,0.0,5.316788604006331,0.0,0.0,11.761884949391115,57.77140212991274,9.589074368143644,11.327189651952915,13.344558822616634,10.60217582694588,0.0,0.0,0.0,113.72,17.991177721861547,19.802129157825057,0.0,17.6460598715553,23.62356814947542,6.338535362521884,16.66179468024159,6.923737199690624,0.0,5.316788604006331,5.409283605791522,0.0,1.381147959183673,25.241550971475213,28.424071683604065,0.0525491307634167,-1.291253044427648,-0.2298177542621988,0.8081633269061113,2.1135877267573697,0.0,0.5833333333333334,20,4,7,0,2,2,0,0,0,5,4,8,7,0,1,1,2,-0.1760299999999992,74.32800000000002,1,1,1,0,0,0,0,0,1,1,2,1,0,0,0,1,2,0,0,0,0,0,0,0,0,0,0,1,0,0,0,0,0,0,0,0,1,0,0,0,0,0,0,0,0,0,0,0,0,0,0,0,0,1,0,0,0,0,0,0,0,0,0,0,0,0,0,0,0,0,0,0,0,0,0,1,0,0,0,0,0,0,0,0,0,287.0,Pseudomonas aeruginosa,Bacteria
116685,,64678,CHEMBL769416,In vitro synergistic activity against Pseudomonas aeruginosa Ps505A1 (AmpC derepressed),F,BAO_0002146,BAO_0000218,organism-based format,C[C@@H](O)[C@H]1C(=O)N2C(C(=O)O)=C(SCCNC=N)C[C@H]12,CHEMBL1131794,Bioorg Med Chem Lett,1999.0,CHEMBL148,IMIPENEM,CHEMBL148,0,http://www.openphacts.org/units/MicrogramPerMilliliter,105537,=,1,1,=,MIC,ug.mL-1,0.5,CHEMBL348,Pseudomonas aeruginosa,Pseudomonas aeruginosa,287.0,,MIC,ug ml-1,UO_0000274,0.5,CHEMBL148,C[C@@H](O)[C@H]1C(=O)N2C(C(=O)O)=C(SCCNC=N)C[C@H]12,11.938415027282725,11.938415027282725,0.0525491307634167,-1.1042536428151506,0.2244518620524577,26.1,299.35200000000003,282.216,299.093977024,110,0,0.3529509073866828,-0.476539273562781,0.476539273562781,0.3529509073866828,1.7,2.4,2.95,32.166556857764256,9.833875079461713,2.561482694646401,-2.4403845350686675,2.463138387068772,-2.6135386201861994,8.02677725587747,-0.160639580206206,2.6858592189475927,2.087764500996557,477.3228932913104,14.861442840636297,10.997107078209613,11.813603659137335,9.485269665192932,6.31366315432601,7.299261713979498,4.769957713644343,5.959680418529764,3.5153745522316604,4.632100387425021,2.6650822818980893,3.7423837922770335,-1.5399999999999998,26780.702272126447,14.860537006894264,5.840285926074446,2.4032394981196226,120.08201752987053,20.42975312453822,5.697039313055833,0.0,5.907179729351506,0.0,5.969305287951849,10.203820789863345,4.794537184071822,0.0,11.761884949391115,0.0,6.923737199690624,23.62356814947542,24.402248625579546,19.802129157825057,29.97690532921636,5.409283605791522,10.216698334856808,5.917906046161393,25.490366039512896,12.297610012659364,10.60217582694588,0.0,0.0,5.316788604006331,0.0,0.0,11.761884949391115,57.77140212991274,9.589074368143644,11.327189651952915,13.344558822616634,10.60217582694588,0.0,0.0,0.0,113.72,17.991177721861547,19.802129157825057,0.0,17.6460598715553,23.62356814947542,6.338535362521884,16.66179468024159,6.923737199690624,0.0,5.316788604006331,5.409283605791522,0.0,1.381147959183673,25.241550971475213,28.424071683604065,0.0525491307634167,-1.291253044427648,-0.2298177542621988,0.8081633269061113,2.1135877267573697,0.0,0.5833333333333334,20,4,7,0,2,2,0,0,0,5,4,8,7,0,1,1,2,-0.1760299999999992,74.32800000000002,1,1,1,0,0,0,0,0,1,1,2,1,0,0,0,1,2,0,0,0,0,0,0,0,0,0,0,1,0,0,0,0,0,0,0,0,1,0,0,0,0,0,0,0,0,0,0,0,0,0,0,0,0,1,0,0,0,0,0,0,0,0,0,0,0,0,0,0,0,0,0,0,0,0,0,1,0,0,0,0,0,0,0,0,0,287.0,Pseudomonas aeruginosa,Bacteria
116685,,64678,CHEMBL769416,In vitro synergistic activity against Pseudomonas aeruginosa Ps505A1 (AmpC derepressed),F,BAO_0002146,BAO_0000218,organism-based format,C[C@@H](O)[C@H]1C(=O)N2C(C(=O)O)=C(SCCNC=N)C[C@H]12,CHEMBL1131794,Bioorg Med Chem Lett,1999.0,CHEMBL148,IMIPENEM,CHEMBL148,0,http://www.openphacts.org/units/MicrogramPerMilliliter,105537,=,1,1,=,MIC,ug.mL-1,0.5,CHEMBL348,Pseudomonas aeruginosa,Pseudomonas aeruginosa,287.0,,MIC,ug ml-1,UO_0000274,0.5,CHEMBL148,C[C@@H](O)[C@H]1C(=O)N2C(C(=O)O)=C(SCCNC=N)C[C@H]12,11.938415027282725,11.938415027282725,0.0525491307634167,-1.1042536428151506,0.2244518620524577,26.1,299.35200000000003,282.216,299.093977024,110,0,0.3529509073866828,-0.476539273562781,0.476539273562781,0.3529509073866828,1.7,2.4,2.95,32.166556857764256,9.833875079461713,2.561482694646401,-2.4403845350686675,2.463138387068772,-2.6135386201861994,8.02677725587747,-0.160639580206206,2.6858592189475927,2.087764500996557,477.3228932913104,14.861442840636297,10.997107078209613,11.813603659137335,9.485269665192932,6.31366315432601,7.299261713979498,4.769957713644343,5.959680418529764,3.5153745522316604,4.632100387425021,2.6650822818980893,3.7423837922770335,-1.5399999999999998,26780.702272126447,14.860537006894264,5.840285926074446,2.4032394981196226,120.08201752987053,20.42975312453822,5.697039313055833,0.0,5.907179729351506,0.0,5.969305287951849,10.203820789863345,4.794537184071822,0.0,11.761884949391115,0.0,6.923737199690624,23.62356814947542,24.402248625579546,19.802129157825057,29.97690532921636,5.409283605791522,10.216698334856808,5.917906046161393,25.490366039512896,12.297610012659364,10.60217582694588,0.0,0.0,5.316788604006331,0.0,0.0,11.761884949391115,57.77140212991274,9.589074368143644,11.327189651952915,13.344558822616634,10.60217582694588,0.0,0.0,0.0,113.72,17.991177721861547,19.802129157825057,0.0,17.6460598715553,23.62356814947542,6.338535362521884,16.66179468024159,6.923737199690624,0.0,5.316788604006331,5.409283605791522,0.0,1.381147959183673,25.241550971475213,28.424071683604065,0.0525491307634167,-1.291253044427648,-0.2298177542621988,0.8081633269061113,2.1135877267573697,0.0,0.5833333333333334,20,4,7,0,2,2,0,0,0,5,4,8,7,0,1,1,2,-0.1760299999999992,74.32800000000002,1,1,1,0,0,0,0,0,1,1,2,1,0,0,0,1,2,0,0,0,0,0,0,0,0,0,0,1,0,0,0,0,0,0,0,0,1,0,0,0,0,0,0,0,0,0,0,0,0,0,0,0,0,1,0,0,0,0,0,0,0,0,0,0,0,0,0,0,0,0,0,0,0,0,0,1,0,0,0,0,0,0,0,0,0,287.0,Pseudomonas aeruginosa,Bacteria
116686,,64679,CHEMBL704691,"In vitro synergistic activity against Klebsiella pneumoniae (ACT-1 + 3 blas, IPM=S)",F,BAO_0002146,BAO_0000218,organism-based format,C[C@@H](O)[C@H]1C(=O)N2C(C(=O)O)=C(SCCNC=N)C[C@H]12,CHEMBL1131794,Bioorg Med Chem Lett,1999.0,CHEMBL148,IMIPENEM,CHEMBL148,0,http://www.openphacts.org/units/MicrogramPerMilliliter,105537,=,1,1,=,MIC,ug.mL-1,1.0,CHEMBL350,Klebsiella pneumoniae,Klebsiella pneumoniae,573.0,,MIC,ug ml-1,UO_0000274,1.0,CHEMBL148,C[C@@H](O)[C@H]1C(=O)N2C(C(=O)O)=C(SCCNC=N)C[C@H]12,11.938415027282725,11.938415027282725,0.0525491307634167,-1.1042536428151506,0.2244518620524577,26.1,299.35200000000003,282.216,299.093977024,110,0,0.3529509073866828,-0.476539273562781,0.476539273562781,0.3529509073866828,1.7,2.4,2.95,32.166556857764256,9.833875079461713,2.561482694646401,-2.4403845350686675,2.463138387068772,-2.6135386201861994,8.02677725587747,-0.160639580206206,2.6858592189475927,2.087764500996557,477.3228932913104,14.861442840636297,10.997107078209613,11.813603659137335,9.485269665192932,6.31366315432601,7.299261713979498,4.769957713644343,5.959680418529764,3.5153745522316604,4.632100387425021,2.6650822818980893,3.7423837922770335,-1.5399999999999998,26780.702272126447,14.860537006894264,5.840285926074446,2.4032394981196226,120.08201752987053,20.42975312453822,5.697039313055833,0.0,5.907179729351506,0.0,5.969305287951849,10.203820789863345,4.794537184071822,0.0,11.761884949391115,0.0,6.923737199690624,23.62356814947542,24.402248625579546,19.802129157825057,29.97690532921636,5.409283605791522,10.216698334856808,5.917906046161393,25.490366039512896,12.297610012659364,10.60217582694588,0.0,0.0,5.316788604006331,0.0,0.0,11.761884949391115,57.77140212991274,9.589074368143644,11.327189651952915,13.344558822616634,10.60217582694588,0.0,0.0,0.0,113.72,17.991177721861547,19.802129157825057,0.0,17.6460598715553,23.62356814947542,6.338535362521884,16.66179468024159,6.923737199690624,0.0,5.316788604006331,5.409283605791522,0.0,1.381147959183673,25.241550971475213,28.424071683604065,0.0525491307634167,-1.291253044427648,-0.2298177542621988,0.8081633269061113,2.1135877267573697,0.0,0.5833333333333334,20,4,7,0,2,2,0,0,0,5,4,8,7,0,1,1,2,-0.1760299999999992,74.32800000000002,1,1,1,0,0,0,0,0,1,1,2,1,0,0,0,1,2,0,0,0,0,0,0,0,0,0,0,1,0,0,0,0,0,0,0,0,1,0,0,0,0,0,0,0,0,0,0,0,0,0,0,0,0,1,0,0,0,0,0,0,0,0,0,0,0,0,0,0,0,0,0,0,0,0,0,1,0,0,0,0,0,0,0,0,0,573.0,Klebsiella pneumoniae,Bacteria
116686,,64679,CHEMBL704691,"In vitro synergistic activity against Klebsiella pneumoniae (ACT-1 + 3 blas, IPM=S)",F,BAO_0002146,BAO_0000218,organism-based format,C[C@@H](O)[C@H]1C(=O)N2C(C(=O)O)=C(SCCNC=N)C[C@H]12,CHEMBL1131794,Bioorg Med Chem Lett,1999.0,CHEMBL148,IMIPENEM,CHEMBL148,0,http://www.openphacts.org/units/MicrogramPerMilliliter,105537,=,1,1,=,MIC,ug.mL-1,1.0,CHEMBL350,Klebsiella pneumoniae,Klebsiella pneumoniae,573.0,,MIC,ug ml-1,UO_0000274,1.0,CHEMBL148,C[C@@H](O)[C@H]1C(=O)N2C(C(=O)O)=C(SCCNC=N)C[C@H]12,11.938415027282725,11.938415027282725,0.0525491307634167,-1.1042536428151506,0.2244518620524577,26.1,299.35200000000003,282.216,299.093977024,110,0,0.3529509073866828,-0.476539273562781,0.476539273562781,0.3529509073866828,1.7,2.4,2.95,32.166556857764256,9.833875079461713,2.561482694646401,-2.4403845350686675,2.463138387068772,-2.6135386201861994,8.02677725587747,-0.160639580206206,2.6858592189475927,2.087764500996557,477.3228932913104,14.861442840636297,10.997107078209613,11.813603659137335,9.485269665192932,6.31366315432601,7.299261713979498,4.769957713644343,5.959680418529764,3.5153745522316604,4.632100387425021,2.6650822818980893,3.7423837922770335,-1.5399999999999998,26780.702272126447,14.860537006894264,5.840285926074446,2.4032394981196226,120.08201752987053,20.42975312453822,5.697039313055833,0.0,5.907179729351506,0.0,5.969305287951849,10.203820789863345,4.794537184071822,0.0,11.761884949391115,0.0,6.923737199690624,23.62356814947542,24.402248625579546,19.802129157825057,29.97690532921636,5.409283605791522,10.216698334856808,5.917906046161393,25.490366039512896,12.297610012659364,10.60217582694588,0.0,0.0,5.316788604006331,0.0,0.0,11.761884949391115,57.77140212991274,9.589074368143644,11.327189651952915,13.344558822616634,10.60217582694588,0.0,0.0,0.0,113.72,17.991177721861547,19.802129157825057,0.0,17.6460598715553,23.62356814947542,6.338535362521884,16.66179468024159,6.923737199690624,0.0,5.316788604006331,5.409283605791522,0.0,1.381147959183673,25.241550971475213,28.424071683604065,0.0525491307634167,-1.291253044427648,-0.2298177542621988,0.8081633269061113,2.1135877267573697,0.0,0.5833333333333334,20,4,7,0,2,2,0,0,0,5,4,8,7,0,1,1,2,-0.1760299999999992,74.32800000000002,1,1,1,0,0,0,0,0,1,1,2,1,0,0,0,1,2,0,0,0,0,0,0,0,0,0,0,1,0,0,0,0,0,0,0,0,1,0,0,0,0,0,0,0,0,0,0,0,0,0,0,0,0,1,0,0,0,0,0,0,0,0,0,0,0,0,0,0,0,0,0,0,0,0,0,1,0,0,0,0,0,0,0,0,0,573.0,Klebsiella pneumoniae,Bacteria
116687,,64680,CHEMBL679449,In vitro synergistic activity against Enterobacter cloacae (Imi-1+AmpC),F,BAO_0002146,BAO_0000218,organism-based format,C[C@@H](O)[C@H]1C(=O)N2C(C(=O)O)=C(SCCNC=N)C[C@H]12,CHEMBL1131794,Bioorg Med Chem Lett,1999.0,CHEMBL148,IMIPENEM,CHEMBL148,0,http://www.openphacts.org/units/MicrogramPerMilliliter,105537,>,1,1,>,MIC,ug.mL-1,64.0,CHEMBL349,Enterobacter cloacae,Enterobacter cloacae,550.0,,MIC,ug ml-1,UO_0000274,64.0,CHEMBL148,C[C@@H](O)[C@H]1C(=O)N2C(C(=O)O)=C(SCCNC=N)C[C@H]12,11.938415027282725,11.938415027282725,0.0525491307634167,-1.1042536428151506,0.2244518620524577,26.1,299.35200000000003,282.216,299.093977024,110,0,0.3529509073866828,-0.476539273562781,0.476539273562781,0.3529509073866828,1.7,2.4,2.95,32.166556857764256,9.833875079461713,2.561482694646401,-2.4403845350686675,2.463138387068772,-2.6135386201861994,8.02677725587747,-0.160639580206206,2.6858592189475927,2.087764500996557,477.3228932913104,14.861442840636297,10.997107078209613,11.813603659137335,9.485269665192932,6.31366315432601,7.299261713979498,4.769957713644343,5.959680418529764,3.5153745522316604,4.632100387425021,2.6650822818980893,3.7423837922770335,-1.5399999999999998,26780.702272126447,14.860537006894264,5.840285926074446,2.4032394981196226,120.08201752987053,20.42975312453822,5.697039313055833,0.0,5.907179729351506,0.0,5.969305287951849,10.203820789863345,4.794537184071822,0.0,11.761884949391115,0.0,6.923737199690624,23.62356814947542,24.402248625579546,19.802129157825057,29.97690532921636,5.409283605791522,10.216698334856808,5.917906046161393,25.490366039512896,12.297610012659364,10.60217582694588,0.0,0.0,5.316788604006331,0.0,0.0,11.761884949391115,57.77140212991274,9.589074368143644,11.327189651952915,13.344558822616634,10.60217582694588,0.0,0.0,0.0,113.72,17.991177721861547,19.802129157825057,0.0,17.6460598715553,23.62356814947542,6.338535362521884,16.66179468024159,6.923737199690624,0.0,5.316788604006331,5.409283605791522,0.0,1.381147959183673,25.241550971475213,28.424071683604065,0.0525491307634167,-1.291253044427648,-0.2298177542621988,0.8081633269061113,2.1135877267573697,0.0,0.5833333333333334,20,4,7,0,2,2,0,0,0,5,4,8,7,0,1,1,2,-0.1760299999999992,74.32800000000002,1,1,1,0,0,0,0,0,1,1,2,1,0,0,0,1,2,0,0,0,0,0,0,0,0,0,0,1,0,0,0,0,0,0,0,0,1,0,0,0,0,0,0,0,0,0,0,0,0,0,0,0,0,1,0,0,0,0,0,0,0,0,0,0,0,0,0,0,0,0,0,0,0,0,0,1,0,0,0,0,0,0,0,0,0,550.0,Enterobacter cloacae,Bacteria
116688,,64681,CHEMBL638654,"In vitro synergistic activity against Aeromonas sobria (Asb A, OXA-12, Asb M)",F,BAO_0002146,BAO_0000218,organism-based format,C[C@@H](O)[C@H]1C(=O)N2C(C(=O)O)=C(SCCNC=N)C[C@H]12,CHEMBL1131794,Bioorg Med Chem Lett,1999.0,CHEMBL148,IMIPENEM,CHEMBL148,0,http://www.openphacts.org/units/MicrogramPerMilliliter,105537,>,1,1,>,MIC,ug.mL-1,64.0,CHEMBL614400,Aeromonas sobria,Aeromonas sobria,646.0,,MIC,ug ml-1,UO_0000274,64.0,CHEMBL148,C[C@@H](O)[C@H]1C(=O)N2C(C(=O)O)=C(SCCNC=N)C[C@H]12,11.938415027282725,11.938415027282725,0.0525491307634167,-1.1042536428151506,0.2244518620524577,26.1,299.35200000000003,282.216,299.093977024,110,0,0.3529509073866828,-0.476539273562781,0.476539273562781,0.3529509073866828,1.7,2.4,2.95,32.166556857764256,9.833875079461713,2.561482694646401,-2.4403845350686675,2.463138387068772,-2.6135386201861994,8.02677725587747,-0.160639580206206,2.6858592189475927,2.087764500996557,477.3228932913104,14.861442840636297,10.997107078209613,11.813603659137335,9.485269665192932,6.31366315432601,7.299261713979498,4.769957713644343,5.959680418529764,3.5153745522316604,4.632100387425021,2.6650822818980893,3.7423837922770335,-1.5399999999999998,26780.702272126447,14.860537006894264,5.840285926074446,2.4032394981196226,120.08201752987053,20.42975312453822,5.697039313055833,0.0,5.907179729351506,0.0,5.969305287951849,10.203820789863345,4.794537184071822,0.0,11.761884949391115,0.0,6.923737199690624,23.62356814947542,24.402248625579546,19.802129157825057,29.97690532921636,5.409283605791522,10.216698334856808,5.917906046161393,25.490366039512896,12.297610012659364,10.60217582694588,0.0,0.0,5.316788604006331,0.0,0.0,11.761884949391115,57.77140212991274,9.589074368143644,11.327189651952915,13.344558822616634,10.60217582694588,0.0,0.0,0.0,113.72,17.991177721861547,19.802129157825057,0.0,17.6460598715553,23.62356814947542,6.338535362521884,16.66179468024159,6.923737199690624,0.0,5.316788604006331,5.409283605791522,0.0,1.381147959183673,25.241550971475213,28.424071683604065,0.0525491307634167,-1.291253044427648,-0.2298177542621988,0.8081633269061113,2.1135877267573697,0.0,0.5833333333333334,20,4,7,0,2,2,0,0,0,5,4,8,7,0,1,1,2,-0.1760299999999992,74.32800000000002,1,1,1,0,0,0,0,0,1,1,2,1,0,0,0,1,2,0,0,0,0,0,0,0,0,0,0,1,0,0,0,0,0,0,0,0,1,0,0,0,0,0,0,0,0,0,0,0,0,0,0,0,0,1,0,0,0,0,0,0,0,0,0,0,0,0,0,0,0,0,0,0,0,0,0,1,0,0,0,0,0,0,0,0,0,646.0,Aeromonas sobria,Bacteria
116689,,64682,CHEMBL857239,In vitro synergistic activity against Stenotrophomonas maltophilia 1712(L1),F,BAO_0002146,BAO_0000218,organism-based format,C[C@@H](O)[C@H]1C(=O)N2C(C(=O)O)=C(SCCNC=N)C[C@H]12,CHEMBL1131794,Bioorg Med Chem Lett,1999.0,CHEMBL148,IMIPENEM,CHEMBL148,0,http://www.openphacts.org/units/MicrogramPerMilliliter,105537,>,1,1,>,MIC,ug.mL-1,64.0,CHEMBL612366,Stenotrophomonas maltophilia,Stenotrophomonas maltophilia,40324.0,,MIC,ug ml-1,UO_0000274,64.0,CHEMBL148,C[C@@H](O)[C@H]1C(=O)N2C(C(=O)O)=C(SCCNC=N)C[C@H]12,11.938415027282725,11.938415027282725,0.0525491307634167,-1.1042536428151506,0.2244518620524577,26.1,299.35200000000003,282.216,299.093977024,110,0,0.3529509073866828,-0.476539273562781,0.476539273562781,0.3529509073866828,1.7,2.4,2.95,32.166556857764256,9.833875079461713,2.561482694646401,-2.4403845350686675,2.463138387068772,-2.6135386201861994,8.02677725587747,-0.160639580206206,2.6858592189475927,2.087764500996557,477.3228932913104,14.861442840636297,10.997107078209613,11.813603659137335,9.485269665192932,6.31366315432601,7.299261713979498,4.769957713644343,5.959680418529764,3.5153745522316604,4.632100387425021,2.6650822818980893,3.7423837922770335,-1.5399999999999998,26780.702272126447,14.860537006894264,5.840285926074446,2.4032394981196226,120.08201752987053,20.42975312453822,5.697039313055833,0.0,5.907179729351506,0.0,5.969305287951849,10.203820789863345,4.794537184071822,0.0,11.761884949391115,0.0,6.923737199690624,23.62356814947542,24.402248625579546,19.802129157825057,29.97690532921636,5.409283605791522,10.216698334856808,5.917906046161393,25.490366039512896,12.297610012659364,10.60217582694588,0.0,0.0,5.316788604006331,0.0,0.0,11.761884949391115,57.77140212991274,9.589074368143644,11.327189651952915,13.344558822616634,10.60217582694588,0.0,0.0,0.0,113.72,17.991177721861547,19.802129157825057,0.0,17.6460598715553,23.62356814947542,6.338535362521884,16.66179468024159,6.923737199690624,0.0,5.316788604006331,5.409283605791522,0.0,1.381147959183673,25.241550971475213,28.424071683604065,0.0525491307634167,-1.291253044427648,-0.2298177542621988,0.8081633269061113,2.1135877267573697,0.0,0.5833333333333334,20,4,7,0,2,2,0,0,0,5,4,8,7,0,1,1,2,-0.1760299999999992,74.32800000000002,1,1,1,0,0,0,0,0,1,1,2,1,0,0,0,1,2,0,0,0,0,0,0,0,0,0,0,1,0,0,0,0,0,0,0,0,1,0,0,0,0,0,0,0,0,0,0,0,0,0,0,0,0,1,0,0,0,0,0,0,0,0,0,0,0,0,0,0,0,0,0,0,0,0,0,1,0,0,0,0,0,0,0,0,0,40324.0,Stenotrophomonas maltophilia,Bacteria
116690,,64683,CHEMBL807839,In vitro synergistic activity against Staphylococcus aureus (PC1),F,BAO_0002146,BAO_0000218,organism-based format,C[C@@H](O)[C@H]1C(=O)N2C(C(=O)O)=C(SCCNC=N)C[C@H]12,CHEMBL1131794,Bioorg Med Chem Lett,1999.0,CHEMBL148,IMIPENEM,CHEMBL148,0,http://www.openphacts.org/units/MicrogramPerMilliliter,105537,<,1,1,<,MIC,ug.mL-1,0.06,CHEMBL352,Staphylococcus aureus,Staphylococcus aureus,1280.0,,MIC,ug ml-1,UO_0000274,0.06,CHEMBL148,C[C@@H](O)[C@H]1C(=O)N2C(C(=O)O)=C(SCCNC=N)C[C@H]12,11.938415027282725,11.938415027282725,0.0525491307634167,-1.1042536428151506,0.2244518620524577,26.1,299.35200000000003,282.216,299.093977024,110,0,0.3529509073866828,-0.476539273562781,0.476539273562781,0.3529509073866828,1.7,2.4,2.95,32.166556857764256,9.833875079461713,2.561482694646401,-2.4403845350686675,2.463138387068772,-2.6135386201861994,8.02677725587747,-0.160639580206206,2.6858592189475927,2.087764500996557,477.3228932913104,14.861442840636297,10.997107078209613,11.813603659137335,9.485269665192932,6.31366315432601,7.299261713979498,4.769957713644343,5.959680418529764,3.5153745522316604,4.632100387425021,2.6650822818980893,3.7423837922770335,-1.5399999999999998,26780.702272126447,14.860537006894264,5.840285926074446,2.4032394981196226,120.08201752987053,20.42975312453822,5.697039313055833,0.0,5.907179729351506,0.0,5.969305287951849,10.203820789863345,4.794537184071822,0.0,11.761884949391115,0.0,6.923737199690624,23.62356814947542,24.402248625579546,19.802129157825057,29.97690532921636,5.409283605791522,10.216698334856808,5.917906046161393,25.490366039512896,12.297610012659364,10.60217582694588,0.0,0.0,5.316788604006331,0.0,0.0,11.761884949391115,57.77140212991274,9.589074368143644,11.327189651952915,13.344558822616634,10.60217582694588,0.0,0.0,0.0,113.72,17.991177721861547,19.802129157825057,0.0,17.6460598715553,23.62356814947542,6.338535362521884,16.66179468024159,6.923737199690624,0.0,5.316788604006331,5.409283605791522,0.0,1.381147959183673,25.241550971475213,28.424071683604065,0.0525491307634167,-1.291253044427648,-0.2298177542621988,0.8081633269061113,2.1135877267573697,0.0,0.5833333333333334,20,4,7,0,2,2,0,0,0,5,4,8,7,0,1,1,2,-0.1760299999999992,74.32800000000002,1,1,1,0,0,0,0,0,1,1,2,1,0,0,0,1,2,0,0,0,0,0,0,0,0,0,0,1,0,0,0,0,0,0,0,0,1,0,0,0,0,0,0,0,0,0,0,0,0,0,0,0,0,1,0,0,0,0,0,0,0,0,0,0,0,0,0,0,0,0,0,0,0,0,0,1,0,0,0,0,0,0,0,0,0,1280.0,Staphylococcus aureus,Bacteria
116690,,64683,CHEMBL807839,In vitro synergistic activity against Staphylococcus aureus (PC1),F,BAO_0002146,BAO_0000218,organism-based format,C[C@@H](O)[C@H]1C(=O)N2C(C(=O)O)=C(SCCNC=N)C[C@H]12,CHEMBL1131794,Bioorg Med Chem Lett,1999.0,CHEMBL148,IMIPENEM,CHEMBL148,0,http://www.openphacts.org/units/MicrogramPerMilliliter,105537,<,1,1,<,MIC,ug.mL-1,0.06,CHEMBL352,Staphylococcus aureus,Staphylococcus aureus,1280.0,,MIC,ug ml-1,UO_0000274,0.06,CHEMBL148,C[C@@H](O)[C@H]1C(=O)N2C(C(=O)O)=C(SCCNC=N)C[C@H]12,11.938415027282725,11.938415027282725,0.0525491307634167,-1.1042536428151506,0.2244518620524577,26.1,299.35200000000003,282.216,299.093977024,110,0,0.3529509073866828,-0.476539273562781,0.476539273562781,0.3529509073866828,1.7,2.4,2.95,32.166556857764256,9.833875079461713,2.561482694646401,-2.4403845350686675,2.463138387068772,-2.6135386201861994,8.02677725587747,-0.160639580206206,2.6858592189475927,2.087764500996557,477.3228932913104,14.861442840636297,10.997107078209613,11.813603659137335,9.485269665192932,6.31366315432601,7.299261713979498,4.769957713644343,5.959680418529764,3.5153745522316604,4.632100387425021,2.6650822818980893,3.7423837922770335,-1.5399999999999998,26780.702272126447,14.860537006894264,5.840285926074446,2.4032394981196226,120.08201752987053,20.42975312453822,5.697039313055833,0.0,5.907179729351506,0.0,5.969305287951849,10.203820789863345,4.794537184071822,0.0,11.761884949391115,0.0,6.923737199690624,23.62356814947542,24.402248625579546,19.802129157825057,29.97690532921636,5.409283605791522,10.216698334856808,5.917906046161393,25.490366039512896,12.297610012659364,10.60217582694588,0.0,0.0,5.316788604006331,0.0,0.0,11.761884949391115,57.77140212991274,9.589074368143644,11.327189651952915,13.344558822616634,10.60217582694588,0.0,0.0,0.0,113.72,17.991177721861547,19.802129157825057,0.0,17.6460598715553,23.62356814947542,6.338535362521884,16.66179468024159,6.923737199690624,0.0,5.316788604006331,5.409283605791522,0.0,1.381147959183673,25.241550971475213,28.424071683604065,0.0525491307634167,-1.291253044427648,-0.2298177542621988,0.8081633269061113,2.1135877267573697,0.0,0.5833333333333334,20,4,7,0,2,2,0,0,0,5,4,8,7,0,1,1,2,-0.1760299999999992,74.32800000000002,1,1,1,0,0,0,0,0,1,1,2,1,0,0,0,1,2,0,0,0,0,0,0,0,0,0,0,1,0,0,0,0,0,0,0,0,1,0,0,0,0,0,0,0,0,0,0,0,0,0,0,0,0,1,0,0,0,0,0,0,0,0,0,0,0,0,0,0,0,0,0,0,0,0,0,1,0,0,0,0,0,0,0,0,0,1280.0,Staphylococcus aureus,Bacteria
116691,,64684,CHEMBL679009,In vitro synergistic activity against Escherichia coli ATCC 25922 (no beta-lactamase),F,BAO_0002146,BAO_0000218,organism-based format,C[C@@H](O)[C@H]1C(=O)N2C(C(=O)O)=C(SCCNC=N)C[C@H]12,CHEMBL1131794,Bioorg Med Chem Lett,1999.0,CHEMBL148,IMIPENEM,CHEMBL148,0,http://www.openphacts.org/units/MicrogramPerMilliliter,105537,<,1,1,<,MIC,ug.mL-1,0.06,CHEMBL354,Escherichia coli,Escherichia coli,562.0,,MIC,ug ml-1,UO_0000274,0.06,CHEMBL148,C[C@@H](O)[C@H]1C(=O)N2C(C(=O)O)=C(SCCNC=N)C[C@H]12,11.938415027282725,11.938415027282725,0.0525491307634167,-1.1042536428151506,0.2244518620524577,26.1,299.35200000000003,282.216,299.093977024,110,0,0.3529509073866828,-0.476539273562781,0.476539273562781,0.3529509073866828,1.7,2.4,2.95,32.166556857764256,9.833875079461713,2.561482694646401,-2.4403845350686675,2.463138387068772,-2.6135386201861994,8.02677725587747,-0.160639580206206,2.6858592189475927,2.087764500996557,477.3228932913104,14.861442840636297,10.997107078209613,11.813603659137335,9.485269665192932,6.31366315432601,7.299261713979498,4.769957713644343,5.959680418529764,3.5153745522316604,4.632100387425021,2.6650822818980893,3.7423837922770335,-1.5399999999999998,26780.702272126447,14.860537006894264,5.840285926074446,2.4032394981196226,120.08201752987053,20.42975312453822,5.697039313055833,0.0,5.907179729351506,0.0,5.969305287951849,10.203820789863345,4.794537184071822,0.0,11.761884949391115,0.0,6.923737199690624,23.62356814947542,24.402248625579546,19.802129157825057,29.97690532921636,5.409283605791522,10.216698334856808,5.917906046161393,25.490366039512896,12.297610012659364,10.60217582694588,0.0,0.0,5.316788604006331,0.0,0.0,11.761884949391115,57.77140212991274,9.589074368143644,11.327189651952915,13.344558822616634,10.60217582694588,0.0,0.0,0.0,113.72,17.991177721861547,19.802129157825057,0.0,17.6460598715553,23.62356814947542,6.338535362521884,16.66179468024159,6.923737199690624,0.0,5.316788604006331,5.409283605791522,0.0,1.381147959183673,25.241550971475213,28.424071683604065,0.0525491307634167,-1.291253044427648,-0.2298177542621988,0.8081633269061113,2.1135877267573697,0.0,0.5833333333333334,20,4,7,0,2,2,0,0,0,5,4,8,7,0,1,1,2,-0.1760299999999992,74.32800000000002,1,1,1,0,0,0,0,0,1,1,2,1,0,0,0,1,2,0,0,0,0,0,0,0,0,0,0,1,0,0,0,0,0,0,0,0,1,0,0,0,0,0,0,0,0,0,0,0,0,0,0,0,0,1,0,0,0,0,0,0,0,0,0,0,0,0,0,0,0,0,0,0,0,0,0,1,0,0,0,0,0,0,0,0,0,562.0,Escherichia coli,Bacteria
116691,,64684,CHEMBL679009,In vitro synergistic activity against Escherichia coli ATCC 25922 (no beta-lactamase),F,BAO_0002146,BAO_0000218,organism-based format,C[C@@H](O)[C@H]1C(=O)N2C(C(=O)O)=C(SCCNC=N)C[C@H]12,CHEMBL1131794,Bioorg Med Chem Lett,1999.0,CHEMBL148,IMIPENEM,CHEMBL148,0,http://www.openphacts.org/units/MicrogramPerMilliliter,105537,<,1,1,<,MIC,ug.mL-1,0.06,CHEMBL354,Escherichia coli,Escherichia coli,562.0,,MIC,ug ml-1,UO_0000274,0.06,CHEMBL148,C[C@@H](O)[C@H]1C(=O)N2C(C(=O)O)=C(SCCNC=N)C[C@H]12,11.938415027282725,11.938415027282725,0.0525491307634167,-1.1042536428151506,0.2244518620524577,26.1,299.35200000000003,282.216,299.093977024,110,0,0.3529509073866828,-0.476539273562781,0.476539273562781,0.3529509073866828,1.7,2.4,2.95,32.166556857764256,9.833875079461713,2.561482694646401,-2.4403845350686675,2.463138387068772,-2.6135386201861994,8.02677725587747,-0.160639580206206,2.6858592189475927,2.087764500996557,477.3228932913104,14.861442840636297,10.997107078209613,11.813603659137335,9.485269665192932,6.31366315432601,7.299261713979498,4.769957713644343,5.959680418529764,3.5153745522316604,4.632100387425021,2.6650822818980893,3.7423837922770335,-1.5399999999999998,26780.702272126447,14.860537006894264,5.840285926074446,2.4032394981196226,120.08201752987053,20.42975312453822,5.697039313055833,0.0,5.907179729351506,0.0,5.969305287951849,10.203820789863345,4.794537184071822,0.0,11.761884949391115,0.0,6.923737199690624,23.62356814947542,24.402248625579546,19.802129157825057,29.97690532921636,5.409283605791522,10.216698334856808,5.917906046161393,25.490366039512896,12.297610012659364,10.60217582694588,0.0,0.0,5.316788604006331,0.0,0.0,11.761884949391115,57.77140212991274,9.589074368143644,11.327189651952915,13.344558822616634,10.60217582694588,0.0,0.0,0.0,113.72,17.991177721861547,19.802129157825057,0.0,17.6460598715553,23.62356814947542,6.338535362521884,16.66179468024159,6.923737199690624,0.0,5.316788604006331,5.409283605791522,0.0,1.381147959183673,25.241550971475213,28.424071683604065,0.0525491307634167,-1.291253044427648,-0.2298177542621988,0.8081633269061113,2.1135877267573697,0.0,0.5833333333333334,20,4,7,0,2,2,0,0,0,5,4,8,7,0,1,1,2,-0.1760299999999992,74.32800000000002,1,1,1,0,0,0,0,0,1,1,2,1,0,0,0,1,2,0,0,0,0,0,0,0,0,0,0,1,0,0,0,0,0,0,0,0,1,0,0,0,0,0,0,0,0,0,0,0,0,0,0,0,0,1,0,0,0,0,0,0,0,0,0,0,0,0,0,0,0,0,0,0,0,0,0,1,0,0,0,0,0,0,0,0,0,562.0,Escherichia coli,Bacteria
116691,,64684,CHEMBL679009,In vitro synergistic activity against Escherichia coli ATCC 25922 (no beta-lactamase),F,BAO_0002146,BAO_0000218,organism-based format,C[C@@H](O)[C@H]1C(=O)N2C(C(=O)O)=C(SCCNC=N)C[C@H]12,CHEMBL1131794,Bioorg Med Chem Lett,1999.0,CHEMBL148,IMIPENEM,CHEMBL148,0,http://www.openphacts.org/units/MicrogramPerMilliliter,105537,<,1,1,<,MIC,ug.mL-1,0.06,CHEMBL354,Escherichia coli,Escherichia coli,562.0,,MIC,ug ml-1,UO_0000274,0.06,CHEMBL148,C[C@@H](O)[C@H]1C(=O)N2C(C(=O)O)=C(SCCNC=N)C[C@H]12,11.938415027282725,11.938415027282725,0.0525491307634167,-1.1042536428151506,0.2244518620524577,26.1,299.35200000000003,282.216,299.093977024,110,0,0.3529509073866828,-0.476539273562781,0.476539273562781,0.3529509073866828,1.7,2.4,2.95,32.166556857764256,9.833875079461713,2.561482694646401,-2.4403845350686675,2.463138387068772,-2.6135386201861994,8.02677725587747,-0.160639580206206,2.6858592189475927,2.087764500996557,477.3228932913104,14.861442840636297,10.997107078209613,11.813603659137335,9.485269665192932,6.31366315432601,7.299261713979498,4.769957713644343,5.959680418529764,3.5153745522316604,4.632100387425021,2.6650822818980893,3.7423837922770335,-1.5399999999999998,26780.702272126447,14.860537006894264,5.840285926074446,2.4032394981196226,120.08201752987053,20.42975312453822,5.697039313055833,0.0,5.907179729351506,0.0,5.969305287951849,10.203820789863345,4.794537184071822,0.0,11.761884949391115,0.0,6.923737199690624,23.62356814947542,24.402248625579546,19.802129157825057,29.97690532921636,5.409283605791522,10.216698334856808,5.917906046161393,25.490366039512896,12.297610012659364,10.60217582694588,0.0,0.0,5.316788604006331,0.0,0.0,11.761884949391115,57.77140212991274,9.589074368143644,11.327189651952915,13.344558822616634,10.60217582694588,0.0,0.0,0.0,113.72,17.991177721861547,19.802129157825057,0.0,17.6460598715553,23.62356814947542,6.338535362521884,16.66179468024159,6.923737199690624,0.0,5.316788604006331,5.409283605791522,0.0,1.381147959183673,25.241550971475213,28.424071683604065,0.0525491307634167,-1.291253044427648,-0.2298177542621988,0.8081633269061113,2.1135877267573697,0.0,0.5833333333333334,20,4,7,0,2,2,0,0,0,5,4,8,7,0,1,1,2,-0.1760299999999992,74.32800000000002,1,1,1,0,0,0,0,0,1,1,2,1,0,0,0,1,2,0,0,0,0,0,0,0,0,0,0,1,0,0,0,0,0,0,0,0,1,0,0,0,0,0,0,0,0,0,0,0,0,0,0,0,0,1,0,0,0,0,0,0,0,0,0,0,0,0,0,0,0,0,0,0,0,0,0,1,0,0,0,0,0,0,0,0,0,562.0,Escherichia coli,Bacteria
116691,,64684,CHEMBL679009,In vitro synergistic activity against Escherichia coli ATCC 25922 (no beta-lactamase),F,BAO_0002146,BAO_0000218,organism-based format,C[C@@H](O)[C@H]1C(=O)N2C(C(=O)O)=C(SCCNC=N)C[C@H]12,CHEMBL1131794,Bioorg Med Chem Lett,1999.0,CHEMBL148,IMIPENEM,CHEMBL148,0,http://www.openphacts.org/units/MicrogramPerMilliliter,105537,<,1,1,<,MIC,ug.mL-1,0.06,CHEMBL354,Escherichia coli,Escherichia coli,562.0,,MIC,ug ml-1,UO_0000274,0.06,CHEMBL148,C[C@@H](O)[C@H]1C(=O)N2C(C(=O)O)=C(SCCNC=N)C[C@H]12,11.938415027282725,11.938415027282725,0.0525491307634167,-1.1042536428151506,0.2244518620524577,26.1,299.35200000000003,282.216,299.093977024,110,0,0.3529509073866828,-0.476539273562781,0.476539273562781,0.3529509073866828,1.7,2.4,2.95,32.166556857764256,9.833875079461713,2.561482694646401,-2.4403845350686675,2.463138387068772,-2.6135386201861994,8.02677725587747,-0.160639580206206,2.6858592189475927,2.087764500996557,477.3228932913104,14.861442840636297,10.997107078209613,11.813603659137335,9.485269665192932,6.31366315432601,7.299261713979498,4.769957713644343,5.959680418529764,3.5153745522316604,4.632100387425021,2.6650822818980893,3.7423837922770335,-1.5399999999999998,26780.702272126447,14.860537006894264,5.840285926074446,2.4032394981196226,120.08201752987053,20.42975312453822,5.697039313055833,0.0,5.907179729351506,0.0,5.969305287951849,10.203820789863345,4.794537184071822,0.0,11.761884949391115,0.0,6.923737199690624,23.62356814947542,24.402248625579546,19.802129157825057,29.97690532921636,5.409283605791522,10.216698334856808,5.917906046161393,25.490366039512896,12.297610012659364,10.60217582694588,0.0,0.0,5.316788604006331,0.0,0.0,11.761884949391115,57.77140212991274,9.589074368143644,11.327189651952915,13.344558822616634,10.60217582694588,0.0,0.0,0.0,113.72,17.991177721861547,19.802129157825057,0.0,17.6460598715553,23.62356814947542,6.338535362521884,16.66179468024159,6.923737199690624,0.0,5.316788604006331,5.409283605791522,0.0,1.381147959183673,25.241550971475213,28.424071683604065,0.0525491307634167,-1.291253044427648,-0.2298177542621988,0.8081633269061113,2.1135877267573697,0.0,0.5833333333333334,20,4,7,0,2,2,0,0,0,5,4,8,7,0,1,1,2,-0.1760299999999992,74.32800000000002,1,1,1,0,0,0,0,0,1,1,2,1,0,0,0,1,2,0,0,0,0,0,0,0,0,0,0,1,0,0,0,0,0,0,0,0,1,0,0,0,0,0,0,0,0,0,0,0,0,0,0,0,0,1,0,0,0,0,0,0,0,0,0,0,0,0,0,0,0,0,0,0,0,0,0,1,0,0,0,0,0,0,0,0,0,562.0,Escherichia coli,Bacteria
116692,,64685,CHEMBL679010,In vitro synergistic activity against Escherichia coli ATCC 35218 (TEM-1),F,BAO_0002146,BAO_0000218,organism-based format,C[C@@H](O)[C@H]1C(=O)N2C(C(=O)O)=C(SCCNC=N)C[C@H]12,CHEMBL1131794,Bioorg Med Chem Lett,1999.0,CHEMBL148,IMIPENEM,CHEMBL148,0,http://www.openphacts.org/units/MicrogramPerMilliliter,105537,<,1,1,<,MIC,ug.mL-1,0.06,CHEMBL354,Escherichia coli,Escherichia coli,562.0,,MIC,ug ml-1,UO_0000274,0.06,CHEMBL148,C[C@@H](O)[C@H]1C(=O)N2C(C(=O)O)=C(SCCNC=N)C[C@H]12,11.938415027282725,11.938415027282725,0.0525491307634167,-1.1042536428151506,0.2244518620524577,26.1,299.35200000000003,282.216,299.093977024,110,0,0.3529509073866828,-0.476539273562781,0.476539273562781,0.3529509073866828,1.7,2.4,2.95,32.166556857764256,9.833875079461713,2.561482694646401,-2.4403845350686675,2.463138387068772,-2.6135386201861994,8.02677725587747,-0.160639580206206,2.6858592189475927,2.087764500996557,477.3228932913104,14.861442840636297,10.997107078209613,11.813603659137335,9.485269665192932,6.31366315432601,7.299261713979498,4.769957713644343,5.959680418529764,3.5153745522316604,4.632100387425021,2.6650822818980893,3.7423837922770335,-1.5399999999999998,26780.702272126447,14.860537006894264,5.840285926074446,2.4032394981196226,120.08201752987053,20.42975312453822,5.697039313055833,0.0,5.907179729351506,0.0,5.969305287951849,10.203820789863345,4.794537184071822,0.0,11.761884949391115,0.0,6.923737199690624,23.62356814947542,24.402248625579546,19.802129157825057,29.97690532921636,5.409283605791522,10.216698334856808,5.917906046161393,25.490366039512896,12.297610012659364,10.60217582694588,0.0,0.0,5.316788604006331,0.0,0.0,11.761884949391115,57.77140212991274,9.589074368143644,11.327189651952915,13.344558822616634,10.60217582694588,0.0,0.0,0.0,113.72,17.991177721861547,19.802129157825057,0.0,17.6460598715553,23.62356814947542,6.338535362521884,16.66179468024159,6.923737199690624,0.0,5.316788604006331,5.409283605791522,0.0,1.381147959183673,25.241550971475213,28.424071683604065,0.0525491307634167,-1.291253044427648,-0.2298177542621988,0.8081633269061113,2.1135877267573697,0.0,0.5833333333333334,20,4,7,0,2,2,0,0,0,5,4,8,7,0,1,1,2,-0.1760299999999992,74.32800000000002,1,1,1,0,0,0,0,0,1,1,2,1,0,0,0,1,2,0,0,0,0,0,0,0,0,0,0,1,0,0,0,0,0,0,0,0,1,0,0,0,0,0,0,0,0,0,0,0,0,0,0,0,0,1,0,0,0,0,0,0,0,0,0,0,0,0,0,0,0,0,0,0,0,0,0,1,0,0,0,0,0,0,0,0,0,562.0,Escherichia coli,Bacteria
116692,,64685,CHEMBL679010,In vitro synergistic activity against Escherichia coli ATCC 35218 (TEM-1),F,BAO_0002146,BAO_0000218,organism-based format,C[C@@H](O)[C@H]1C(=O)N2C(C(=O)O)=C(SCCNC=N)C[C@H]12,CHEMBL1131794,Bioorg Med Chem Lett,1999.0,CHEMBL148,IMIPENEM,CHEMBL148,0,http://www.openphacts.org/units/MicrogramPerMilliliter,105537,<,1,1,<,MIC,ug.mL-1,0.06,CHEMBL354,Escherichia coli,Escherichia coli,562.0,,MIC,ug ml-1,UO_0000274,0.06,CHEMBL148,C[C@@H](O)[C@H]1C(=O)N2C(C(=O)O)=C(SCCNC=N)C[C@H]12,11.938415027282725,11.938415027282725,0.0525491307634167,-1.1042536428151506,0.2244518620524577,26.1,299.35200000000003,282.216,299.093977024,110,0,0.3529509073866828,-0.476539273562781,0.476539273562781,0.3529509073866828,1.7,2.4,2.95,32.166556857764256,9.833875079461713,2.561482694646401,-2.4403845350686675,2.463138387068772,-2.6135386201861994,8.02677725587747,-0.160639580206206,2.6858592189475927,2.087764500996557,477.3228932913104,14.861442840636297,10.997107078209613,11.813603659137335,9.485269665192932,6.31366315432601,7.299261713979498,4.769957713644343,5.959680418529764,3.5153745522316604,4.632100387425021,2.6650822818980893,3.7423837922770335,-1.5399999999999998,26780.702272126447,14.860537006894264,5.840285926074446,2.4032394981196226,120.08201752987053,20.42975312453822,5.697039313055833,0.0,5.907179729351506,0.0,5.969305287951849,10.203820789863345,4.794537184071822,0.0,11.761884949391115,0.0,6.923737199690624,23.62356814947542,24.402248625579546,19.802129157825057,29.97690532921636,5.409283605791522,10.216698334856808,5.917906046161393,25.490366039512896,12.297610012659364,10.60217582694588,0.0,0.0,5.316788604006331,0.0,0.0,11.761884949391115,57.77140212991274,9.589074368143644,11.327189651952915,13.344558822616634,10.60217582694588,0.0,0.0,0.0,113.72,17.991177721861547,19.802129157825057,0.0,17.6460598715553,23.62356814947542,6.338535362521884,16.66179468024159,6.923737199690624,0.0,5.316788604006331,5.409283605791522,0.0,1.381147959183673,25.241550971475213,28.424071683604065,0.0525491307634167,-1.291253044427648,-0.2298177542621988,0.8081633269061113,2.1135877267573697,0.0,0.5833333333333334,20,4,7,0,2,2,0,0,0,5,4,8,7,0,1,1,2,-0.1760299999999992,74.32800000000002,1,1,1,0,0,0,0,0,1,1,2,1,0,0,0,1,2,0,0,0,0,0,0,0,0,0,0,1,0,0,0,0,0,0,0,0,1,0,0,0,0,0,0,0,0,0,0,0,0,0,0,0,0,1,0,0,0,0,0,0,0,0,0,0,0,0,0,0,0,0,0,0,0,0,0,1,0,0,0,0,0,0,0,0,0,562.0,Escherichia coli,Bacteria
116692,,64685,CHEMBL679010,In vitro synergistic activity against Escherichia coli ATCC 35218 (TEM-1),F,BAO_0002146,BAO_0000218,organism-based format,C[C@@H](O)[C@H]1C(=O)N2C(C(=O)O)=C(SCCNC=N)C[C@H]12,CHEMBL1131794,Bioorg Med Chem Lett,1999.0,CHEMBL148,IMIPENEM,CHEMBL148,0,http://www.openphacts.org/units/MicrogramPerMilliliter,105537,<,1,1,<,MIC,ug.mL-1,0.06,CHEMBL354,Escherichia coli,Escherichia coli,562.0,,MIC,ug ml-1,UO_0000274,0.06,CHEMBL148,C[C@@H](O)[C@H]1C(=O)N2C(C(=O)O)=C(SCCNC=N)C[C@H]12,11.938415027282725,11.938415027282725,0.0525491307634167,-1.1042536428151506,0.2244518620524577,26.1,299.35200000000003,282.216,299.093977024,110,0,0.3529509073866828,-0.476539273562781,0.476539273562781,0.3529509073866828,1.7,2.4,2.95,32.166556857764256,9.833875079461713,2.561482694646401,-2.4403845350686675,2.463138387068772,-2.6135386201861994,8.02677725587747,-0.160639580206206,2.6858592189475927,2.087764500996557,477.3228932913104,14.861442840636297,10.997107078209613,11.813603659137335,9.485269665192932,6.31366315432601,7.299261713979498,4.769957713644343,5.959680418529764,3.5153745522316604,4.632100387425021,2.6650822818980893,3.7423837922770335,-1.5399999999999998,26780.702272126447,14.860537006894264,5.840285926074446,2.4032394981196226,120.08201752987053,20.42975312453822,5.697039313055833,0.0,5.907179729351506,0.0,5.969305287951849,10.203820789863345,4.794537184071822,0.0,11.761884949391115,0.0,6.923737199690624,23.62356814947542,24.402248625579546,19.802129157825057,29.97690532921636,5.409283605791522,10.216698334856808,5.917906046161393,25.490366039512896,12.297610012659364,10.60217582694588,0.0,0.0,5.316788604006331,0.0,0.0,11.761884949391115,57.77140212991274,9.589074368143644,11.327189651952915,13.344558822616634,10.60217582694588,0.0,0.0,0.0,113.72,17.991177721861547,19.802129157825057,0.0,17.6460598715553,23.62356814947542,6.338535362521884,16.66179468024159,6.923737199690624,0.0,5.316788604006331,5.409283605791522,0.0,1.381147959183673,25.241550971475213,28.424071683604065,0.0525491307634167,-1.291253044427648,-0.2298177542621988,0.8081633269061113,2.1135877267573697,0.0,0.5833333333333334,20,4,7,0,2,2,0,0,0,5,4,8,7,0,1,1,2,-0.1760299999999992,74.32800000000002,1,1,1,0,0,0,0,0,1,1,2,1,0,0,0,1,2,0,0,0,0,0,0,0,0,0,0,1,0,0,0,0,0,0,0,0,1,0,0,0,0,0,0,0,0,0,0,0,0,0,0,0,0,1,0,0,0,0,0,0,0,0,0,0,0,0,0,0,0,0,0,0,0,0,0,1,0,0,0,0,0,0,0,0,0,562.0,Escherichia coli,Bacteria
116692,,64685,CHEMBL679010,In vitro synergistic activity against Escherichia coli ATCC 35218 (TEM-1),F,BAO_0002146,BAO_0000218,organism-based format,C[C@@H](O)[C@H]1C(=O)N2C(C(=O)O)=C(SCCNC=N)C[C@H]12,CHEMBL1131794,Bioorg Med Chem Lett,1999.0,CHEMBL148,IMIPENEM,CHEMBL148,0,http://www.openphacts.org/units/MicrogramPerMilliliter,105537,<,1,1,<,MIC,ug.mL-1,0.06,CHEMBL354,Escherichia coli,Escherichia coli,562.0,,MIC,ug ml-1,UO_0000274,0.06,CHEMBL148,C[C@@H](O)[C@H]1C(=O)N2C(C(=O)O)=C(SCCNC=N)C[C@H]12,11.938415027282725,11.938415027282725,0.0525491307634167,-1.1042536428151506,0.2244518620524577,26.1,299.35200000000003,282.216,299.093977024,110,0,0.3529509073866828,-0.476539273562781,0.476539273562781,0.3529509073866828,1.7,2.4,2.95,32.166556857764256,9.833875079461713,2.561482694646401,-2.4403845350686675,2.463138387068772,-2.6135386201861994,8.02677725587747,-0.160639580206206,2.6858592189475927,2.087764500996557,477.3228932913104,14.861442840636297,10.997107078209613,11.813603659137335,9.485269665192932,6.31366315432601,7.299261713979498,4.769957713644343,5.959680418529764,3.5153745522316604,4.632100387425021,2.6650822818980893,3.7423837922770335,-1.5399999999999998,26780.702272126447,14.860537006894264,5.840285926074446,2.4032394981196226,120.08201752987053,20.42975312453822,5.697039313055833,0.0,5.907179729351506,0.0,5.969305287951849,10.203820789863345,4.794537184071822,0.0,11.761884949391115,0.0,6.923737199690624,23.62356814947542,24.402248625579546,19.802129157825057,29.97690532921636,5.409283605791522,10.216698334856808,5.917906046161393,25.490366039512896,12.297610012659364,10.60217582694588,0.0,0.0,5.316788604006331,0.0,0.0,11.761884949391115,57.77140212991274,9.589074368143644,11.327189651952915,13.344558822616634,10.60217582694588,0.0,0.0,0.0,113.72,17.991177721861547,19.802129157825057,0.0,17.6460598715553,23.62356814947542,6.338535362521884,16.66179468024159,6.923737199690624,0.0,5.316788604006331,5.409283605791522,0.0,1.381147959183673,25.241550971475213,28.424071683604065,0.0525491307634167,-1.291253044427648,-0.2298177542621988,0.8081633269061113,2.1135877267573697,0.0,0.5833333333333334,20,4,7,0,2,2,0,0,0,5,4,8,7,0,1,1,2,-0.1760299999999992,74.32800000000002,1,1,1,0,0,0,0,0,1,1,2,1,0,0,0,1,2,0,0,0,0,0,0,0,0,0,0,1,0,0,0,0,0,0,0,0,1,0,0,0,0,0,0,0,0,0,0,0,0,0,0,0,0,1,0,0,0,0,0,0,0,0,0,0,0,0,0,0,0,0,0,0,0,0,0,1,0,0,0,0,0,0,0,0,0,562.0,Escherichia coli,Bacteria
116693,,64686,CHEMBL802092,In vivo synergistic activity against Serratia marcescens GC 4132 (Amp C),F,BAO_0002146,BAO_0000218,organism-based format,C[C@@H](O)[C@H]1C(=O)N2C(C(=O)O)=C(SCCNC=N)C[C@H]12,CHEMBL1131794,Bioorg Med Chem Lett,1999.0,CHEMBL148,IMIPENEM,CHEMBL148,0,http://www.openphacts.org/units/MicrogramPerMilliliter,105537,=,1,1,=,MIC,ug.mL-1,1.0,CHEMBL614593,Serratia marcescens,Serratia marcescens,615.0,,MIC,ug ml-1,UO_0000274,1.0,CHEMBL148,C[C@@H](O)[C@H]1C(=O)N2C(C(=O)O)=C(SCCNC=N)C[C@H]12,11.938415027282725,11.938415027282725,0.0525491307634167,-1.1042536428151506,0.2244518620524577,26.1,299.35200000000003,282.216,299.093977024,110,0,0.3529509073866828,-0.476539273562781,0.476539273562781,0.3529509073866828,1.7,2.4,2.95,32.166556857764256,9.833875079461713,2.561482694646401,-2.4403845350686675,2.463138387068772,-2.6135386201861994,8.02677725587747,-0.160639580206206,2.6858592189475927,2.087764500996557,477.3228932913104,14.861442840636297,10.997107078209613,11.813603659137335,9.485269665192932,6.31366315432601,7.299261713979498,4.769957713644343,5.959680418529764,3.5153745522316604,4.632100387425021,2.6650822818980893,3.7423837922770335,-1.5399999999999998,26780.702272126447,14.860537006894264,5.840285926074446,2.4032394981196226,120.08201752987053,20.42975312453822,5.697039313055833,0.0,5.907179729351506,0.0,5.969305287951849,10.203820789863345,4.794537184071822,0.0,11.761884949391115,0.0,6.923737199690624,23.62356814947542,24.402248625579546,19.802129157825057,29.97690532921636,5.409283605791522,10.216698334856808,5.917906046161393,25.490366039512896,12.297610012659364,10.60217582694588,0.0,0.0,5.316788604006331,0.0,0.0,11.761884949391115,57.77140212991274,9.589074368143644,11.327189651952915,13.344558822616634,10.60217582694588,0.0,0.0,0.0,113.72,17.991177721861547,19.802129157825057,0.0,17.6460598715553,23.62356814947542,6.338535362521884,16.66179468024159,6.923737199690624,0.0,5.316788604006331,5.409283605791522,0.0,1.381147959183673,25.241550971475213,28.424071683604065,0.0525491307634167,-1.291253044427648,-0.2298177542621988,0.8081633269061113,2.1135877267573697,0.0,0.5833333333333334,20,4,7,0,2,2,0,0,0,5,4,8,7,0,1,1,2,-0.1760299999999992,74.32800000000002,1,1,1,0,0,0,0,0,1,1,2,1,0,0,0,1,2,0,0,0,0,0,0,0,0,0,0,1,0,0,0,0,0,0,0,0,1,0,0,0,0,0,0,0,0,0,0,0,0,0,0,0,0,1,0,0,0,0,0,0,0,0,0,0,0,0,0,0,0,0,0,0,0,0,0,1,0,0,0,0,0,0,0,0,0,615.0,Serratia marcescens,Bacteria
116694,,64687,CHEMBL676370,In vivo synergistic activity against Escherichia coli GC6265 (TEM-1),F,BAO_0002146,BAO_0000218,organism-based format,C[C@@H](O)[C@H]1C(=O)N2C(C(=O)O)=C(SCCNC=N)C[C@H]12,CHEMBL1131794,Bioorg Med Chem Lett,1999.0,CHEMBL148,IMIPENEM,CHEMBL148,0,http://www.openphacts.org/units/MicrogramPerMilliliter,105537,<,1,1,<,MIC,ug.mL-1,0.06,CHEMBL354,Escherichia coli,Escherichia coli,562.0,,MIC,ug ml-1,UO_0000274,0.06,CHEMBL148,C[C@@H](O)[C@H]1C(=O)N2C(C(=O)O)=C(SCCNC=N)C[C@H]12,11.938415027282725,11.938415027282725,0.0525491307634167,-1.1042536428151506,0.2244518620524577,26.1,299.35200000000003,282.216,299.093977024,110,0,0.3529509073866828,-0.476539273562781,0.476539273562781,0.3529509073866828,1.7,2.4,2.95,32.166556857764256,9.833875079461713,2.561482694646401,-2.4403845350686675,2.463138387068772,-2.6135386201861994,8.02677725587747,-0.160639580206206,2.6858592189475927,2.087764500996557,477.3228932913104,14.861442840636297,10.997107078209613,11.813603659137335,9.485269665192932,6.31366315432601,7.299261713979498,4.769957713644343,5.959680418529764,3.5153745522316604,4.632100387425021,2.6650822818980893,3.7423837922770335,-1.5399999999999998,26780.702272126447,14.860537006894264,5.840285926074446,2.4032394981196226,120.08201752987053,20.42975312453822,5.697039313055833,0.0,5.907179729351506,0.0,5.969305287951849,10.203820789863345,4.794537184071822,0.0,11.761884949391115,0.0,6.923737199690624,23.62356814947542,24.402248625579546,19.802129157825057,29.97690532921636,5.409283605791522,10.216698334856808,5.917906046161393,25.490366039512896,12.297610012659364,10.60217582694588,0.0,0.0,5.316788604006331,0.0,0.0,11.761884949391115,57.77140212991274,9.589074368143644,11.327189651952915,13.344558822616634,10.60217582694588,0.0,0.0,0.0,113.72,17.991177721861547,19.802129157825057,0.0,17.6460598715553,23.62356814947542,6.338535362521884,16.66179468024159,6.923737199690624,0.0,5.316788604006331,5.409283605791522,0.0,1.381147959183673,25.241550971475213,28.424071683604065,0.0525491307634167,-1.291253044427648,-0.2298177542621988,0.8081633269061113,2.1135877267573697,0.0,0.5833333333333334,20,4,7,0,2,2,0,0,0,5,4,8,7,0,1,1,2,-0.1760299999999992,74.32800000000002,1,1,1,0,0,0,0,0,1,1,2,1,0,0,0,1,2,0,0,0,0,0,0,0,0,0,0,1,0,0,0,0,0,0,0,0,1,0,0,0,0,0,0,0,0,0,0,0,0,0,0,0,0,1,0,0,0,0,0,0,0,0,0,0,0,0,0,0,0,0,0,0,0,0,0,1,0,0,0,0,0,0,0,0,0,562.0,Escherichia coli,Bacteria
116694,,64687,CHEMBL676370,In vivo synergistic activity against Escherichia coli GC6265 (TEM-1),F,BAO_0002146,BAO_0000218,organism-based format,C[C@@H](O)[C@H]1C(=O)N2C(C(=O)O)=C(SCCNC=N)C[C@H]12,CHEMBL1131794,Bioorg Med Chem Lett,1999.0,CHEMBL148,IMIPENEM,CHEMBL148,0,http://www.openphacts.org/units/MicrogramPerMilliliter,105537,<,1,1,<,MIC,ug.mL-1,0.06,CHEMBL354,Escherichia coli,Escherichia coli,562.0,,MIC,ug ml-1,UO_0000274,0.06,CHEMBL148,C[C@@H](O)[C@H]1C(=O)N2C(C(=O)O)=C(SCCNC=N)C[C@H]12,11.938415027282725,11.938415027282725,0.0525491307634167,-1.1042536428151506,0.2244518620524577,26.1,299.35200000000003,282.216,299.093977024,110,0,0.3529509073866828,-0.476539273562781,0.476539273562781,0.3529509073866828,1.7,2.4,2.95,32.166556857764256,9.833875079461713,2.561482694646401,-2.4403845350686675,2.463138387068772,-2.6135386201861994,8.02677725587747,-0.160639580206206,2.6858592189475927,2.087764500996557,477.3228932913104,14.861442840636297,10.997107078209613,11.813603659137335,9.485269665192932,6.31366315432601,7.299261713979498,4.769957713644343,5.959680418529764,3.5153745522316604,4.632100387425021,2.6650822818980893,3.7423837922770335,-1.5399999999999998,26780.702272126447,14.860537006894264,5.840285926074446,2.4032394981196226,120.08201752987053,20.42975312453822,5.697039313055833,0.0,5.907179729351506,0.0,5.969305287951849,10.203820789863345,4.794537184071822,0.0,11.761884949391115,0.0,6.923737199690624,23.62356814947542,24.402248625579546,19.802129157825057,29.97690532921636,5.409283605791522,10.216698334856808,5.917906046161393,25.490366039512896,12.297610012659364,10.60217582694588,0.0,0.0,5.316788604006331,0.0,0.0,11.761884949391115,57.77140212991274,9.589074368143644,11.327189651952915,13.344558822616634,10.60217582694588,0.0,0.0,0.0,113.72,17.991177721861547,19.802129157825057,0.0,17.6460598715553,23.62356814947542,6.338535362521884,16.66179468024159,6.923737199690624,0.0,5.316788604006331,5.409283605791522,0.0,1.381147959183673,25.241550971475213,28.424071683604065,0.0525491307634167,-1.291253044427648,-0.2298177542621988,0.8081633269061113,2.1135877267573697,0.0,0.5833333333333334,20,4,7,0,2,2,0,0,0,5,4,8,7,0,1,1,2,-0.1760299999999992,74.32800000000002,1,1,1,0,0,0,0,0,1,1,2,1,0,0,0,1,2,0,0,0,0,0,0,0,0,0,0,1,0,0,0,0,0,0,0,0,1,0,0,0,0,0,0,0,0,0,0,0,0,0,0,0,0,1,0,0,0,0,0,0,0,0,0,0,0,0,0,0,0,0,0,0,0,0,0,1,0,0,0,0,0,0,0,0,0,562.0,Escherichia coli,Bacteria
116694,,64687,CHEMBL676370,In vivo synergistic activity against Escherichia coli GC6265 (TEM-1),F,BAO_0002146,BAO_0000218,organism-based format,C[C@@H](O)[C@H]1C(=O)N2C(C(=O)O)=C(SCCNC=N)C[C@H]12,CHEMBL1131794,Bioorg Med Chem Lett,1999.0,CHEMBL148,IMIPENEM,CHEMBL148,0,http://www.openphacts.org/units/MicrogramPerMilliliter,105537,<,1,1,<,MIC,ug.mL-1,0.06,CHEMBL354,Escherichia coli,Escherichia coli,562.0,,MIC,ug ml-1,UO_0000274,0.06,CHEMBL148,C[C@@H](O)[C@H]1C(=O)N2C(C(=O)O)=C(SCCNC=N)C[C@H]12,11.938415027282725,11.938415027282725,0.0525491307634167,-1.1042536428151506,0.2244518620524577,26.1,299.35200000000003,282.216,299.093977024,110,0,0.3529509073866828,-0.476539273562781,0.476539273562781,0.3529509073866828,1.7,2.4,2.95,32.166556857764256,9.833875079461713,2.561482694646401,-2.4403845350686675,2.463138387068772,-2.6135386201861994,8.02677725587747,-0.160639580206206,2.6858592189475927,2.087764500996557,477.3228932913104,14.861442840636297,10.997107078209613,11.813603659137335,9.485269665192932,6.31366315432601,7.299261713979498,4.769957713644343,5.959680418529764,3.5153745522316604,4.632100387425021,2.6650822818980893,3.7423837922770335,-1.5399999999999998,26780.702272126447,14.860537006894264,5.840285926074446,2.4032394981196226,120.08201752987053,20.42975312453822,5.697039313055833,0.0,5.907179729351506,0.0,5.969305287951849,10.203820789863345,4.794537184071822,0.0,11.761884949391115,0.0,6.923737199690624,23.62356814947542,24.402248625579546,19.802129157825057,29.97690532921636,5.409283605791522,10.216698334856808,5.917906046161393,25.490366039512896,12.297610012659364,10.60217582694588,0.0,0.0,5.316788604006331,0.0,0.0,11.761884949391115,57.77140212991274,9.589074368143644,11.327189651952915,13.344558822616634,10.60217582694588,0.0,0.0,0.0,113.72,17.991177721861547,19.802129157825057,0.0,17.6460598715553,23.62356814947542,6.338535362521884,16.66179468024159,6.923737199690624,0.0,5.316788604006331,5.409283605791522,0.0,1.381147959183673,25.241550971475213,28.424071683604065,0.0525491307634167,-1.291253044427648,-0.2298177542621988,0.8081633269061113,2.1135877267573697,0.0,0.5833333333333334,20,4,7,0,2,2,0,0,0,5,4,8,7,0,1,1,2,-0.1760299999999992,74.32800000000002,1,1,1,0,0,0,0,0,1,1,2,1,0,0,0,1,2,0,0,0,0,0,0,0,0,0,0,1,0,0,0,0,0,0,0,0,1,0,0,0,0,0,0,0,0,0,0,0,0,0,0,0,0,1,0,0,0,0,0,0,0,0,0,0,0,0,0,0,0,0,0,0,0,0,0,1,0,0,0,0,0,0,0,0,0,562.0,Escherichia coli,Bacteria
116694,,64687,CHEMBL676370,In vivo synergistic activity against Escherichia coli GC6265 (TEM-1),F,BAO_0002146,BAO_0000218,organism-based format,C[C@@H](O)[C@H]1C(=O)N2C(C(=O)O)=C(SCCNC=N)C[C@H]12,CHEMBL1131794,Bioorg Med Chem Lett,1999.0,CHEMBL148,IMIPENEM,CHEMBL148,0,http://www.openphacts.org/units/MicrogramPerMilliliter,105537,<,1,1,<,MIC,ug.mL-1,0.06,CHEMBL354,Escherichia coli,Escherichia coli,562.0,,MIC,ug ml-1,UO_0000274,0.06,CHEMBL148,C[C@@H](O)[C@H]1C(=O)N2C(C(=O)O)=C(SCCNC=N)C[C@H]12,11.938415027282725,11.938415027282725,0.0525491307634167,-1.1042536428151506,0.2244518620524577,26.1,299.35200000000003,282.216,299.093977024,110,0,0.3529509073866828,-0.476539273562781,0.476539273562781,0.3529509073866828,1.7,2.4,2.95,32.166556857764256,9.833875079461713,2.561482694646401,-2.4403845350686675,2.463138387068772,-2.6135386201861994,8.02677725587747,-0.160639580206206,2.6858592189475927,2.087764500996557,477.3228932913104,14.861442840636297,10.997107078209613,11.813603659137335,9.485269665192932,6.31366315432601,7.299261713979498,4.769957713644343,5.959680418529764,3.5153745522316604,4.632100387425021,2.6650822818980893,3.7423837922770335,-1.5399999999999998,26780.702272126447,14.860537006894264,5.840285926074446,2.4032394981196226,120.08201752987053,20.42975312453822,5.697039313055833,0.0,5.907179729351506,0.0,5.969305287951849,10.203820789863345,4.794537184071822,0.0,11.761884949391115,0.0,6.923737199690624,23.62356814947542,24.402248625579546,19.802129157825057,29.97690532921636,5.409283605791522,10.216698334856808,5.917906046161393,25.490366039512896,12.297610012659364,10.60217582694588,0.0,0.0,5.316788604006331,0.0,0.0,11.761884949391115,57.77140212991274,9.589074368143644,11.327189651952915,13.344558822616634,10.60217582694588,0.0,0.0,0.0,113.72,17.991177721861547,19.802129157825057,0.0,17.6460598715553,23.62356814947542,6.338535362521884,16.66179468024159,6.923737199690624,0.0,5.316788604006331,5.409283605791522,0.0,1.381147959183673,25.241550971475213,28.424071683604065,0.0525491307634167,-1.291253044427648,-0.2298177542621988,0.8081633269061113,2.1135877267573697,0.0,0.5833333333333334,20,4,7,0,2,2,0,0,0,5,4,8,7,0,1,1,2,-0.1760299999999992,74.32800000000002,1,1,1,0,0,0,0,0,1,1,2,1,0,0,0,1,2,0,0,0,0,0,0,0,0,0,0,1,0,0,0,0,0,0,0,0,1,0,0,0,0,0,0,0,0,0,0,0,0,0,0,0,0,1,0,0,0,0,0,0,0,0,0,0,0,0,0,0,0,0,0,0,0,0,0,1,0,0,0,0,0,0,0,0,0,562.0,Escherichia coli,Bacteria
116695,,64688,CHEMBL676364,In vitro synergistic activity against Escherichia coli GC 6266 clinical isolate,F,BAO_0002146,BAO_0000218,organism-based format,C[C@@H](O)[C@H]1C(=O)N2C(C(=O)O)=C(SCCNC=N)C[C@H]12,CHEMBL1131794,Bioorg Med Chem Lett,1999.0,CHEMBL148,IMIPENEM,CHEMBL148,0,http://www.openphacts.org/units/MicrogramPerMilliliter,105537,=,1,1,=,MIC,ug.mL-1,0.25,CHEMBL354,Escherichia coli,Escherichia coli,562.0,,MIC,ug ml-1,UO_0000274,0.25,CHEMBL148,C[C@@H](O)[C@H]1C(=O)N2C(C(=O)O)=C(SCCNC=N)C[C@H]12,11.938415027282725,11.938415027282725,0.0525491307634167,-1.1042536428151506,0.2244518620524577,26.1,299.35200000000003,282.216,299.093977024,110,0,0.3529509073866828,-0.476539273562781,0.476539273562781,0.3529509073866828,1.7,2.4,2.95,32.166556857764256,9.833875079461713,2.561482694646401,-2.4403845350686675,2.463138387068772,-2.6135386201861994,8.02677725587747,-0.160639580206206,2.6858592189475927,2.087764500996557,477.3228932913104,14.861442840636297,10.997107078209613,11.813603659137335,9.485269665192932,6.31366315432601,7.299261713979498,4.769957713644343,5.959680418529764,3.5153745522316604,4.632100387425021,2.6650822818980893,3.7423837922770335,-1.5399999999999998,26780.702272126447,14.860537006894264,5.840285926074446,2.4032394981196226,120.08201752987053,20.42975312453822,5.697039313055833,0.0,5.907179729351506,0.0,5.969305287951849,10.203820789863345,4.794537184071822,0.0,11.761884949391115,0.0,6.923737199690624,23.62356814947542,24.402248625579546,19.802129157825057,29.97690532921636,5.409283605791522,10.216698334856808,5.917906046161393,25.490366039512896,12.297610012659364,10.60217582694588,0.0,0.0,5.316788604006331,0.0,0.0,11.761884949391115,57.77140212991274,9.589074368143644,11.327189651952915,13.344558822616634,10.60217582694588,0.0,0.0,0.0,113.72,17.991177721861547,19.802129157825057,0.0,17.6460598715553,23.62356814947542,6.338535362521884,16.66179468024159,6.923737199690624,0.0,5.316788604006331,5.409283605791522,0.0,1.381147959183673,25.241550971475213,28.424071683604065,0.0525491307634167,-1.291253044427648,-0.2298177542621988,0.8081633269061113,2.1135877267573697,0.0,0.5833333333333334,20,4,7,0,2,2,0,0,0,5,4,8,7,0,1,1,2,-0.1760299999999992,74.32800000000002,1,1,1,0,0,0,0,0,1,1,2,1,0,0,0,1,2,0,0,0,0,0,0,0,0,0,0,1,0,0,0,0,0,0,0,0,1,0,0,0,0,0,0,0,0,0,0,0,0,0,0,0,0,1,0,0,0,0,0,0,0,0,0,0,0,0,0,0,0,0,0,0,0,0,0,1,0,0,0,0,0,0,0,0,0,562.0,Escherichia coli,Bacteria
116695,,64688,CHEMBL676364,In vitro synergistic activity against Escherichia coli GC 6266 clinical isolate,F,BAO_0002146,BAO_0000218,organism-based format,C[C@@H](O)[C@H]1C(=O)N2C(C(=O)O)=C(SCCNC=N)C[C@H]12,CHEMBL1131794,Bioorg Med Chem Lett,1999.0,CHEMBL148,IMIPENEM,CHEMBL148,0,http://www.openphacts.org/units/MicrogramPerMilliliter,105537,=,1,1,=,MIC,ug.mL-1,0.25,CHEMBL354,Escherichia coli,Escherichia coli,562.0,,MIC,ug ml-1,UO_0000274,0.25,CHEMBL148,C[C@@H](O)[C@H]1C(=O)N2C(C(=O)O)=C(SCCNC=N)C[C@H]12,11.938415027282725,11.938415027282725,0.0525491307634167,-1.1042536428151506,0.2244518620524577,26.1,299.35200000000003,282.216,299.093977024,110,0,0.3529509073866828,-0.476539273562781,0.476539273562781,0.3529509073866828,1.7,2.4,2.95,32.166556857764256,9.833875079461713,2.561482694646401,-2.4403845350686675,2.463138387068772,-2.6135386201861994,8.02677725587747,-0.160639580206206,2.6858592189475927,2.087764500996557,477.3228932913104,14.861442840636297,10.997107078209613,11.813603659137335,9.485269665192932,6.31366315432601,7.299261713979498,4.769957713644343,5.959680418529764,3.5153745522316604,4.632100387425021,2.6650822818980893,3.7423837922770335,-1.5399999999999998,26780.702272126447,14.860537006894264,5.840285926074446,2.4032394981196226,120.08201752987053,20.42975312453822,5.697039313055833,0.0,5.907179729351506,0.0,5.969305287951849,10.203820789863345,4.794537184071822,0.0,11.761884949391115,0.0,6.923737199690624,23.62356814947542,24.402248625579546,19.802129157825057,29.97690532921636,5.409283605791522,10.216698334856808,5.917906046161393,25.490366039512896,12.297610012659364,10.60217582694588,0.0,0.0,5.316788604006331,0.0,0.0,11.761884949391115,57.77140212991274,9.589074368143644,11.327189651952915,13.344558822616634,10.60217582694588,0.0,0.0,0.0,113.72,17.991177721861547,19.802129157825057,0.0,17.6460598715553,23.62356814947542,6.338535362521884,16.66179468024159,6.923737199690624,0.0,5.316788604006331,5.409283605791522,0.0,1.381147959183673,25.241550971475213,28.424071683604065,0.0525491307634167,-1.291253044427648,-0.2298177542621988,0.8081633269061113,2.1135877267573697,0.0,0.5833333333333334,20,4,7,0,2,2,0,0,0,5,4,8,7,0,1,1,2,-0.1760299999999992,74.32800000000002,1,1,1,0,0,0,0,0,1,1,2,1,0,0,0,1,2,0,0,0,0,0,0,0,0,0,0,1,0,0,0,0,0,0,0,0,1,0,0,0,0,0,0,0,0,0,0,0,0,0,0,0,0,1,0,0,0,0,0,0,0,0,0,0,0,0,0,0,0,0,0,0,0,0,0,1,0,0,0,0,0,0,0,0,0,562.0,Escherichia coli,Bacteria
116695,,64688,CHEMBL676364,In vitro synergistic activity against Escherichia coli GC 6266 clinical isolate,F,BAO_0002146,BAO_0000218,organism-based format,C[C@@H](O)[C@H]1C(=O)N2C(C(=O)O)=C(SCCNC=N)C[C@H]12,CHEMBL1131794,Bioorg Med Chem Lett,1999.0,CHEMBL148,IMIPENEM,CHEMBL148,0,http://www.openphacts.org/units/MicrogramPerMilliliter,105537,=,1,1,=,MIC,ug.mL-1,0.25,CHEMBL354,Escherichia coli,Escherichia coli,562.0,,MIC,ug ml-1,UO_0000274,0.25,CHEMBL148,C[C@@H](O)[C@H]1C(=O)N2C(C(=O)O)=C(SCCNC=N)C[C@H]12,11.938415027282725,11.938415027282725,0.0525491307634167,-1.1042536428151506,0.2244518620524577,26.1,299.35200000000003,282.216,299.093977024,110,0,0.3529509073866828,-0.476539273562781,0.476539273562781,0.3529509073866828,1.7,2.4,2.95,32.166556857764256,9.833875079461713,2.561482694646401,-2.4403845350686675,2.463138387068772,-2.6135386201861994,8.02677725587747,-0.160639580206206,2.6858592189475927,2.087764500996557,477.3228932913104,14.861442840636297,10.997107078209613,11.813603659137335,9.485269665192932,6.31366315432601,7.299261713979498,4.769957713644343,5.959680418529764,3.5153745522316604,4.632100387425021,2.6650822818980893,3.7423837922770335,-1.5399999999999998,26780.702272126447,14.860537006894264,5.840285926074446,2.4032394981196226,120.08201752987053,20.42975312453822,5.697039313055833,0.0,5.907179729351506,0.0,5.969305287951849,10.203820789863345,4.794537184071822,0.0,11.761884949391115,0.0,6.923737199690624,23.62356814947542,24.402248625579546,19.802129157825057,29.97690532921636,5.409283605791522,10.216698334856808,5.917906046161393,25.490366039512896,12.297610012659364,10.60217582694588,0.0,0.0,5.316788604006331,0.0,0.0,11.761884949391115,57.77140212991274,9.589074368143644,11.327189651952915,13.344558822616634,10.60217582694588,0.0,0.0,0.0,113.72,17.991177721861547,19.802129157825057,0.0,17.6460598715553,23.62356814947542,6.338535362521884,16.66179468024159,6.923737199690624,0.0,5.316788604006331,5.409283605791522,0.0,1.381147959183673,25.241550971475213,28.424071683604065,0.0525491307634167,-1.291253044427648,-0.2298177542621988,0.8081633269061113,2.1135877267573697,0.0,0.5833333333333334,20,4,7,0,2,2,0,0,0,5,4,8,7,0,1,1,2,-0.1760299999999992,74.32800000000002,1,1,1,0,0,0,0,0,1,1,2,1,0,0,0,1,2,0,0,0,0,0,0,0,0,0,0,1,0,0,0,0,0,0,0,0,1,0,0,0,0,0,0,0,0,0,0,0,0,0,0,0,0,1,0,0,0,0,0,0,0,0,0,0,0,0,0,0,0,0,0,0,0,0,0,1,0,0,0,0,0,0,0,0,0,562.0,Escherichia coli,Bacteria
116695,,64688,CHEMBL676364,In vitro synergistic activity against Escherichia coli GC 6266 clinical isolate,F,BAO_0002146,BAO_0000218,organism-based format,C[C@@H](O)[C@H]1C(=O)N2C(C(=O)O)=C(SCCNC=N)C[C@H]12,CHEMBL1131794,Bioorg Med Chem Lett,1999.0,CHEMBL148,IMIPENEM,CHEMBL148,0,http://www.openphacts.org/units/MicrogramPerMilliliter,105537,=,1,1,=,MIC,ug.mL-1,0.25,CHEMBL354,Escherichia coli,Escherichia coli,562.0,,MIC,ug ml-1,UO_0000274,0.25,CHEMBL148,C[C@@H](O)[C@H]1C(=O)N2C(C(=O)O)=C(SCCNC=N)C[C@H]12,11.938415027282725,11.938415027282725,0.0525491307634167,-1.1042536428151506,0.2244518620524577,26.1,299.35200000000003,282.216,299.093977024,110,0,0.3529509073866828,-0.476539273562781,0.476539273562781,0.3529509073866828,1.7,2.4,2.95,32.166556857764256,9.833875079461713,2.561482694646401,-2.4403845350686675,2.463138387068772,-2.6135386201861994,8.02677725587747,-0.160639580206206,2.6858592189475927,2.087764500996557,477.3228932913104,14.861442840636297,10.997107078209613,11.813603659137335,9.485269665192932,6.31366315432601,7.299261713979498,4.769957713644343,5.959680418529764,3.5153745522316604,4.632100387425021,2.6650822818980893,3.7423837922770335,-1.5399999999999998,26780.702272126447,14.860537006894264,5.840285926074446,2.4032394981196226,120.08201752987053,20.42975312453822,5.697039313055833,0.0,5.907179729351506,0.0,5.969305287951849,10.203820789863345,4.794537184071822,0.0,11.761884949391115,0.0,6.923737199690624,23.62356814947542,24.402248625579546,19.802129157825057,29.97690532921636,5.409283605791522,10.216698334856808,5.917906046161393,25.490366039512896,12.297610012659364,10.60217582694588,0.0,0.0,5.316788604006331,0.0,0.0,11.761884949391115,57.77140212991274,9.589074368143644,11.327189651952915,13.344558822616634,10.60217582694588,0.0,0.0,0.0,113.72,17.991177721861547,19.802129157825057,0.0,17.6460598715553,23.62356814947542,6.338535362521884,16.66179468024159,6.923737199690624,0.0,5.316788604006331,5.409283605791522,0.0,1.381147959183673,25.241550971475213,28.424071683604065,0.0525491307634167,-1.291253044427648,-0.2298177542621988,0.8081633269061113,2.1135877267573697,0.0,0.5833333333333334,20,4,7,0,2,2,0,0,0,5,4,8,7,0,1,1,2,-0.1760299999999992,74.32800000000002,1,1,1,0,0,0,0,0,1,1,2,1,0,0,0,1,2,0,0,0,0,0,0,0,0,0,0,1,0,0,0,0,0,0,0,0,1,0,0,0,0,0,0,0,0,0,0,0,0,0,0,0,0,1,0,0,0,0,0,0,0,0,0,0,0,0,0,0,0,0,0,0,0,0,0,1,0,0,0,0,0,0,0,0,0,562.0,Escherichia coli,Bacteria
116696,,64689,CHEMBL859393,In vitro synergistic activity against Escherichia coli GC6267 clinical isolate,F,BAO_0002146,BAO_0000218,organism-based format,C[C@@H](O)[C@H]1C(=O)N2C(C(=O)O)=C(SCCNC=N)C[C@H]12,CHEMBL1131794,Bioorg Med Chem Lett,1999.0,CHEMBL148,IMIPENEM,CHEMBL148,0,http://www.openphacts.org/units/MicrogramPerMilliliter,105537,=,1,1,=,MIC,ug.mL-1,0.12,CHEMBL354,Escherichia coli,Escherichia coli,562.0,,MIC,ug ml-1,UO_0000274,0.12,CHEMBL148,C[C@@H](O)[C@H]1C(=O)N2C(C(=O)O)=C(SCCNC=N)C[C@H]12,11.938415027282725,11.938415027282725,0.0525491307634167,-1.1042536428151506,0.2244518620524577,26.1,299.35200000000003,282.216,299.093977024,110,0,0.3529509073866828,-0.476539273562781,0.476539273562781,0.3529509073866828,1.7,2.4,2.95,32.166556857764256,9.833875079461713,2.561482694646401,-2.4403845350686675,2.463138387068772,-2.6135386201861994,8.02677725587747,-0.160639580206206,2.6858592189475927,2.087764500996557,477.3228932913104,14.861442840636297,10.997107078209613,11.813603659137335,9.485269665192932,6.31366315432601,7.299261713979498,4.769957713644343,5.959680418529764,3.5153745522316604,4.632100387425021,2.6650822818980893,3.7423837922770335,-1.5399999999999998,26780.702272126447,14.860537006894264,5.840285926074446,2.4032394981196226,120.08201752987053,20.42975312453822,5.697039313055833,0.0,5.907179729351506,0.0,5.969305287951849,10.203820789863345,4.794537184071822,0.0,11.761884949391115,0.0,6.923737199690624,23.62356814947542,24.402248625579546,19.802129157825057,29.97690532921636,5.409283605791522,10.216698334856808,5.917906046161393,25.490366039512896,12.297610012659364,10.60217582694588,0.0,0.0,5.316788604006331,0.0,0.0,11.761884949391115,57.77140212991274,9.589074368143644,11.327189651952915,13.344558822616634,10.60217582694588,0.0,0.0,0.0,113.72,17.991177721861547,19.802129157825057,0.0,17.6460598715553,23.62356814947542,6.338535362521884,16.66179468024159,6.923737199690624,0.0,5.316788604006331,5.409283605791522,0.0,1.381147959183673,25.241550971475213,28.424071683604065,0.0525491307634167,-1.291253044427648,-0.2298177542621988,0.8081633269061113,2.1135877267573697,0.0,0.5833333333333334,20,4,7,0,2,2,0,0,0,5,4,8,7,0,1,1,2,-0.1760299999999992,74.32800000000002,1,1,1,0,0,0,0,0,1,1,2,1,0,0,0,1,2,0,0,0,0,0,0,0,0,0,0,1,0,0,0,0,0,0,0,0,1,0,0,0,0,0,0,0,0,0,0,0,0,0,0,0,0,1,0,0,0,0,0,0,0,0,0,0,0,0,0,0,0,0,0,0,0,0,0,1,0,0,0,0,0,0,0,0,0,562.0,Escherichia coli,Bacteria
116696,,64689,CHEMBL859393,In vitro synergistic activity against Escherichia coli GC6267 clinical isolate,F,BAO_0002146,BAO_0000218,organism-based format,C[C@@H](O)[C@H]1C(=O)N2C(C(=O)O)=C(SCCNC=N)C[C@H]12,CHEMBL1131794,Bioorg Med Chem Lett,1999.0,CHEMBL148,IMIPENEM,CHEMBL148,0,http://www.openphacts.org/units/MicrogramPerMilliliter,105537,=,1,1,=,MIC,ug.mL-1,0.12,CHEMBL354,Escherichia coli,Escherichia coli,562.0,,MIC,ug ml-1,UO_0000274,0.12,CHEMBL148,C[C@@H](O)[C@H]1C(=O)N2C(C(=O)O)=C(SCCNC=N)C[C@H]12,11.938415027282725,11.938415027282725,0.0525491307634167,-1.1042536428151506,0.2244518620524577,26.1,299.35200000000003,282.216,299.093977024,110,0,0.3529509073866828,-0.476539273562781,0.476539273562781,0.3529509073866828,1.7,2.4,2.95,32.166556857764256,9.833875079461713,2.561482694646401,-2.4403845350686675,2.463138387068772,-2.6135386201861994,8.02677725587747,-0.160639580206206,2.6858592189475927,2.087764500996557,477.3228932913104,14.861442840636297,10.997107078209613,11.813603659137335,9.485269665192932,6.31366315432601,7.299261713979498,4.769957713644343,5.959680418529764,3.5153745522316604,4.632100387425021,2.6650822818980893,3.7423837922770335,-1.5399999999999998,26780.702272126447,14.860537006894264,5.840285926074446,2.4032394981196226,120.08201752987053,20.42975312453822,5.697039313055833,0.0,5.907179729351506,0.0,5.969305287951849,10.203820789863345,4.794537184071822,0.0,11.761884949391115,0.0,6.923737199690624,23.62356814947542,24.402248625579546,19.802129157825057,29.97690532921636,5.409283605791522,10.216698334856808,5.917906046161393,25.490366039512896,12.297610012659364,10.60217582694588,0.0,0.0,5.316788604006331,0.0,0.0,11.761884949391115,57.77140212991274,9.589074368143644,11.327189651952915,13.344558822616634,10.60217582694588,0.0,0.0,0.0,113.72,17.991177721861547,19.802129157825057,0.0,17.6460598715553,23.62356814947542,6.338535362521884,16.66179468024159,6.923737199690624,0.0,5.316788604006331,5.409283605791522,0.0,1.381147959183673,25.241550971475213,28.424071683604065,0.0525491307634167,-1.291253044427648,-0.2298177542621988,0.8081633269061113,2.1135877267573697,0.0,0.5833333333333334,20,4,7,0,2,2,0,0,0,5,4,8,7,0,1,1,2,-0.1760299999999992,74.32800000000002,1,1,1,0,0,0,0,0,1,1,2,1,0,0,0,1,2,0,0,0,0,0,0,0,0,0,0,1,0,0,0,0,0,0,0,0,1,0,0,0,0,0,0,0,0,0,0,0,0,0,0,0,0,1,0,0,0,0,0,0,0,0,0,0,0,0,0,0,0,0,0,0,0,0,0,1,0,0,0,0,0,0,0,0,0,562.0,Escherichia coli,Bacteria
116696,,64689,CHEMBL859393,In vitro synergistic activity against Escherichia coli GC6267 clinical isolate,F,BAO_0002146,BAO_0000218,organism-based format,C[C@@H](O)[C@H]1C(=O)N2C(C(=O)O)=C(SCCNC=N)C[C@H]12,CHEMBL1131794,Bioorg Med Chem Lett,1999.0,CHEMBL148,IMIPENEM,CHEMBL148,0,http://www.openphacts.org/units/MicrogramPerMilliliter,105537,=,1,1,=,MIC,ug.mL-1,0.12,CHEMBL354,Escherichia coli,Escherichia coli,562.0,,MIC,ug ml-1,UO_0000274,0.12,CHEMBL148,C[C@@H](O)[C@H]1C(=O)N2C(C(=O)O)=C(SCCNC=N)C[C@H]12,11.938415027282725,11.938415027282725,0.0525491307634167,-1.1042536428151506,0.2244518620524577,26.1,299.35200000000003,282.216,299.093977024,110,0,0.3529509073866828,-0.476539273562781,0.476539273562781,0.3529509073866828,1.7,2.4,2.95,32.166556857764256,9.833875079461713,2.561482694646401,-2.4403845350686675,2.463138387068772,-2.6135386201861994,8.02677725587747,-0.160639580206206,2.6858592189475927,2.087764500996557,477.3228932913104,14.861442840636297,10.997107078209613,11.813603659137335,9.485269665192932,6.31366315432601,7.299261713979498,4.769957713644343,5.959680418529764,3.5153745522316604,4.632100387425021,2.6650822818980893,3.7423837922770335,-1.5399999999999998,26780.702272126447,14.860537006894264,5.840285926074446,2.4032394981196226,120.08201752987053,20.42975312453822,5.697039313055833,0.0,5.907179729351506,0.0,5.969305287951849,10.203820789863345,4.794537184071822,0.0,11.761884949391115,0.0,6.923737199690624,23.62356814947542,24.402248625579546,19.802129157825057,29.97690532921636,5.409283605791522,10.216698334856808,5.917906046161393,25.490366039512896,12.297610012659364,10.60217582694588,0.0,0.0,5.316788604006331,0.0,0.0,11.761884949391115,57.77140212991274,9.589074368143644,11.327189651952915,13.344558822616634,10.60217582694588,0.0,0.0,0.0,113.72,17.991177721861547,19.802129157825057,0.0,17.6460598715553,23.62356814947542,6.338535362521884,16.66179468024159,6.923737199690624,0.0,5.316788604006331,5.409283605791522,0.0,1.381147959183673,25.241550971475213,28.424071683604065,0.0525491307634167,-1.291253044427648,-0.2298177542621988,0.8081633269061113,2.1135877267573697,0.0,0.5833333333333334,20,4,7,0,2,2,0,0,0,5,4,8,7,0,1,1,2,-0.1760299999999992,74.32800000000002,1,1,1,0,0,0,0,0,1,1,2,1,0,0,0,1,2,0,0,0,0,0,0,0,0,0,0,1,0,0,0,0,0,0,0,0,1,0,0,0,0,0,0,0,0,0,0,0,0,0,0,0,0,1,0,0,0,0,0,0,0,0,0,0,0,0,0,0,0,0,0,0,0,0,0,1,0,0,0,0,0,0,0,0,0,562.0,Escherichia coli,Bacteria
116696,,64689,CHEMBL859393,In vitro synergistic activity against Escherichia coli GC6267 clinical isolate,F,BAO_0002146,BAO_0000218,organism-based format,C[C@@H](O)[C@H]1C(=O)N2C(C(=O)O)=C(SCCNC=N)C[C@H]12,CHEMBL1131794,Bioorg Med Chem Lett,1999.0,CHEMBL148,IMIPENEM,CHEMBL148,0,http://www.openphacts.org/units/MicrogramPerMilliliter,105537,=,1,1,=,MIC,ug.mL-1,0.12,CHEMBL354,Escherichia coli,Escherichia coli,562.0,,MIC,ug ml-1,UO_0000274,0.12,CHEMBL148,C[C@@H](O)[C@H]1C(=O)N2C(C(=O)O)=C(SCCNC=N)C[C@H]12,11.938415027282725,11.938415027282725,0.0525491307634167,-1.1042536428151506,0.2244518620524577,26.1,299.35200000000003,282.216,299.093977024,110,0,0.3529509073866828,-0.476539273562781,0.476539273562781,0.3529509073866828,1.7,2.4,2.95,32.166556857764256,9.833875079461713,2.561482694646401,-2.4403845350686675,2.463138387068772,-2.6135386201861994,8.02677725587747,-0.160639580206206,2.6858592189475927,2.087764500996557,477.3228932913104,14.861442840636297,10.997107078209613,11.813603659137335,9.485269665192932,6.31366315432601,7.299261713979498,4.769957713644343,5.959680418529764,3.5153745522316604,4.632100387425021,2.6650822818980893,3.7423837922770335,-1.5399999999999998,26780.702272126447,14.860537006894264,5.840285926074446,2.4032394981196226,120.08201752987053,20.42975312453822,5.697039313055833,0.0,5.907179729351506,0.0,5.969305287951849,10.203820789863345,4.794537184071822,0.0,11.761884949391115,0.0,6.923737199690624,23.62356814947542,24.402248625579546,19.802129157825057,29.97690532921636,5.409283605791522,10.216698334856808,5.917906046161393,25.490366039512896,12.297610012659364,10.60217582694588,0.0,0.0,5.316788604006331,0.0,0.0,11.761884949391115,57.77140212991274,9.589074368143644,11.327189651952915,13.344558822616634,10.60217582694588,0.0,0.0,0.0,113.72,17.991177721861547,19.802129157825057,0.0,17.6460598715553,23.62356814947542,6.338535362521884,16.66179468024159,6.923737199690624,0.0,5.316788604006331,5.409283605791522,0.0,1.381147959183673,25.241550971475213,28.424071683604065,0.0525491307634167,-1.291253044427648,-0.2298177542621988,0.8081633269061113,2.1135877267573697,0.0,0.5833333333333334,20,4,7,0,2,2,0,0,0,5,4,8,7,0,1,1,2,-0.1760299999999992,74.32800000000002,1,1,1,0,0,0,0,0,1,1,2,1,0,0,0,1,2,0,0,0,0,0,0,0,0,0,0,1,0,0,0,0,0,0,0,0,1,0,0,0,0,0,0,0,0,0,0,0,0,0,0,0,0,1,0,0,0,0,0,0,0,0,0,0,0,0,0,0,0,0,0,0,0,0,0,1,0,0,0,0,0,0,0,0,0,562.0,Escherichia coli,Bacteria
